Linux 3.14.33-regular (node220-2) 	01/02/2017 	_x86_64_	(8 CPU)

03:37:47 PM     CPU     %user     %nice   %system   %iowait    %steal     %idle
03:37:48 PM       1      1.98      0.00     98.02      0.00      0.00      0.00
03:37:49 PM       1      2.00      0.00     98.00      0.00      0.00      0.00
03:37:50 PM       1      2.00      0.00     98.00      0.00      0.00      0.00
03:37:51 PM       1      2.02      0.00     97.98      0.00      0.00      0.00
03:37:52 PM       1      1.00      0.00     99.00      0.00      0.00      0.00
03:37:53 PM       1      1.00      0.00     99.00      0.00      0.00      0.00
03:37:54 PM       1      0.99      0.00     99.01      0.00      0.00      0.00
03:37:55 PM       1      1.01      0.00     98.99      0.00      0.00      0.00
03:37:56 PM       1      1.00      0.00     99.00      0.00      0.00      0.00
03:37:57 PM       1      3.00      0.00     97.00      0.00      0.00      0.00
03:37:58 PM       1      0.00      0.00    100.00      0.00      0.00      0.00
03:37:59 PM       1      1.98      0.00     98.02      0.00      0.00      0.00
03:38:00 PM       1      2.02      0.00     97.98      0.00      0.00      0.00
03:38:01 PM       1      1.98      0.00     98.02      0.00      0.00      0.00
03:38:02 PM       1      1.01      0.00     98.99      0.00      0.00      0.00
03:38:03 PM       1      2.97      0.00     97.03      0.00      0.00      0.00
03:38:04 PM       1      2.00      0.00     98.00      0.00      0.00      0.00
03:38:05 PM       1      1.01      0.00     98.99      0.00      0.00      0.00
03:38:06 PM       1      3.00      0.00     97.00      0.00      0.00      0.00
03:38:07 PM       1      1.98      0.00     98.02      0.00      0.00      0.00
Average:          1      1.70      0.00     98.30      0.00      0.00      0.00
