Linux 3.14.33-regular (node220-2) 	01/02/2017 	_x86_64_	(8 CPU)

03:45:32 PM     CPU     %user     %nice   %system   %iowait    %steal     %idle
03:45:33 PM       1      1.00      0.00     99.00      0.00      0.00      0.00
03:45:34 PM       1      2.00      0.00     98.00      0.00      0.00      0.00
03:45:35 PM       1      3.00      0.00     97.00      0.00      0.00      0.00
03:45:36 PM       1      1.00      0.00     99.00      0.00      0.00      0.00
03:45:37 PM       1      1.00      0.00     99.00      0.00      0.00      0.00
03:45:38 PM       1      2.00      0.00     98.00      0.00      0.00      0.00
03:45:39 PM       1      1.00      0.00     99.00      0.00      0.00      0.00
03:45:40 PM       1      2.00      0.00     98.00      0.00      0.00      0.00
03:45:41 PM       1      2.00      0.00     98.00      0.00      0.00      0.00
03:45:42 PM       1      2.00      0.00     98.00      0.00      0.00      0.00
03:45:43 PM       1      1.01      0.00     98.99      0.00      0.00      0.00
03:45:44 PM       1      1.00      0.00     99.00      0.00      0.00      0.00
03:45:45 PM       1      1.98      0.00     98.02      0.00      0.00      0.00
03:45:46 PM       1      1.00      0.00     99.00      0.00      0.00      0.00
03:45:47 PM       1      2.00      0.00     98.00      0.00      0.00      0.00
03:45:48 PM       1      1.00      0.00     99.00      0.00      0.00      0.00
03:45:49 PM       1      0.00      0.00    100.00      0.00      0.00      0.00
03:45:50 PM       1      1.00      0.00     99.00      0.00      0.00      0.00
03:45:51 PM       1      2.00      0.00     98.00      0.00      0.00      0.00
03:45:52 PM       1      1.00      0.00     99.00      0.00      0.00      0.00
Average:          1      1.45      0.00     98.55      0.00      0.00      0.00
