Linux 3.14.33-regular (node220-2) 	01/02/2017 	_x86_64_	(8 CPU)

03:16:43 PM     CPU     %user     %nice   %system   %iowait    %steal     %idle
03:16:44 PM       1      0.99      0.00     99.01      0.00      0.00      0.00
03:16:45 PM       1      2.02      0.00     97.98      0.00      0.00      0.00
03:16:46 PM       1      2.00      0.00     98.00      0.00      0.00      0.00
03:16:47 PM       1      1.98      0.00     98.02      0.00      0.00      0.00
03:16:48 PM       1      1.00      0.00     99.00      0.00      0.00      0.00
03:16:49 PM       1      0.00      0.00    100.00      0.00      0.00      0.00
03:16:50 PM       1      0.99      0.00     99.01      0.00      0.00      0.00
03:16:51 PM       1      2.02      0.00     97.98      0.00      0.00      0.00
03:16:52 PM       1      3.00      0.00     97.00      0.00      0.00      0.00
03:16:53 PM       1      1.00      0.00     99.00      0.00      0.00      0.00
03:16:54 PM       1      2.97      0.00     97.03      0.00      0.00      0.00
03:16:55 PM       1      1.01      0.00     98.99      0.00      0.00      0.00
03:16:56 PM       1      0.00      0.00    100.00      0.00      0.00      0.00
03:16:57 PM       1      4.00      0.00     96.00      0.00      0.00      0.00
03:16:58 PM       1      1.98      0.00     98.02      0.00      0.00      0.00
03:16:59 PM       1      1.00      0.00     99.00      0.00      0.00      0.00
03:17:00 PM       1      1.00      0.00     99.00      0.00      0.00      0.00
03:17:01 PM       1      3.03      0.00     96.97      0.00      0.00      0.00
03:17:02 PM       1      4.00      0.00     96.00      0.00      0.00      0.00
03:17:03 PM       1      1.00      0.00     99.00      0.00      0.00      0.00
Average:          1      1.75      0.00     98.25      0.00      0.00      0.00
