Linux 3.14.33-regular (node220-2) 	01/02/2017 	_x86_64_	(8 CPU)

03:23:46 PM     CPU     %user     %nice   %system   %iowait    %steal     %idle
03:23:47 PM       1      1.98      0.00     98.02      0.00      0.00      0.00
03:23:48 PM       1      2.02      0.00     97.98      0.00      0.00      0.00
03:23:49 PM       1      2.00      0.00     98.00      0.00      0.00      0.00
03:23:50 PM       1      3.96      0.00     96.04      0.00      0.00      0.00
03:23:51 PM       1      1.00      0.00     99.00      0.00      0.00      0.00
03:23:52 PM       1      2.00      0.00     98.00      0.00      0.00      0.00
03:23:53 PM       1      1.00      0.00     99.00      0.00      0.00      0.00
03:23:54 PM       1      0.00      0.00    100.00      0.00      0.00      0.00
03:23:55 PM       1      3.00      0.00     97.00      0.00      0.00      0.00
03:23:56 PM       1      0.99      0.00     99.01      0.00      0.00      0.00
03:23:57 PM       1      1.01      0.00     98.99      0.00      0.00      0.00
03:23:58 PM       1      0.99      0.00     99.01      0.00      0.00      0.00
03:23:59 PM       1      0.00      0.00    100.00      0.00      0.00      0.00
03:24:00 PM       1      1.00      0.00     99.00      0.00      0.00      0.00
03:24:01 PM       1      2.02      0.00     97.98      0.00      0.00      0.00
03:24:02 PM       1      1.98      0.00     98.02      0.00      0.00      0.00
03:24:03 PM       1      2.02      0.00     97.98      0.00      0.00      0.00
03:24:04 PM       1      1.00      0.00     99.00      0.00      0.00      0.00
03:24:05 PM       1      1.96      0.00     98.04      0.00      0.00      0.00
03:24:06 PM       1      0.00      0.00    100.00      0.00      0.00      0.00
Average:          1      1.50      0.00     98.50      0.00      0.00      0.00
