Linux 3.14.33-regular (node220-2) 	01/02/2017 	_x86_64_	(8 CPU)

03:49:58 PM     CPU     %user     %nice   %system   %iowait    %steal     %idle
03:49:59 PM       1      1.00      0.00     99.00      0.00      0.00      0.00
03:50:00 PM       1      2.00      0.00     98.00      0.00      0.00      0.00
03:50:01 PM       1      1.00      0.00     99.00      0.00      0.00      0.00
03:50:02 PM       1      2.02      0.00     97.98      0.00      0.00      0.00
03:50:03 PM       1      2.97      0.00     97.03      0.00      0.00      0.00
03:50:04 PM       1      1.00      0.00     99.00      0.00      0.00      0.00
03:50:05 PM       1      1.00      0.00     99.00      0.00      0.00      0.00
03:50:06 PM       1      3.03      0.00     96.97      0.00      0.00      0.00
03:50:07 PM       1      2.97      0.00     97.03      0.00      0.00      0.00
03:50:08 PM       1      0.00      0.00    100.00      0.00      0.00      0.00
03:50:09 PM       1      3.03      0.00     96.97      0.00      0.00      0.00
03:50:10 PM       1      2.97      0.00     97.03      0.00      0.00      0.00
03:50:11 PM       1      0.00      0.00    100.00      0.00      0.00      0.00
03:50:12 PM       1      2.00      0.00     98.00      0.00      0.00      0.00
03:50:13 PM       1      1.00      0.00     99.00      0.00      0.00      0.00
03:50:14 PM       1      0.00      0.00    100.00      0.00      0.00      0.00
03:50:15 PM       1      2.97      0.00     97.03      0.00      0.00      0.00
03:50:16 PM       1      2.00      0.00     98.00      0.00      0.00      0.00
03:50:17 PM       1      1.01      0.00     98.99      0.00      0.00      0.00
03:50:18 PM       1      1.00      0.00     99.00      0.00      0.00      0.00
Average:          1      1.65      0.00     98.35      0.00      0.00      0.00
