Linux 3.14.33-regular (node220-2) 	01/02/2017 	_x86_64_	(8 CPU)

03:11:40 PM     CPU     %user     %nice   %system   %iowait    %steal     %idle
03:11:41 PM       1      0.00      0.00    100.00      0.00      0.00      0.00
03:11:42 PM       1      1.00      0.00     99.00      0.00      0.00      0.00
03:11:43 PM       1      1.01      0.00     98.99      0.00      0.00      0.00
03:11:44 PM       1      1.98      0.00     98.02      0.00      0.00      0.00
03:11:45 PM       1      2.00      0.00     98.00      0.00      0.00      0.00
03:11:46 PM       1      2.00      0.00     98.00      0.00      0.00      0.00
03:11:47 PM       1      0.00      0.00    100.00      0.00      0.00      0.00
03:11:48 PM       1      1.96      0.00     98.04      0.00      0.00      0.00
03:11:49 PM       1      2.02      0.00     97.98      0.00      0.00      0.00
03:11:50 PM       1      2.00      0.00     98.00      0.00      0.00      0.00
03:11:51 PM       1      1.00      0.00     99.00      0.00      0.00      0.00
03:11:52 PM       1      1.00      0.00     99.00      0.00      0.00      0.00
03:11:53 PM       1      2.00      0.00     98.00      0.00      0.00      0.00
03:11:54 PM       1      1.00      0.00     99.00      0.00      0.00      0.00
03:11:55 PM       1      1.98      0.00     98.02      0.00      0.00      0.00
03:11:56 PM       1      3.00      0.00     97.00      0.00      0.00      0.00
03:11:57 PM       1      1.01      0.00     98.99      0.00      0.00      0.00
03:11:58 PM       1      1.00      0.00     99.00      0.00      0.00      0.00
03:11:59 PM       1      3.00      0.00     97.00      0.00      0.00      0.00
03:12:00 PM       1      1.01      0.00     98.99      0.00      0.00      0.00
Average:          1      1.50      0.00     98.50      0.00      0.00      0.00
