Linux 3.14.33-regular (node220-2) 	01/02/2017 	_x86_64_	(8 CPU)

03:10:20 PM     CPU     %user     %nice   %system   %iowait    %steal     %idle
03:10:21 PM       1      1.00      0.00     99.00      0.00      0.00      0.00
03:10:22 PM       1      1.00      0.00     99.00      0.00      0.00      0.00
03:10:23 PM       1      1.98      0.00     98.02      0.00      0.00      0.00
03:10:24 PM       1      0.00      0.00    100.00      0.00      0.00      0.00
03:10:25 PM       1      1.98      0.00     98.02      0.00      0.00      0.00
03:10:26 PM       1      1.01      0.00     98.99      0.00      0.00      0.00
03:10:27 PM       1      1.00      0.00     99.00      0.00      0.00      0.00
03:10:28 PM       1      1.98      0.00     98.02      0.00      0.00      0.00
03:10:29 PM       1      2.00      0.00     98.00      0.00      0.00      0.00
03:10:30 PM       1      1.00      0.00     99.00      0.00      0.00      0.00
03:10:31 PM       1      2.02      0.00     97.98      0.00      0.00      0.00
03:10:32 PM       1      3.96      0.00     96.04      0.00      0.00      0.00
03:10:33 PM       1      1.00      0.00     99.00      0.00      0.00      0.00
03:10:34 PM       1      2.00      0.00     98.00      0.00      0.00      0.00
03:10:35 PM       1      2.02      0.00     97.98      0.00      0.00      0.00
03:10:36 PM       1      1.98      0.00     98.02      0.00      0.00      0.00
03:10:37 PM       1      3.00      0.00     97.00      0.00      0.00      0.00
03:10:38 PM       1      1.00      0.00     99.00      0.00      0.00      0.00
03:10:39 PM       1      4.00      0.00     96.00      0.00      0.00      0.00
03:10:40 PM       1      1.01      0.00     98.99      0.00      0.00      0.00
Average:          1      1.75      0.00     98.25      0.00      0.00      0.00
