Linux 3.14.33-regular (node220-2) 	01/02/2017 	_x86_64_	(8 CPU)

03:32:03 PM     CPU     %user     %nice   %system   %iowait    %steal     %idle
03:32:04 PM       1      2.00      0.00     98.00      0.00      0.00      0.00
03:32:05 PM       1      3.00      0.00     97.00      0.00      0.00      0.00
03:32:06 PM       1      2.00      0.00     98.00      0.00      0.00      0.00
03:32:07 PM       1      1.01      0.00     98.99      0.00      0.00      0.00
03:32:08 PM       1      1.00      0.00     99.00      0.00      0.00      0.00
03:32:09 PM       1      3.96      0.00     96.04      0.00      0.00      0.00
03:32:10 PM       1      1.01      0.00     98.99      0.00      0.00      0.00
03:32:11 PM       1      1.00      0.00     99.00      0.00      0.00      0.00
03:32:12 PM       1      2.00      0.00     98.00      0.00      0.00      0.00
03:32:13 PM       1      1.00      0.00     99.00      0.00      0.00      0.00
03:32:14 PM       1      0.99      0.00     99.01      0.00      0.00      0.00
03:32:15 PM       1      2.00      0.00     98.00      0.00      0.00      0.00
03:32:16 PM       1      2.02      0.00     97.98      0.00      0.00      0.00
03:32:17 PM       1      1.98      0.00     98.02      0.00      0.00      0.00
03:32:18 PM       1      1.01      0.00     98.99      0.00      0.00      0.00
03:32:19 PM       1      2.00      0.00     98.00      0.00      0.00      0.00
03:32:20 PM       1      1.98      0.00     98.02      0.00      0.00      0.00
03:32:21 PM       1      2.00      0.00     98.00      0.00      0.00      0.00
03:32:22 PM       1      1.00      0.00     99.00      0.00      0.00      0.00
03:32:23 PM       1      1.00      0.00     99.00      0.00      0.00      0.00
Average:          1      1.70      0.00     98.30      0.00      0.00      0.00
