Linux 3.14.33-regular (node220-2) 	01/02/2017 	_x86_64_	(8 CPU)

03:02:38 PM     CPU     %user     %nice   %system   %iowait    %steal     %idle
03:02:39 PM       1      1.00      0.00     99.00      0.00      0.00      0.00
03:02:40 PM       1      2.00      0.00     98.00      0.00      0.00      0.00
03:02:41 PM       1      2.00      0.00     98.00      0.00      0.00      0.00
03:02:42 PM       1      1.00      0.00     99.00      0.00      0.00      0.00
03:02:43 PM       1      1.01      0.00     98.99      0.00      0.00      0.00
03:02:44 PM       1      1.98      0.00     98.02      0.00      0.00      0.00
03:02:45 PM       1      0.00      0.00    100.00      0.00      0.00      0.00
03:02:46 PM       1      1.00      0.00     99.00      0.00      0.00      0.00
03:02:47 PM       1      1.00      0.00     99.00      0.00      0.00      0.00
03:02:48 PM       1      2.00      0.00     98.00      0.00      0.00      0.00
03:02:49 PM       1      3.00      0.00     97.00      0.00      0.00      0.00
03:02:50 PM       1      2.00      0.00     98.00      0.00      0.00      0.00
03:02:51 PM       1      1.00      0.00     99.00      0.00      0.00      0.00
03:02:52 PM       1      2.02      0.00     97.98      0.00      0.00      0.00
03:02:53 PM       1      1.98      0.00     98.02      0.00      0.00      0.00
03:02:54 PM       1      1.01      0.00     98.99      0.00      0.00      0.00
03:02:55 PM       1      2.97      0.00     97.03      0.00      0.00      0.00
03:02:56 PM       1      2.02      0.00     97.98      0.00      0.00      0.00
03:02:57 PM       1      1.98      0.00     98.02      0.00      0.00      0.00
03:02:58 PM       1      2.00      0.00     98.00      0.00      0.00      0.00
Average:          1      1.65      0.00     98.35      0.00      0.00      0.00
