Linux 3.14.33-regular (node220-2) 	01/08/2017 	_x86_64_	(8 CPU)

12:10:15 AM     CPU     %user     %nice   %system   %iowait    %steal     %idle
12:10:25 AM       1    100.00      0.00      0.00      0.00      0.00      0.00
12:10:35 AM       1    100.00      0.00      0.00      0.00      0.00      0.00
12:10:45 AM       1    100.00      0.00      0.00      0.00      0.00      0.00
12:10:55 AM       1    100.00      0.00      0.00      0.00      0.00      0.00
12:11:05 AM       1    100.00      0.00      0.00      0.00      0.00      0.00
12:11:15 AM       1    100.00      0.00      0.00      0.00      0.00      0.00
12:11:25 AM       1    100.00      0.00      0.00      0.00      0.00      0.00
12:11:35 AM       1    100.00      0.00      0.00      0.00      0.00      0.00
12:11:45 AM       1    100.00      0.00      0.00      0.00      0.00      0.00
12:11:55 AM       1    100.00      0.00      0.00      0.00      0.00      0.00
12:12:05 AM       1    100.00      0.00      0.00      0.00      0.00      0.00
12:12:15 AM       1    100.00      0.00      0.00      0.00      0.00      0.00
12:12:25 AM       1    100.00      0.00      0.00      0.00      0.00      0.00
12:12:35 AM       1    100.00      0.00      0.00      0.00      0.00      0.00
12:12:45 AM       1    100.00      0.00      0.00      0.00      0.00      0.00
12:12:55 AM       1    100.00      0.00      0.00      0.00      0.00      0.00
12:13:05 AM       1    100.00      0.00      0.00      0.00      0.00      0.00
12:13:15 AM       1    100.00      0.00      0.00      0.00      0.00      0.00
12:13:25 AM       1    100.00      0.00      0.00      0.00      0.00      0.00
12:13:35 AM       1    100.00      0.00      0.00      0.00      0.00      0.00
12:13:45 AM       1    100.00      0.00      0.00      0.00      0.00      0.00
12:13:55 AM       1    100.00      0.00      0.00      0.00      0.00      0.00
12:14:05 AM       1    100.00      0.00      0.00      0.00      0.00      0.00
12:14:15 AM       1    100.00      0.00      0.00      0.00      0.00      0.00
12:14:25 AM       1    100.00      0.00      0.00      0.00      0.00      0.00
12:14:35 AM       1    100.00      0.00      0.00      0.00      0.00      0.00
12:14:45 AM       1    100.00      0.00      0.00      0.00      0.00      0.00
12:14:55 AM       1    100.00      0.00      0.00      0.00      0.00      0.00
12:15:05 AM       1    100.00      0.00      0.00      0.00      0.00      0.00
12:15:15 AM       1    100.00      0.00      0.00      0.00      0.00      0.00
12:15:25 AM       1    100.00      0.00      0.00      0.00      0.00      0.00
12:15:35 AM       1    100.00      0.00      0.00      0.00      0.00      0.00
12:15:45 AM       1    100.00      0.00      0.00      0.00      0.00      0.00
12:15:55 AM       1    100.00      0.00      0.00      0.00      0.00      0.00
12:16:05 AM       1    100.00      0.00      0.00      0.00      0.00      0.00
12:16:15 AM       1    100.00      0.00      0.00      0.00      0.00      0.00
12:16:25 AM       1    100.00      0.00      0.00      0.00      0.00      0.00
12:16:35 AM       1    100.00      0.00      0.00      0.00      0.00      0.00
12:16:45 AM       1    100.00      0.00      0.00      0.00      0.00      0.00
12:16:55 AM       1    100.00      0.00      0.00      0.00      0.00      0.00
12:17:05 AM       1    100.00      0.00      0.00      0.00      0.00      0.00
12:17:15 AM       1    100.00      0.00      0.00      0.00      0.00      0.00
12:17:25 AM       1    100.00      0.00      0.00      0.00      0.00      0.00
12:17:35 AM       1    100.00      0.00      0.00      0.00      0.00      0.00
12:17:45 AM       1    100.00      0.00      0.00      0.00      0.00      0.00
12:17:55 AM       1    100.00      0.00      0.00      0.00      0.00      0.00
12:18:05 AM       1    100.00      0.00      0.00      0.00      0.00      0.00
12:18:15 AM       1    100.00      0.00      0.00      0.00      0.00      0.00
12:18:25 AM       1    100.00      0.00      0.00      0.00      0.00      0.00
12:18:35 AM       1    100.00      0.00      0.00      0.00      0.00      0.00
12:18:45 AM       1    100.00      0.00      0.00      0.00      0.00      0.00
12:18:55 AM       1    100.00      0.00      0.00      0.00      0.00      0.00
12:19:05 AM       1    100.00      0.00      0.00      0.00      0.00      0.00
12:19:15 AM       1    100.00      0.00      0.00      0.00      0.00      0.00
12:19:25 AM       1    100.00      0.00      0.00      0.00      0.00      0.00
12:19:35 AM       1    100.00      0.00      0.00      0.00      0.00      0.00
12:19:45 AM       1    100.00      0.00      0.00      0.00      0.00      0.00
12:19:55 AM       1    100.00      0.00      0.00      0.00      0.00      0.00
12:20:05 AM       1    100.00      0.00      0.00      0.00      0.00      0.00
12:20:15 AM       1     99.80      0.00      0.20      0.00      0.00      0.00
Average:          1    100.00      0.00      0.00      0.00      0.00      0.00
