Linux 3.14.33-regular (node220-2) 	01/06/2017 	_x86_64_	(8 CPU)

08:56:27 AM     CPU     %user     %nice   %system   %iowait    %steal     %idle
08:56:28 AM       1     20.00      0.00     80.00      0.00      0.00      0.00
08:56:29 AM       1     23.00      0.00     77.00      0.00      0.00      0.00
08:56:30 AM       1     21.00      0.00     79.00      0.00      0.00      0.00
08:56:31 AM       1     28.00      0.00     72.00      0.00      0.00      0.00
08:56:32 AM       1     24.00      0.00     76.00      0.00      0.00      0.00
08:56:33 AM       1     23.00      0.00     77.00      0.00      0.00      0.00
08:56:34 AM       1     20.79      0.00     79.21      0.00      0.00      0.00
08:56:35 AM       1     22.22      0.00     77.78      0.00      0.00      0.00
08:56:36 AM       1     24.75      0.00     75.25      0.00      0.00      0.00
08:56:37 AM       1     20.20      0.00     79.80      0.00      0.00      0.00
08:56:38 AM       1     26.00      0.00     74.00      0.00      0.00      0.00
08:56:39 AM       1     21.78      0.00     78.22      0.00      0.00      0.00
08:56:40 AM       1     20.20      0.00     79.80      0.00      0.00      0.00
08:56:41 AM       1     25.74      0.00     74.26      0.00      0.00      0.00
08:56:42 AM       1     19.00      0.00     81.00      0.00      0.00      0.00
08:56:43 AM       1     22.00      0.00     78.00      0.00      0.00      0.00
08:56:44 AM       1     22.22      0.00     77.78      0.00      0.00      0.00
08:56:45 AM       1     24.75      0.00     75.25      0.00      0.00      0.00
08:56:46 AM       1     25.25      0.00     74.75      0.00      0.00      0.00
08:56:47 AM       1     24.00      0.00     76.00      0.00      0.00      0.00
Average:          1     22.90      0.00     77.10      0.00      0.00      0.00
