Linux 3.14.33-regular (node220-2) 	01/06/2017 	_x86_64_	(8 CPU)

11:52:45 AM     CPU     %user     %nice   %system   %iowait    %steal     %idle
11:52:46 AM       1     22.00      0.00     78.00      0.00      0.00      0.00
11:52:47 AM       1     21.00      0.00     79.00      0.00      0.00      0.00
11:52:48 AM       1     21.00      0.00     79.00      0.00      0.00      0.00
11:52:49 AM       1     25.00      0.00     75.00      0.00      0.00      0.00
11:52:50 AM       1     24.75      0.00     75.25      0.00      0.00      0.00
11:52:51 AM       1     19.19      0.00     80.81      0.00      0.00      0.00
11:52:52 AM       1     24.00      0.00     76.00      0.00      0.00      0.00
11:52:53 AM       1     23.00      0.00     77.00      0.00      0.00      0.00
11:52:54 AM       1     24.00      0.00     76.00      0.00      0.00      0.00
11:52:55 AM       1     25.74      0.00     74.26      0.00      0.00      0.00
11:52:56 AM       1     19.00      0.00     81.00      0.00      0.00      0.00
11:52:57 AM       1     22.22      0.00     77.78      0.00      0.00      0.00
11:52:58 AM       1     19.80      0.00     80.20      0.00      0.00      0.00
11:52:59 AM       1     23.00      0.00     77.00      0.00      0.00      0.00
11:53:00 AM       1     25.00      0.00     75.00      0.00      0.00      0.00
11:53:01 AM       1     24.24      0.00     75.76      0.00      0.00      0.00
11:53:02 AM       1     18.00      0.00     82.00      0.00      0.00      0.00
11:53:03 AM       1     22.77      0.00     77.23      0.00      0.00      0.00
11:53:04 AM       1     24.24      0.00     75.76      0.00      0.00      0.00
11:53:05 AM       1     23.76      0.00     76.24      0.00      0.00      0.00
Average:          1     22.59      0.00     77.41      0.00      0.00      0.00
