Linux 3.14.33-regular (node220-2) 	01/06/2017 	_x86_64_	(8 CPU)

12:30:31 PM     CPU     %user     %nice   %system   %iowait    %steal     %idle
12:30:32 PM       1     22.22      0.00     77.78      0.00      0.00      0.00
12:30:33 PM       1     21.00      0.00     79.00      0.00      0.00      0.00
12:30:34 PM       1     23.00      0.00     77.00      0.00      0.00      0.00
12:30:35 PM       1     19.19      0.00     80.81      0.00      0.00      0.00
12:30:36 PM       1     25.00      0.00     75.00      0.00      0.00      0.00
12:30:37 PM       1     20.00      0.00     80.00      0.00      0.00      0.00
12:30:38 PM       1     24.75      0.00     75.25      0.00      0.00      0.00
12:30:39 PM       1     19.00      0.00     81.00      0.00      0.00      0.00
12:30:40 PM       1     25.25      0.00     74.75      0.00      0.00      0.00
12:30:41 PM       1     23.00      0.00     77.00      0.00      0.00      0.00
12:30:42 PM       1     22.77      0.00     77.23      0.00      0.00      0.00
12:30:43 PM       1     21.21      0.00     78.79      0.00      0.00      0.00
12:30:44 PM       1     27.00      0.00     73.00      0.00      0.00      0.00
12:30:45 PM       1     22.77      0.00     77.23      0.00      0.00      0.00
12:30:46 PM       1     24.00      0.00     76.00      0.00      0.00      0.00
12:30:47 PM       1     25.00      0.00     75.00      0.00      0.00      0.00
12:30:48 PM       1     22.00      0.00     78.00      0.00      0.00      0.00
12:30:49 PM       1     25.00      0.00     75.00      0.00      0.00      0.00
12:30:50 PM       1     26.00      0.00     74.00      0.00      0.00      0.00
12:30:51 PM       1     18.18      0.00     81.82      0.00      0.00      0.00
Average:          1     22.82      0.00     77.18      0.00      0.00      0.00
