Linux 3.14.33-regular (node220-2) 	01/06/2017 	_x86_64_	(8 CPU)

02:44:52 AM     CPU     %user     %nice   %system   %iowait    %steal     %idle
02:44:53 AM       1     20.00      0.00     80.00      0.00      0.00      0.00
02:44:54 AM       1     30.00      0.00     70.00      0.00      0.00      0.00
02:44:55 AM       1     23.76      0.00     76.24      0.00      0.00      0.00
02:44:56 AM       1     24.24      0.00     75.76      0.00      0.00      0.00
02:44:57 AM       1     21.00      0.00     79.00      0.00      0.00      0.00
02:44:58 AM       1     20.79      0.00     79.21      0.00      0.00      0.00
02:44:59 AM       1     25.00      0.00     75.00      0.00      0.00      0.00
02:45:00 AM       1     21.00      0.00     79.00      0.00      0.00      0.00
02:45:01 AM       1     22.00      0.00     78.00      0.00      0.00      0.00
02:45:02 AM       1     25.00      0.00     75.00      0.00      0.00      0.00
02:45:03 AM       1     24.24      0.00     75.76      0.00      0.00      0.00
02:45:04 AM       1     20.79      0.00     79.21      0.00      0.00      0.00
02:45:05 AM       1     24.00      0.00     76.00      0.00      0.00      0.00
02:45:06 AM       1     24.24      0.00     75.76      0.00      0.00      0.00
02:45:07 AM       1     21.00      0.00     79.00      0.00      0.00      0.00
02:45:08 AM       1     19.00      0.00     81.00      0.00      0.00      0.00
02:45:09 AM       1     23.76      0.00     76.24      0.00      0.00      0.00
02:45:10 AM       1     18.18      0.00     81.82      0.00      0.00      0.00
02:45:11 AM       1     24.00      0.00     76.00      0.00      0.00      0.00
02:45:12 AM       1     22.00      0.00     78.00      0.00      0.00      0.00
Average:          1     22.70      0.00     77.30      0.00      0.00      0.00
