Linux 3.14.33-regular (node220-2) 	01/06/2017 	_x86_64_	(8 CPU)

09:29:04 AM     CPU     %user     %nice   %system   %iowait    %steal     %idle
09:29:05 AM       1     23.76      0.00     76.24      0.00      0.00      0.00
09:29:06 AM       1     25.00      0.00     75.00      0.00      0.00      0.00
09:29:07 AM       1     26.26      0.00     73.74      0.00      0.00      0.00
09:29:08 AM       1     18.00      0.00     82.00      0.00      0.00      0.00
09:29:09 AM       1     21.00      0.00     79.00      0.00      0.00      0.00
09:29:10 AM       1     23.00      0.00     77.00      0.00      0.00      0.00
09:29:11 AM       1     21.00      0.00     79.00      0.00      0.00      0.00
09:29:12 AM       1     19.00      0.00     81.00      0.00      0.00      0.00
09:29:13 AM       1     21.00      0.00     79.00      0.00      0.00      0.00
09:29:14 AM       1     23.00      0.00     77.00      0.00      0.00      0.00
09:29:15 AM       1     25.00      0.00     75.00      0.00      0.00      0.00
09:29:16 AM       1     22.00      0.00     78.00      0.00      0.00      0.00
09:29:17 AM       1     24.00      0.00     76.00      0.00      0.00      0.00
09:29:18 AM       1     21.00      0.00     79.00      0.00      0.00      0.00
09:29:19 AM       1     20.20      0.00     79.80      0.00      0.00      0.00
09:29:20 AM       1     20.79      0.00     79.21      0.00      0.00      0.00
09:29:21 AM       1     25.00      0.00     75.00      0.00      0.00      0.00
09:29:22 AM       1     21.78      0.00     78.22      0.00      0.00      0.00
09:29:23 AM       1     21.21      0.00     78.79      0.00      0.00      0.00
09:29:24 AM       1     23.23      0.00     76.77      0.00      0.00      0.00
Average:          1     22.26      0.00     77.74      0.00      0.00      0.00
