Linux 3.14.33-regular (node220-2) 	01/06/2017 	_x86_64_	(8 CPU)

12:07:29 PM     CPU     %user     %nice   %system   %iowait    %steal     %idle
12:07:30 PM       1     21.00      0.00     79.00      0.00      0.00      0.00
12:07:31 PM       1     20.00      0.00     80.00      0.00      0.00      0.00
12:07:32 PM       1     23.00      0.00     77.00      0.00      0.00      0.00
12:07:33 PM       1     20.00      0.00     80.00      0.00      0.00      0.00
12:07:34 PM       1     20.00      0.00     80.00      0.00      0.00      0.00
12:07:35 PM       1     20.00      0.00     80.00      0.00      0.00      0.00
12:07:36 PM       1     20.79      0.00     79.21      0.00      0.00      0.00
12:07:37 PM       1     23.23      0.00     76.77      0.00      0.00      0.00
12:07:38 PM       1     17.82      0.00     82.18      0.00      0.00      0.00
12:07:39 PM       1     20.20      0.00     79.80      0.00      0.00      0.00
12:07:40 PM       1     21.00      0.00     79.00      0.00      0.00      0.00
12:07:41 PM       1     22.77      0.00     77.23      0.00      0.00      0.00
12:07:42 PM       1     22.00      0.00     78.00      0.00      0.00      0.00
12:07:43 PM       1     21.21      0.00     78.79      0.00      0.00      0.00
12:07:44 PM       1     20.79      0.00     79.21      0.00      0.00      0.00
12:07:45 PM       1     20.00      0.00     80.00      0.00      0.00      0.00
12:07:46 PM       1     22.22      0.00     77.78      0.00      0.00      0.00
12:07:47 PM       1     23.00      0.00     77.00      0.00      0.00      0.00
12:07:48 PM       1     22.00      0.00     78.00      0.00      0.00      0.00
12:07:49 PM       1     20.00      0.00     80.00      0.00      0.00      0.00
Average:          1     21.05      0.00     78.95      0.00      0.00      0.00
