Linux 3.14.33-regular (node220-2) 	01/06/2017 	_x86_64_	(8 CPU)

03:36:05 AM     CPU     %user     %nice   %system   %iowait    %steal     %idle
03:36:06 AM       1     23.00      0.00     77.00      0.00      0.00      0.00
03:36:07 AM       1     22.00      0.00     78.00      0.00      0.00      0.00
03:36:08 AM       1     19.80      0.00     80.20      0.00      0.00      0.00
03:36:09 AM       1     23.23      0.00     76.77      0.00      0.00      0.00
03:36:10 AM       1     27.00      0.00     73.00      0.00      0.00      0.00
03:36:11 AM       1     21.78      0.00     78.22      0.00      0.00      0.00
03:36:12 AM       1     20.00      0.00     80.00      0.00      0.00      0.00
03:36:13 AM       1     22.22      0.00     77.78      0.00      0.00      0.00
03:36:14 AM       1     22.00      0.00     78.00      0.00      0.00      0.00
03:36:15 AM       1     20.20      0.00     79.80      0.00      0.00      0.00
03:36:16 AM       1     25.74      0.00     74.26      0.00      0.00      0.00
03:36:17 AM       1     23.23      0.00     76.77      0.00      0.00      0.00
03:36:18 AM       1     27.00      0.00     73.00      0.00      0.00      0.00
03:36:19 AM       1     23.76      0.00     76.24      0.00      0.00      0.00
03:36:20 AM       1     22.00      0.00     78.00      0.00      0.00      0.00
03:36:21 AM       1     16.00      0.00     84.00      0.00      0.00      0.00
03:36:22 AM       1     24.24      0.00     75.76      0.00      0.00      0.00
03:36:23 AM       1     19.00      0.00     81.00      0.00      0.00      0.00
03:36:24 AM       1     24.51      0.00     75.49      0.00      0.00      0.00
03:36:25 AM       1     23.23      0.00     76.77      0.00      0.00      0.00
Average:          1     22.50      0.00     77.50      0.00      0.00      0.00
