Linux 3.14.33-regular (node220-2) 	01/06/2017 	_x86_64_	(8 CPU)

12:29:53 PM     CPU     %user     %nice   %system   %iowait    %steal     %idle
12:29:54 PM       1     21.00      0.00     79.00      0.00      0.00      0.00
12:29:55 PM       1     20.20      0.00     79.80      0.00      0.00      0.00
12:29:56 PM       1     22.77      0.00     77.23      0.00      0.00      0.00
12:29:57 PM       1     23.00      0.00     77.00      0.00      0.00      0.00
12:29:58 PM       1     20.20      0.00     79.80      0.00      0.00      0.00
12:29:59 PM       1     22.00      0.00     78.00      0.00      0.00      0.00
12:30:00 PM       1     22.77      0.00     77.23      0.00      0.00      0.00
12:30:01 PM       1     23.00      0.00     77.00      0.00      0.00      0.00
12:30:02 PM       1     21.00      0.00     79.00      0.00      0.00      0.00
12:30:03 PM       1     27.00      0.00     73.00      0.00      0.00      0.00
12:30:04 PM       1     23.00      0.00     77.00      0.00      0.00      0.00
12:30:05 PM       1     17.17      0.00     82.83      0.00      0.00      0.00
12:30:06 PM       1     22.00      0.00     78.00      0.00      0.00      0.00
12:30:07 PM       1     22.00      0.00     78.00      0.00      0.00      0.00
12:30:08 PM       1     21.00      0.00     79.00      0.00      0.00      0.00
12:30:09 PM       1     22.77      0.00     77.23      0.00      0.00      0.00
12:30:10 PM       1     25.00      0.00     75.00      0.00      0.00      0.00
12:30:11 PM       1     21.00      0.00     79.00      0.00      0.00      0.00
12:30:12 PM       1     20.00      0.00     80.00      0.00      0.00      0.00
12:30:13 PM       1     22.00      0.00     78.00      0.00      0.00      0.00
Average:          1     21.95      0.00     78.05      0.00      0.00      0.00
