Linux 3.14.33-regular (node220-2) 	01/06/2017 	_x86_64_	(8 CPU)

07:51:42 AM     CPU     %user     %nice   %system   %iowait    %steal     %idle
07:51:43 AM       1     21.00      0.00     79.00      0.00      0.00      0.00
07:51:44 AM       1     26.00      0.00     74.00      0.00      0.00      0.00
07:51:45 AM       1     23.76      0.00     76.24      0.00      0.00      0.00
07:51:46 AM       1     21.00      0.00     79.00      0.00      0.00      0.00
07:51:47 AM       1     23.00      0.00     77.00      0.00      0.00      0.00
07:51:48 AM       1     25.25      0.00     74.75      0.00      0.00      0.00
07:51:49 AM       1     25.00      0.00     75.00      0.00      0.00      0.00
07:51:50 AM       1     17.00      0.00     83.00      0.00      0.00      0.00
07:51:51 AM       1     23.00      0.00     77.00      0.00      0.00      0.00
07:51:52 AM       1     24.00      0.00     76.00      0.00      0.00      0.00
07:51:53 AM       1     19.00      0.00     81.00      0.00      0.00      0.00
07:51:54 AM       1     23.00      0.00     77.00      0.00      0.00      0.00
07:51:55 AM       1     23.00      0.00     77.00      0.00      0.00      0.00
07:51:56 AM       1     23.00      0.00     77.00      0.00      0.00      0.00
07:51:57 AM       1     24.00      0.00     76.00      0.00      0.00      0.00
07:51:58 AM       1     24.00      0.00     76.00      0.00      0.00      0.00
07:51:59 AM       1     25.00      0.00     75.00      0.00      0.00      0.00
07:52:00 AM       1     19.00      0.00     81.00      0.00      0.00      0.00
07:52:01 AM       1     21.00      0.00     79.00      0.00      0.00      0.00
07:52:02 AM       1     19.00      0.00     81.00      0.00      0.00      0.00
Average:          1     22.45      0.00     77.55      0.00      0.00      0.00
