Linux 3.14.33-regular (node220-2) 	01/06/2017 	_x86_64_	(8 CPU)

11:59:10 AM     CPU     %user     %nice   %system   %iowait    %steal     %idle
11:59:11 AM       1     24.00      0.00     76.00      0.00      0.00      0.00
11:59:12 AM       1     26.00      0.00     74.00      0.00      0.00      0.00
11:59:13 AM       1     22.00      0.00     78.00      0.00      0.00      0.00
11:59:14 AM       1     19.00      0.00     81.00      0.00      0.00      0.00
11:59:15 AM       1     20.20      0.00     79.80      0.00      0.00      0.00
11:59:16 AM       1     19.00      0.00     81.00      0.00      0.00      0.00
11:59:17 AM       1     21.78      0.00     78.22      0.00      0.00      0.00
11:59:18 AM       1     22.00      0.00     78.00      0.00      0.00      0.00
11:59:19 AM       1     24.24      0.00     75.76      0.00      0.00      0.00
11:59:20 AM       1     20.00      0.00     80.00      0.00      0.00      0.00
11:59:21 AM       1     22.00      0.00     78.00      0.00      0.00      0.00
11:59:22 AM       1     19.80      0.00     80.20      0.00      0.00      0.00
11:59:23 AM       1     21.21      0.00     78.79      0.00      0.00      0.00
11:59:24 AM       1     22.00      0.00     78.00      0.00      0.00      0.00
11:59:25 AM       1     20.79      0.00     79.21      0.00      0.00      0.00
11:59:26 AM       1     23.00      0.00     77.00      0.00      0.00      0.00
11:59:27 AM       1     23.23      0.00     76.77      0.00      0.00      0.00
11:59:28 AM       1     24.00      0.00     76.00      0.00      0.00      0.00
11:59:29 AM       1     22.00      0.00     78.00      0.00      0.00      0.00
11:59:30 AM       1     21.78      0.00     78.22      0.00      0.00      0.00
Average:          1     21.90      0.00     78.10      0.00      0.00      0.00
