Linux 3.14.33-regular (node220-2) 	01/06/2017 	_x86_64_	(8 CPU)

12:42:41 PM     CPU     %user     %nice   %system   %iowait    %steal     %idle
12:42:42 PM       1     21.21      0.00     78.79      0.00      0.00      0.00
12:42:43 PM       1     24.75      0.00     75.25      0.00      0.00      0.00
12:42:44 PM       1     21.00      0.00     79.00      0.00      0.00      0.00
12:42:45 PM       1     18.00      0.00     82.00      0.00      0.00      0.00
12:42:46 PM       1     22.22      0.00     77.78      0.00      0.00      0.00
12:42:47 PM       1     22.77      0.00     77.23      0.00      0.00      0.00
12:42:48 PM       1     21.21      0.00     78.79      0.00      0.00      0.00
12:42:49 PM       1     24.00      0.00     76.00      0.00      0.00      0.00
12:42:50 PM       1     19.80      0.00     80.20      0.00      0.00      0.00
12:42:51 PM       1     24.24      0.00     75.76      0.00      0.00      0.00
12:42:52 PM       1     18.81      0.00     81.19      0.00      0.00      0.00
12:42:53 PM       1     24.00      0.00     76.00      0.00      0.00      0.00
12:42:54 PM       1     26.00      0.00     74.00      0.00      0.00      0.00
12:42:55 PM       1     18.18      0.00     81.82      0.00      0.00      0.00
12:42:56 PM       1     23.00      0.00     77.00      0.00      0.00      0.00
12:42:57 PM       1     23.00      0.00     77.00      0.00      0.00      0.00
12:42:58 PM       1     17.82      0.00     82.18      0.00      0.00      0.00
12:42:59 PM       1     23.00      0.00     77.00      0.00      0.00      0.00
12:43:00 PM       1     23.00      0.00     77.00      0.00      0.00      0.00
12:43:01 PM       1     23.00      0.00     77.00      0.00      0.00      0.00
Average:          1     21.95      0.00     78.05      0.00      0.00      0.00
