Linux 3.14.33-regular (node220-2) 	01/06/2017 	_x86_64_	(8 CPU)

11:06:35 AM     CPU     %user     %nice   %system   %iowait    %steal     %idle
11:06:36 AM       1     24.75      0.00     75.25      0.00      0.00      0.00
11:06:37 AM       1     19.19      0.00     80.81      0.00      0.00      0.00
11:06:38 AM       1     24.00      0.00     76.00      0.00      0.00      0.00
11:06:39 AM       1     18.81      0.00     81.19      0.00      0.00      0.00
11:06:40 AM       1     28.00      0.00     72.00      0.00      0.00      0.00
11:06:41 AM       1     21.21      0.00     78.79      0.00      0.00      0.00
11:06:42 AM       1     19.00      0.00     81.00      0.00      0.00      0.00
11:06:43 AM       1     20.00      0.00     80.00      0.00      0.00      0.00
11:06:44 AM       1     18.00      0.00     82.00      0.00      0.00      0.00
11:06:45 AM       1     20.00      0.00     80.00      0.00      0.00      0.00
11:06:46 AM       1     23.00      0.00     77.00      0.00      0.00      0.00
11:06:47 AM       1     22.00      0.00     78.00      0.00      0.00      0.00
11:06:48 AM       1     19.00      0.00     81.00      0.00      0.00      0.00
11:06:49 AM       1     20.00      0.00     80.00      0.00      0.00      0.00
11:06:50 AM       1     21.00      0.00     79.00      0.00      0.00      0.00
11:06:51 AM       1     21.00      0.00     79.00      0.00      0.00      0.00
11:06:52 AM       1     23.00      0.00     77.00      0.00      0.00      0.00
11:06:53 AM       1     22.00      0.00     78.00      0.00      0.00      0.00
11:06:54 AM       1     20.79      0.00     79.21      0.00      0.00      0.00
11:06:55 AM       1     27.00      0.00     73.00      0.00      0.00      0.00
Average:          1     21.59      0.00     78.41      0.00      0.00      0.00
