Linux 3.14.33-regular (node220-2) 	01/06/2017 	_x86_64_	(8 CPU)

08:32:04 AM     CPU     %user     %nice   %system   %iowait    %steal     %idle
08:32:05 AM       1     25.25      0.00     74.75      0.00      0.00      0.00
08:32:06 AM       1     24.75      0.00     75.25      0.00      0.00      0.00
08:32:07 AM       1     21.00      0.00     79.00      0.00      0.00      0.00
08:32:08 AM       1     21.21      0.00     78.79      0.00      0.00      0.00
08:32:09 AM       1     22.77      0.00     77.23      0.00      0.00      0.00
08:32:10 AM       1     20.00      0.00     80.00      0.00      0.00      0.00
08:32:11 AM       1     21.21      0.00     78.79      0.00      0.00      0.00
08:32:12 AM       1     22.77      0.00     77.23      0.00      0.00      0.00
08:32:13 AM       1     26.00      0.00     74.00      0.00      0.00      0.00
08:32:14 AM       1     19.19      0.00     80.81      0.00      0.00      0.00
08:32:15 AM       1     22.00      0.00     78.00      0.00      0.00      0.00
08:32:16 AM       1     25.00      0.00     75.00      0.00      0.00      0.00
08:32:17 AM       1     23.76      0.00     76.24      0.00      0.00      0.00
08:32:18 AM       1     24.24      0.00     75.76      0.00      0.00      0.00
08:32:19 AM       1     21.78      0.00     78.22      0.00      0.00      0.00
08:32:20 AM       1     26.00      0.00     74.00      0.00      0.00      0.00
08:32:21 AM       1     21.00      0.00     79.00      0.00      0.00      0.00
08:32:22 AM       1     24.00      0.00     76.00      0.00      0.00      0.00
08:32:23 AM       1     23.00      0.00     77.00      0.00      0.00      0.00
08:32:24 AM       1     28.28      0.00     71.72      0.00      0.00      0.00
Average:          1     23.16      0.00     76.84      0.00      0.00      0.00
