Linux 3.14.33-regular (node220-2) 	01/06/2017 	_x86_64_	(8 CPU)

04:49:44 AM     CPU     %user     %nice   %system   %iowait    %steal     %idle
04:49:45 AM       1     22.22      0.00     77.78      0.00      0.00      0.00
04:49:46 AM       1     23.00      0.00     77.00      0.00      0.00      0.00
04:49:47 AM       1     21.00      0.00     79.00      0.00      0.00      0.00
04:49:48 AM       1     24.75      0.00     75.25      0.00      0.00      0.00
04:49:49 AM       1     24.24      0.00     75.76      0.00      0.00      0.00
04:49:50 AM       1     17.82      0.00     82.18      0.00      0.00      0.00
04:49:51 AM       1     22.00      0.00     78.00      0.00      0.00      0.00
04:49:52 AM       1     21.21      0.00     78.79      0.00      0.00      0.00
04:49:53 AM       1     18.00      0.00     82.00      0.00      0.00      0.00
04:49:54 AM       1     22.77      0.00     77.23      0.00      0.00      0.00
04:49:55 AM       1     25.00      0.00     75.00      0.00      0.00      0.00
04:49:56 AM       1     26.00      0.00     74.00      0.00      0.00      0.00
04:49:57 AM       1     20.00      0.00     80.00      0.00      0.00      0.00
04:49:58 AM       1     21.00      0.00     79.00      0.00      0.00      0.00
04:49:59 AM       1     22.22      0.00     77.78      0.00      0.00      0.00
04:50:00 AM       1     24.00      0.00     76.00      0.00      0.00      0.00
04:50:01 AM       1     18.00      0.00     82.00      0.00      0.00      0.00
04:50:02 AM       1     20.79      0.00     79.21      0.00      0.00      0.00
04:50:03 AM       1     21.78      0.00     78.22      0.00      0.00      0.00
04:50:04 AM       1     21.21      0.00     78.79      0.00      0.00      0.00
Average:          1     21.85      0.00     78.15      0.00      0.00      0.00
