Linux 3.14.33-regular (node220-2) 	01/06/2017 	_x86_64_	(8 CPU)

03:18:49 AM     CPU     %user     %nice   %system   %iowait    %steal     %idle
03:18:50 AM       1     25.00      0.00     75.00      0.00      0.00      0.00
03:18:51 AM       1     25.00      0.00     75.00      0.00      0.00      0.00
03:18:52 AM       1     27.00      0.00     73.00      0.00      0.00      0.00
03:18:53 AM       1     21.00      0.00     79.00      0.00      0.00      0.00
03:18:54 AM       1     20.00      0.00     80.00      0.00      0.00      0.00
03:18:55 AM       1     17.00      0.00     83.00      0.00      0.00      0.00
03:18:56 AM       1     21.00      0.00     79.00      0.00      0.00      0.00
03:18:57 AM       1     22.00      0.00     78.00      0.00      0.00      0.00
03:18:58 AM       1     23.00      0.00     77.00      0.00      0.00      0.00
03:18:59 AM       1     27.00      0.00     73.00      0.00      0.00      0.00
03:19:00 AM       1     24.00      0.00     76.00      0.00      0.00      0.00
03:19:01 AM       1     19.80      0.00     80.20      0.00      0.00      0.00
03:19:02 AM       1     23.00      0.00     77.00      0.00      0.00      0.00
03:19:03 AM       1     20.00      0.00     80.00      0.00      0.00      0.00
03:19:04 AM       1     26.26      0.00     73.74      0.00      0.00      0.00
03:19:05 AM       1     18.81      0.00     81.19      0.00      0.00      0.00
03:19:06 AM       1     24.24      0.00     75.76      0.00      0.00      0.00
03:19:07 AM       1     19.00      0.00     81.00      0.00      0.00      0.00
03:19:08 AM       1     23.76      0.00     76.24      0.00      0.00      0.00
03:19:09 AM       1     22.00      0.00     78.00      0.00      0.00      0.00
Average:          1     22.44      0.00     77.56      0.00      0.00      0.00
