Linux 3.14.33-regular (node220-2) 	01/06/2017 	_x86_64_	(8 CPU)

10:26:44 AM     CPU     %user     %nice   %system   %iowait    %steal     %idle
10:26:45 AM       1     25.00      0.00     75.00      0.00      0.00      0.00
10:26:46 AM       1     25.00      0.00     75.00      0.00      0.00      0.00
10:26:47 AM       1     23.00      0.00     77.00      0.00      0.00      0.00
10:26:48 AM       1     23.00      0.00     77.00      0.00      0.00      0.00
10:26:49 AM       1     19.00      0.00     81.00      0.00      0.00      0.00
10:26:50 AM       1     23.00      0.00     77.00      0.00      0.00      0.00
10:26:51 AM       1     20.00      0.00     80.00      0.00      0.00      0.00
10:26:52 AM       1     23.00      0.00     77.00      0.00      0.00      0.00
10:26:53 AM       1     23.00      0.00     77.00      0.00      0.00      0.00
10:26:54 AM       1     21.00      0.00     79.00      0.00      0.00      0.00
10:26:55 AM       1     22.00      0.00     78.00      0.00      0.00      0.00
10:26:56 AM       1     21.00      0.00     79.00      0.00      0.00      0.00
10:26:57 AM       1     23.00      0.00     77.00      0.00      0.00      0.00
10:26:58 AM       1     19.00      0.00     81.00      0.00      0.00      0.00
10:26:59 AM       1     18.00      0.00     82.00      0.00      0.00      0.00
10:27:00 AM       1     24.00      0.00     76.00      0.00      0.00      0.00
10:27:01 AM       1     22.00      0.00     78.00      0.00      0.00      0.00
10:27:02 AM       1     22.00      0.00     78.00      0.00      0.00      0.00
10:27:03 AM       1     23.00      0.00     77.00      0.00      0.00      0.00
10:27:04 AM       1     24.00      0.00     76.00      0.00      0.00      0.00
Average:          1     22.15      0.00     77.85      0.00      0.00      0.00
