Linux 3.14.33-regular (node220-2) 	01/06/2017 	_x86_64_	(8 CPU)

02:23:05 AM     CPU     %user     %nice   %system   %iowait    %steal     %idle
02:23:06 AM       1     24.00      0.00     76.00      0.00      0.00      0.00
02:23:07 AM       1     26.00      0.00     74.00      0.00      0.00      0.00
02:23:08 AM       1     23.00      0.00     77.00      0.00      0.00      0.00
02:23:09 AM       1     23.00      0.00     77.00      0.00      0.00      0.00
02:23:10 AM       1     22.00      0.00     78.00      0.00      0.00      0.00
02:23:11 AM       1     25.00      0.00     75.00      0.00      0.00      0.00
02:23:12 AM       1     24.00      0.00     76.00      0.00      0.00      0.00
02:23:13 AM       1     19.00      0.00     81.00      0.00      0.00      0.00
02:23:14 AM       1     25.00      0.00     75.00      0.00      0.00      0.00
02:23:15 AM       1     24.00      0.00     76.00      0.00      0.00      0.00
02:23:16 AM       1     21.00      0.00     79.00      0.00      0.00      0.00
02:23:17 AM       1     22.00      0.00     78.00      0.00      0.00      0.00
02:23:18 AM       1     21.00      0.00     79.00      0.00      0.00      0.00
02:23:19 AM       1     25.00      0.00     75.00      0.00      0.00      0.00
02:23:20 AM       1     24.00      0.00     76.00      0.00      0.00      0.00
02:23:21 AM       1     22.22      0.00     77.78      0.00      0.00      0.00
02:23:22 AM       1     29.00      0.00     71.00      0.00      0.00      0.00
02:23:23 AM       1     27.72      0.00     72.28      0.00      0.00      0.00
02:23:24 AM       1     22.22      0.00     77.78      0.00      0.00      0.00
02:23:25 AM       1     22.77      0.00     77.23      0.00      0.00      0.00
Average:          1     23.60      0.00     76.40      0.00      0.00      0.00
