Linux 3.14.33-regular (node220-2) 	01/06/2017 	_x86_64_	(8 CPU)

07:33:47 AM     CPU     %user     %nice   %system   %iowait    %steal     %idle
07:33:48 AM       1     20.00      0.00     80.00      0.00      0.00      0.00
07:33:49 AM       1     22.00      0.00     78.00      0.00      0.00      0.00
07:33:50 AM       1     22.00      0.00     78.00      0.00      0.00      0.00
07:33:51 AM       1     25.25      0.00     74.75      0.00      0.00      0.00
07:33:52 AM       1     20.79      0.00     79.21      0.00      0.00      0.00
07:33:53 AM       1     17.17      0.00     82.83      0.00      0.00      0.00
07:33:54 AM       1     19.80      0.00     80.20      0.00      0.00      0.00
07:33:55 AM       1     23.23      0.00     76.77      0.00      0.00      0.00
07:33:56 AM       1     24.75      0.00     75.25      0.00      0.00      0.00
07:33:57 AM       1     24.24      0.00     75.76      0.00      0.00      0.00
07:33:58 AM       1     25.74      0.00     74.26      0.00      0.00      0.00
07:33:59 AM       1     25.25      0.00     74.75      0.00      0.00      0.00
07:34:00 AM       1     19.00      0.00     81.00      0.00      0.00      0.00
07:34:01 AM       1     23.00      0.00     77.00      0.00      0.00      0.00
07:34:02 AM       1     21.00      0.00     79.00      0.00      0.00      0.00
07:34:03 AM       1     23.23      0.00     76.77      0.00      0.00      0.00
07:34:04 AM       1     22.77      0.00     77.23      0.00      0.00      0.00
07:34:05 AM       1     22.22      0.00     77.78      0.00      0.00      0.00
07:34:06 AM       1     23.76      0.00     76.24      0.00      0.00      0.00
07:34:07 AM       1     24.00      0.00     76.00      0.00      0.00      0.00
Average:          1     22.46      0.00     77.54      0.00      0.00      0.00
