Linux 3.14.33-regular (node220-2) 	01/06/2017 	_x86_64_	(8 CPU)

07:20:20 AM     CPU     %user     %nice   %system   %iowait    %steal     %idle
07:20:21 AM       1     22.22      0.00     77.78      0.00      0.00      0.00
07:20:22 AM       1     20.79      0.00     79.21      0.00      0.00      0.00
07:20:23 AM       1     23.23      0.00     76.77      0.00      0.00      0.00
07:20:24 AM       1     20.79      0.00     79.21      0.00      0.00      0.00
07:20:25 AM       1     24.00      0.00     76.00      0.00      0.00      0.00
07:20:26 AM       1     20.20      0.00     79.80      0.00      0.00      0.00
07:20:27 AM       1     23.76      0.00     76.24      0.00      0.00      0.00
07:20:28 AM       1     24.24      0.00     75.76      0.00      0.00      0.00
07:20:29 AM       1     27.00      0.00     73.00      0.00      0.00      0.00
07:20:30 AM       1     18.81      0.00     81.19      0.00      0.00      0.00
07:20:31 AM       1     27.00      0.00     73.00      0.00      0.00      0.00
07:20:32 AM       1     21.00      0.00     79.00      0.00      0.00      0.00
07:20:33 AM       1     20.00      0.00     80.00      0.00      0.00      0.00
07:20:34 AM       1     20.20      0.00     79.80      0.00      0.00      0.00
07:20:35 AM       1     25.74      0.00     74.26      0.00      0.00      0.00
07:20:36 AM       1     23.00      0.00     77.00      0.00      0.00      0.00
07:20:37 AM       1     20.00      0.00     80.00      0.00      0.00      0.00
07:20:38 AM       1     21.00      0.00     79.00      0.00      0.00      0.00
07:20:39 AM       1     22.00      0.00     78.00      0.00      0.00      0.00
07:20:40 AM       1     20.00      0.00     80.00      0.00      0.00      0.00
Average:          1     22.25      0.00     77.75      0.00      0.00      0.00
