Linux 3.14.33-regular (node220-2) 	01/06/2017 	_x86_64_	(8 CPU)

02:28:52 AM     CPU     %user     %nice   %system   %iowait    %steal     %idle
02:28:53 AM       1     19.19      0.00     80.81      0.00      0.00      0.00
02:28:54 AM       1     23.76      0.00     76.24      0.00      0.00      0.00
02:28:55 AM       1     24.00      0.00     76.00      0.00      0.00      0.00
02:28:56 AM       1     21.00      0.00     79.00      0.00      0.00      0.00
02:28:57 AM       1     17.17      0.00     82.83      0.00      0.00      0.00
02:28:58 AM       1     22.77      0.00     77.23      0.00      0.00      0.00
02:28:59 AM       1     18.00      0.00     82.00      0.00      0.00      0.00
02:29:00 AM       1     16.00      0.00     84.00      0.00      0.00      0.00
02:29:01 AM       1     24.00      0.00     76.00      0.00      0.00      0.00
02:29:02 AM       1     24.00      0.00     76.00      0.00      0.00      0.00
02:29:03 AM       1     23.00      0.00     77.00      0.00      0.00      0.00
02:29:04 AM       1     21.00      0.00     79.00      0.00      0.00      0.00
02:29:05 AM       1     20.00      0.00     80.00      0.00      0.00      0.00
02:29:06 AM       1     18.00      0.00     82.00      0.00      0.00      0.00
02:29:07 AM       1     24.00      0.00     76.00      0.00      0.00      0.00
02:29:08 AM       1     19.00      0.00     81.00      0.00      0.00      0.00
02:29:09 AM       1     25.00      0.00     75.00      0.00      0.00      0.00
02:29:10 AM       1     20.00      0.00     80.00      0.00      0.00      0.00
02:29:11 AM       1     27.00      0.00     73.00      0.00      0.00      0.00
02:29:12 AM       1     22.22      0.00     77.78      0.00      0.00      0.00
Average:          1     21.46      0.00     78.54      0.00      0.00      0.00
