Linux 3.14.33-regular (node220-2) 	01/06/2017 	_x86_64_	(8 CPU)

08:17:21 AM     CPU     %user     %nice   %system   %iowait    %steal     %idle
08:17:22 AM       1     25.25      0.00     74.75      0.00      0.00      0.00
08:17:23 AM       1     21.78      0.00     78.22      0.00      0.00      0.00
08:17:24 AM       1     24.00      0.00     76.00      0.00      0.00      0.00
08:17:25 AM       1     23.00      0.00     77.00      0.00      0.00      0.00
08:17:26 AM       1     24.00      0.00     76.00      0.00      0.00      0.00
08:17:27 AM       1     22.00      0.00     78.00      0.00      0.00      0.00
08:17:28 AM       1     23.23      0.00     76.77      0.00      0.00      0.00
08:17:29 AM       1     22.77      0.00     77.23      0.00      0.00      0.00
08:17:30 AM       1     22.00      0.00     78.00      0.00      0.00      0.00
08:17:31 AM       1     22.00      0.00     78.00      0.00      0.00      0.00
08:17:32 AM       1     23.00      0.00     77.00      0.00      0.00      0.00
08:17:33 AM       1     22.00      0.00     78.00      0.00      0.00      0.00
08:17:34 AM       1     28.00      0.00     72.00      0.00      0.00      0.00
08:17:35 AM       1     21.00      0.00     79.00      0.00      0.00      0.00
08:17:36 AM       1     21.21      0.00     78.79      0.00      0.00      0.00
08:17:37 AM       1     20.00      0.00     80.00      0.00      0.00      0.00
08:17:38 AM       1     22.77      0.00     77.23      0.00      0.00      0.00
08:17:39 AM       1     15.00      0.00     85.00      0.00      0.00      0.00
08:17:40 AM       1     22.00      0.00     78.00      0.00      0.00      0.00
08:17:41 AM       1     24.00      0.00     76.00      0.00      0.00      0.00
Average:          1     22.45      0.00     77.55      0.00      0.00      0.00
