Linux 3.14.33-regular (node220-2) 	01/06/2017 	_x86_64_	(8 CPU)

08:28:52 AM     CPU     %user     %nice   %system   %iowait    %steal     %idle
08:28:53 AM       1     20.79      0.00     79.21      0.00      0.00      0.00
08:28:54 AM       1     21.00      0.00     79.00      0.00      0.00      0.00
08:28:55 AM       1     25.00      0.00     75.00      0.00      0.00      0.00
08:28:56 AM       1     24.24      0.00     75.76      0.00      0.00      0.00
08:28:57 AM       1     23.00      0.00     77.00      0.00      0.00      0.00
08:28:58 AM       1     22.00      0.00     78.00      0.00      0.00      0.00
08:28:59 AM       1     24.00      0.00     76.00      0.00      0.00      0.00
08:29:00 AM       1     20.79      0.00     79.21      0.00      0.00      0.00
08:29:01 AM       1     27.00      0.00     73.00      0.00      0.00      0.00
08:29:02 AM       1     24.00      0.00     76.00      0.00      0.00      0.00
08:29:03 AM       1     22.00      0.00     78.00      0.00      0.00      0.00
08:29:04 AM       1     23.00      0.00     77.00      0.00      0.00      0.00
08:29:05 AM       1     23.23      0.00     76.77      0.00      0.00      0.00
08:29:06 AM       1     20.00      0.00     80.00      0.00      0.00      0.00
08:29:07 AM       1     22.00      0.00     78.00      0.00      0.00      0.00
08:29:08 AM       1     22.00      0.00     78.00      0.00      0.00      0.00
08:29:09 AM       1     25.00      0.00     75.00      0.00      0.00      0.00
08:29:10 AM       1     24.00      0.00     76.00      0.00      0.00      0.00
08:29:11 AM       1     21.78      0.00     78.22      0.00      0.00      0.00
08:29:12 AM       1     17.00      0.00     83.00      0.00      0.00      0.00
Average:          1     22.59      0.00     77.41      0.00      0.00      0.00
