Linux 3.14.33-regular (node220-2) 	01/06/2017 	_x86_64_	(8 CPU)

09:36:46 AM     CPU     %user     %nice   %system   %iowait    %steal     %idle
09:36:47 AM       1     22.00      0.00     78.00      0.00      0.00      0.00
09:36:48 AM       1     22.00      0.00     78.00      0.00      0.00      0.00
09:36:49 AM       1     23.00      0.00     77.00      0.00      0.00      0.00
09:36:50 AM       1     22.00      0.00     78.00      0.00      0.00      0.00
09:36:51 AM       1     22.00      0.00     78.00      0.00      0.00      0.00
09:36:52 AM       1     21.00      0.00     79.00      0.00      0.00      0.00
09:36:53 AM       1     21.21      0.00     78.79      0.00      0.00      0.00
09:36:54 AM       1     22.77      0.00     77.23      0.00      0.00      0.00
09:36:55 AM       1     22.00      0.00     78.00      0.00      0.00      0.00
09:36:56 AM       1     21.21      0.00     78.79      0.00      0.00      0.00
09:36:57 AM       1     24.75      0.00     75.25      0.00      0.00      0.00
09:36:58 AM       1     22.00      0.00     78.00      0.00      0.00      0.00
09:36:59 AM       1     22.00      0.00     78.00      0.00      0.00      0.00
09:37:00 AM       1     20.00      0.00     80.00      0.00      0.00      0.00
09:37:01 AM       1     25.25      0.00     74.75      0.00      0.00      0.00
09:37:02 AM       1     22.77      0.00     77.23      0.00      0.00      0.00
09:37:03 AM       1     20.20      0.00     79.80      0.00      0.00      0.00
09:37:04 AM       1     21.78      0.00     78.22      0.00      0.00      0.00
09:37:05 AM       1     21.21      0.00     78.79      0.00      0.00      0.00
09:37:06 AM       1     20.00      0.00     80.00      0.00      0.00      0.00
Average:          1     21.96      0.00     78.04      0.00      0.00      0.00
