Linux 3.14.33-regular (node220-2) 	01/06/2017 	_x86_64_	(8 CPU)

09:04:46 AM     CPU     %user     %nice   %system   %iowait    %steal     %idle
09:04:47 AM       1     22.22      0.00     77.78      0.00      0.00      0.00
09:04:48 AM       1     22.00      0.00     78.00      0.00      0.00      0.00
09:04:49 AM       1     20.00      0.00     80.00      0.00      0.00      0.00
09:04:50 AM       1     16.00      0.00     84.00      0.00      0.00      0.00
09:04:51 AM       1     22.77      0.00     77.23      0.00      0.00      0.00
09:04:52 AM       1     21.21      0.00     78.79      0.00      0.00      0.00
09:04:53 AM       1     24.00      0.00     76.00      0.00      0.00      0.00
09:04:54 AM       1     18.00      0.00     82.00      0.00      0.00      0.00
09:04:55 AM       1     24.00      0.00     76.00      0.00      0.00      0.00
09:04:56 AM       1     21.00      0.00     79.00      0.00      0.00      0.00
09:04:57 AM       1     26.00      0.00     74.00      0.00      0.00      0.00
09:04:58 AM       1     22.00      0.00     78.00      0.00      0.00      0.00
09:04:59 AM       1     26.00      0.00     74.00      0.00      0.00      0.00
09:05:00 AM       1     20.00      0.00     80.00      0.00      0.00      0.00
09:05:01 AM       1     23.00      0.00     77.00      0.00      0.00      0.00
09:05:02 AM       1     19.00      0.00     81.00      0.00      0.00      0.00
09:05:03 AM       1     23.00      0.00     77.00      0.00      0.00      0.00
09:05:04 AM       1     20.00      0.00     80.00      0.00      0.00      0.00
09:05:05 AM       1     26.73      0.00     73.27      0.00      0.00      0.00
09:05:06 AM       1     23.23      0.00     76.77      0.00      0.00      0.00
Average:          1     22.01      0.00     77.99      0.00      0.00      0.00
