Linux 3.14.33-regular (node220-2) 	01/06/2017 	_x86_64_	(8 CPU)

03:39:55 AM     CPU     %user     %nice   %system   %iowait    %steal     %idle
03:39:56 AM       1     21.00      0.00     79.00      0.00      0.00      0.00
03:39:57 AM       1     24.00      0.00     76.00      0.00      0.00      0.00
03:39:58 AM       1     22.00      0.00     78.00      0.00      0.00      0.00
03:39:59 AM       1     21.00      0.00     79.00      0.00      0.00      0.00
03:40:00 AM       1     20.00      0.00     80.00      0.00      0.00      0.00
03:40:01 AM       1     22.00      0.00     78.00      0.00      0.00      0.00
03:40:02 AM       1     21.78      0.00     78.22      0.00      0.00      0.00
03:40:03 AM       1     22.00      0.00     78.00      0.00      0.00      0.00
03:40:04 AM       1     20.20      0.00     79.80      0.00      0.00      0.00
03:40:05 AM       1     22.00      0.00     78.00      0.00      0.00      0.00
03:40:06 AM       1     25.74      0.00     74.26      0.00      0.00      0.00
03:40:07 AM       1     22.22      0.00     77.78      0.00      0.00      0.00
03:40:08 AM       1     20.79      0.00     79.21      0.00      0.00      0.00
03:40:09 AM       1     26.26      0.00     73.74      0.00      0.00      0.00
03:40:10 AM       1     19.00      0.00     81.00      0.00      0.00      0.00
03:40:11 AM       1     24.75      0.00     75.25      0.00      0.00      0.00
03:40:12 AM       1     22.22      0.00     77.78      0.00      0.00      0.00
03:40:13 AM       1     19.00      0.00     81.00      0.00      0.00      0.00
03:40:14 AM       1     18.00      0.00     82.00      0.00      0.00      0.00
03:40:15 AM       1     21.00      0.00     79.00      0.00      0.00      0.00
Average:          1     21.75      0.00     78.25      0.00      0.00      0.00
