Linux 3.14.33-regular (node220-2) 	01/06/2017 	_x86_64_	(8 CPU)

10:43:23 AM     CPU     %user     %nice   %system   %iowait    %steal     %idle
10:43:24 AM       1     25.25      0.00     74.75      0.00      0.00      0.00
10:43:25 AM       1     19.00      0.00     81.00      0.00      0.00      0.00
10:43:26 AM       1     22.00      0.00     78.00      0.00      0.00      0.00
10:43:27 AM       1     18.00      0.00     82.00      0.00      0.00      0.00
10:43:28 AM       1     24.00      0.00     76.00      0.00      0.00      0.00
10:43:29 AM       1     22.00      0.00     78.00      0.00      0.00      0.00
10:43:30 AM       1     22.00      0.00     78.00      0.00      0.00      0.00
10:43:31 AM       1     21.78      0.00     78.22      0.00      0.00      0.00
10:43:32 AM       1     25.25      0.00     74.75      0.00      0.00      0.00
10:43:33 AM       1     21.00      0.00     79.00      0.00      0.00      0.00
10:43:34 AM       1     22.00      0.00     78.00      0.00      0.00      0.00
10:43:35 AM       1     21.00      0.00     79.00      0.00      0.00      0.00
10:43:36 AM       1     24.00      0.00     76.00      0.00      0.00      0.00
10:43:37 AM       1     23.00      0.00     77.00      0.00      0.00      0.00
10:43:38 AM       1     21.00      0.00     79.00      0.00      0.00      0.00
10:43:39 AM       1     21.00      0.00     79.00      0.00      0.00      0.00
10:43:40 AM       1     21.78      0.00     78.22      0.00      0.00      0.00
10:43:41 AM       1     24.00      0.00     76.00      0.00      0.00      0.00
10:43:42 AM       1     18.00      0.00     82.00      0.00      0.00      0.00
10:43:43 AM       1     25.00      0.00     75.00      0.00      0.00      0.00
Average:          1     22.05      0.00     77.95      0.00      0.00      0.00
