Linux 3.14.33-regular (node220-2) 	01/06/2017 	_x86_64_	(8 CPU)

09:00:56 AM     CPU     %user     %nice   %system   %iowait    %steal     %idle
09:00:57 AM       1     21.00      0.00     79.00      0.00      0.00      0.00
09:00:58 AM       1     24.75      0.00     75.25      0.00      0.00      0.00
09:00:59 AM       1     25.00      0.00     75.00      0.00      0.00      0.00
09:01:00 AM       1     23.23      0.00     76.77      0.00      0.00      0.00
09:01:01 AM       1     23.00      0.00     77.00      0.00      0.00      0.00
09:01:02 AM       1     24.00      0.00     76.00      0.00      0.00      0.00
09:01:03 AM       1     22.77      0.00     77.23      0.00      0.00      0.00
09:01:04 AM       1     22.22      0.00     77.78      0.00      0.00      0.00
09:01:05 AM       1     21.78      0.00     78.22      0.00      0.00      0.00
09:01:06 AM       1     18.00      0.00     82.00      0.00      0.00      0.00
09:01:07 AM       1     21.00      0.00     79.00      0.00      0.00      0.00
09:01:08 AM       1     22.22      0.00     77.78      0.00      0.00      0.00
09:01:09 AM       1     18.00      0.00     82.00      0.00      0.00      0.00
09:01:10 AM       1     20.00      0.00     80.00      0.00      0.00      0.00
09:01:11 AM       1     26.00      0.00     74.00      0.00      0.00      0.00
09:01:12 AM       1     21.00      0.00     79.00      0.00      0.00      0.00
09:01:13 AM       1     22.00      0.00     78.00      0.00      0.00      0.00
09:01:14 AM       1     22.00      0.00     78.00      0.00      0.00      0.00
09:01:15 AM       1     22.00      0.00     78.00      0.00      0.00      0.00
09:01:16 AM       1     22.77      0.00     77.23      0.00      0.00      0.00
Average:          1     22.14      0.00     77.86      0.00      0.00      0.00
