Linux 3.14.33-regular (node220-2) 	01/06/2017 	_x86_64_	(8 CPU)

05:58:15 AM     CPU     %user     %nice   %system   %iowait    %steal     %idle
05:58:16 AM       1     24.75      0.00     75.25      0.00      0.00      0.00
05:58:17 AM       1     22.22      0.00     77.78      0.00      0.00      0.00
05:58:18 AM       1     25.74      0.00     74.26      0.00      0.00      0.00
05:58:19 AM       1     20.00      0.00     80.00      0.00      0.00      0.00
05:58:20 AM       1     21.21      0.00     78.79      0.00      0.00      0.00
05:58:21 AM       1     25.74      0.00     74.26      0.00      0.00      0.00
05:58:22 AM       1     22.22      0.00     77.78      0.00      0.00      0.00
05:58:23 AM       1     22.00      0.00     78.00      0.00      0.00      0.00
05:58:24 AM       1     19.00      0.00     81.00      0.00      0.00      0.00
05:58:25 AM       1     23.00      0.00     77.00      0.00      0.00      0.00
05:58:26 AM       1     25.00      0.00     75.00      0.00      0.00      0.00
05:58:27 AM       1     20.00      0.00     80.00      0.00      0.00      0.00
05:58:28 AM       1     21.00      0.00     79.00      0.00      0.00      0.00
05:58:29 AM       1     27.00      0.00     73.00      0.00      0.00      0.00
05:58:30 AM       1     18.00      0.00     82.00      0.00      0.00      0.00
05:58:31 AM       1     26.00      0.00     74.00      0.00      0.00      0.00
05:58:32 AM       1     19.00      0.00     81.00      0.00      0.00      0.00
05:58:33 AM       1     23.76      0.00     76.24      0.00      0.00      0.00
05:58:34 AM       1     21.00      0.00     79.00      0.00      0.00      0.00
05:58:35 AM       1     22.22      0.00     77.78      0.00      0.00      0.00
Average:          1     22.45      0.00     77.55      0.00      0.00      0.00
