Linux 3.14.33-regular (node220-2) 	01/06/2017 	_x86_64_	(8 CPU)

02:31:26 AM     CPU     %user     %nice   %system   %iowait    %steal     %idle
02:31:27 AM       1     22.00      0.00     78.00      0.00      0.00      0.00
02:31:28 AM       1     23.23      0.00     76.77      0.00      0.00      0.00
02:31:29 AM       1     15.00      0.00     85.00      0.00      0.00      0.00
02:31:30 AM       1     21.78      0.00     78.22      0.00      0.00      0.00
02:31:31 AM       1     20.20      0.00     79.80      0.00      0.00      0.00
02:31:32 AM       1     23.76      0.00     76.24      0.00      0.00      0.00
02:31:33 AM       1     21.21      0.00     78.79      0.00      0.00      0.00
02:31:34 AM       1     25.00      0.00     75.00      0.00      0.00      0.00
02:31:35 AM       1     26.00      0.00     74.00      0.00      0.00      0.00
02:31:36 AM       1     20.00      0.00     80.00      0.00      0.00      0.00
02:31:37 AM       1     25.74      0.00     74.26      0.00      0.00      0.00
02:31:38 AM       1     17.17      0.00     82.83      0.00      0.00      0.00
02:31:39 AM       1     24.00      0.00     76.00      0.00      0.00      0.00
02:31:40 AM       1     22.00      0.00     78.00      0.00      0.00      0.00
02:31:41 AM       1     21.00      0.00     79.00      0.00      0.00      0.00
02:31:42 AM       1     25.74      0.00     74.26      0.00      0.00      0.00
02:31:43 AM       1     21.21      0.00     78.79      0.00      0.00      0.00
02:31:44 AM       1     20.79      0.00     79.21      0.00      0.00      0.00
02:31:45 AM       1     22.00      0.00     78.00      0.00      0.00      0.00
02:31:46 AM       1     19.19      0.00     80.81      0.00      0.00      0.00
Average:          1     21.86      0.00     78.14      0.00      0.00      0.00
