Linux 3.14.33-regular (node220-2) 	01/06/2017 	_x86_64_	(8 CPU)

10:26:05 AM     CPU     %user     %nice   %system   %iowait    %steal     %idle
10:26:06 AM       1     19.19      0.00     80.81      0.00      0.00      0.00
10:26:07 AM       1     24.75      0.00     75.25      0.00      0.00      0.00
10:26:08 AM       1     20.20      0.00     79.80      0.00      0.00      0.00
10:26:09 AM       1     18.00      0.00     82.00      0.00      0.00      0.00
10:26:10 AM       1     24.00      0.00     76.00      0.00      0.00      0.00
10:26:11 AM       1     26.00      0.00     74.00      0.00      0.00      0.00
10:26:12 AM       1     24.00      0.00     76.00      0.00      0.00      0.00
10:26:13 AM       1     21.00      0.00     79.00      0.00      0.00      0.00
10:26:14 AM       1     25.00      0.00     75.00      0.00      0.00      0.00
10:26:15 AM       1     25.00      0.00     75.00      0.00      0.00      0.00
10:26:16 AM       1     28.00      0.00     72.00      0.00      0.00      0.00
10:26:17 AM       1     24.00      0.00     76.00      0.00      0.00      0.00
10:26:18 AM       1     27.00      0.00     73.00      0.00      0.00      0.00
10:26:19 AM       1     24.00      0.00     76.00      0.00      0.00      0.00
10:26:20 AM       1     23.00      0.00     77.00      0.00      0.00      0.00
10:26:21 AM       1     23.00      0.00     77.00      0.00      0.00      0.00
10:26:22 AM       1     26.00      0.00     74.00      0.00      0.00      0.00
10:26:23 AM       1     22.00      0.00     78.00      0.00      0.00      0.00
10:26:24 AM       1     22.00      0.00     78.00      0.00      0.00      0.00
10:26:25 AM       1     23.00      0.00     77.00      0.00      0.00      0.00
Average:          1     23.46      0.00     76.54      0.00      0.00      0.00
