Linux 3.14.33-regular (node220-2) 	01/06/2017 	_x86_64_	(8 CPU)

07:42:07 AM     CPU     %user     %nice   %system   %iowait    %steal     %idle
07:42:08 AM       1     22.00      0.00     78.00      0.00      0.00      0.00
07:42:09 AM       1     23.00      0.00     77.00      0.00      0.00      0.00
07:42:10 AM       1     23.00      0.00     77.00      0.00      0.00      0.00
07:42:11 AM       1     16.83      0.00     83.17      0.00      0.00      0.00
07:42:12 AM       1     23.23      0.00     76.77      0.00      0.00      0.00
07:42:13 AM       1     22.00      0.00     78.00      0.00      0.00      0.00
07:42:14 AM       1     22.00      0.00     78.00      0.00      0.00      0.00
07:42:15 AM       1     22.00      0.00     78.00      0.00      0.00      0.00
07:42:16 AM       1     18.81      0.00     81.19      0.00      0.00      0.00
07:42:17 AM       1     22.22      0.00     77.78      0.00      0.00      0.00
07:42:18 AM       1     18.00      0.00     82.00      0.00      0.00      0.00
07:42:19 AM       1     24.00      0.00     76.00      0.00      0.00      0.00
07:42:20 AM       1     22.00      0.00     78.00      0.00      0.00      0.00
07:42:21 AM       1     21.78      0.00     78.22      0.00      0.00      0.00
07:42:22 AM       1     16.16      0.00     83.84      0.00      0.00      0.00
07:42:23 AM       1     24.00      0.00     76.00      0.00      0.00      0.00
07:42:24 AM       1     21.00      0.00     79.00      0.00      0.00      0.00
07:42:25 AM       1     21.00      0.00     79.00      0.00      0.00      0.00
07:42:26 AM       1     25.00      0.00     75.00      0.00      0.00      0.00
07:42:27 AM       1     22.00      0.00     78.00      0.00      0.00      0.00
Average:          1     21.50      0.00     78.50      0.00      0.00      0.00
