Linux 3.14.33-regular (node220-2) 	01/06/2017 	_x86_64_	(8 CPU)

08:51:58 AM     CPU     %user     %nice   %system   %iowait    %steal     %idle
08:51:59 AM       1     25.00      0.00     75.00      0.00      0.00      0.00
08:52:00 AM       1     26.00      0.00     74.00      0.00      0.00      0.00
08:52:01 AM       1     20.00      0.00     80.00      0.00      0.00      0.00
08:52:02 AM       1     22.00      0.00     78.00      0.00      0.00      0.00
08:52:03 AM       1     24.00      0.00     76.00      0.00      0.00      0.00
08:52:04 AM       1     18.00      0.00     82.00      0.00      0.00      0.00
08:52:05 AM       1     24.00      0.00     76.00      0.00      0.00      0.00
08:52:06 AM       1     20.00      0.00     80.00      0.00      0.00      0.00
08:52:07 AM       1     20.00      0.00     80.00      0.00      0.00      0.00
08:52:08 AM       1     20.00      0.00     80.00      0.00      0.00      0.00
08:52:09 AM       1     20.20      0.00     79.80      0.00      0.00      0.00
08:52:10 AM       1     16.83      0.00     83.17      0.00      0.00      0.00
08:52:11 AM       1     21.21      0.00     78.79      0.00      0.00      0.00
08:52:12 AM       1     22.00      0.00     78.00      0.00      0.00      0.00
08:52:13 AM       1     24.75      0.00     75.25      0.00      0.00      0.00
08:52:14 AM       1     24.00      0.00     76.00      0.00      0.00      0.00
08:52:15 AM       1     22.00      0.00     78.00      0.00      0.00      0.00
08:52:16 AM       1     20.00      0.00     80.00      0.00      0.00      0.00
08:52:17 AM       1     24.24      0.00     75.76      0.00      0.00      0.00
08:52:18 AM       1     21.78      0.00     78.22      0.00      0.00      0.00
Average:          1     21.80      0.00     78.20      0.00      0.00      0.00
