Linux 3.14.33-regular (node220-2) 	01/06/2017 	_x86_64_	(8 CPU)

06:48:56 AM     CPU     %user     %nice   %system   %iowait    %steal     %idle
06:48:57 AM       1     17.17      0.00     82.83      0.00      0.00      0.00
06:48:58 AM       1     30.00      0.00     70.00      0.00      0.00      0.00
06:48:59 AM       1     24.00      0.00     76.00      0.00      0.00      0.00
06:49:00 AM       1     18.00      0.00     82.00      0.00      0.00      0.00
06:49:01 AM       1     21.78      0.00     78.22      0.00      0.00      0.00
06:49:02 AM       1     20.20      0.00     79.80      0.00      0.00      0.00
06:49:03 AM       1     23.76      0.00     76.24      0.00      0.00      0.00
06:49:04 AM       1     26.00      0.00     74.00      0.00      0.00      0.00
06:49:05 AM       1     17.00      0.00     83.00      0.00      0.00      0.00
06:49:06 AM       1     22.00      0.00     78.00      0.00      0.00      0.00
06:49:07 AM       1     21.21      0.00     78.79      0.00      0.00      0.00
06:49:08 AM       1     22.00      0.00     78.00      0.00      0.00      0.00
06:49:09 AM       1     20.79      0.00     79.21      0.00      0.00      0.00
06:49:10 AM       1     29.29      0.00     70.71      0.00      0.00      0.00
06:49:11 AM       1     22.00      0.00     78.00      0.00      0.00      0.00
06:49:12 AM       1     16.00      0.00     84.00      0.00      0.00      0.00
06:49:13 AM       1     21.00      0.00     79.00      0.00      0.00      0.00
06:49:14 AM       1     23.76      0.00     76.24      0.00      0.00      0.00
06:49:15 AM       1     29.29      0.00     70.71      0.00      0.00      0.00
06:49:16 AM       1     24.75      0.00     75.25      0.00      0.00      0.00
Average:          1     22.50      0.00     77.50      0.00      0.00      0.00
