Linux 3.14.33-regular (node220-2) 	01/06/2017 	_x86_64_	(8 CPU)

06:23:55 AM     CPU     %user     %nice   %system   %iowait    %steal     %idle
06:23:56 AM       1     22.22      0.00     77.78      0.00      0.00      0.00
06:23:57 AM       1     17.00      0.00     83.00      0.00      0.00      0.00
06:23:58 AM       1     25.74      0.00     74.26      0.00      0.00      0.00
06:23:59 AM       1     24.24      0.00     75.76      0.00      0.00      0.00
06:24:00 AM       1     24.00      0.00     76.00      0.00      0.00      0.00
06:24:01 AM       1     24.00      0.00     76.00      0.00      0.00      0.00
06:24:02 AM       1     22.00      0.00     78.00      0.00      0.00      0.00
06:24:03 AM       1     24.00      0.00     76.00      0.00      0.00      0.00
06:24:04 AM       1     19.00      0.00     81.00      0.00      0.00      0.00
06:24:05 AM       1     21.00      0.00     79.00      0.00      0.00      0.00
06:24:06 AM       1     24.00      0.00     76.00      0.00      0.00      0.00
06:24:07 AM       1     22.00      0.00     78.00      0.00      0.00      0.00
06:24:08 AM       1     24.00      0.00     76.00      0.00      0.00      0.00
06:24:09 AM       1     22.00      0.00     78.00      0.00      0.00      0.00
06:24:10 AM       1     23.00      0.00     77.00      0.00      0.00      0.00
06:24:11 AM       1     23.00      0.00     77.00      0.00      0.00      0.00
06:24:12 AM       1     21.00      0.00     79.00      0.00      0.00      0.00
06:24:13 AM       1     23.00      0.00     77.00      0.00      0.00      0.00
06:24:14 AM       1     22.00      0.00     78.00      0.00      0.00      0.00
06:24:15 AM       1     21.00      0.00     79.00      0.00      0.00      0.00
Average:          1     22.41      0.00     77.59      0.00      0.00      0.00
