Linux 3.14.33-regular (node220-2) 	01/06/2017 	_x86_64_	(8 CPU)

04:40:45 AM     CPU     %user     %nice   %system   %iowait    %steal     %idle
04:40:46 AM       1     24.24      0.00     75.76      0.00      0.00      0.00
04:40:47 AM       1     19.80      0.00     80.20      0.00      0.00      0.00
04:40:48 AM       1     26.00      0.00     74.00      0.00      0.00      0.00
04:40:49 AM       1     16.16      0.00     83.84      0.00      0.00      0.00
04:40:50 AM       1     20.79      0.00     79.21      0.00      0.00      0.00
04:40:51 AM       1     22.22      0.00     77.78      0.00      0.00      0.00
04:40:52 AM       1     19.00      0.00     81.00      0.00      0.00      0.00
04:40:53 AM       1     20.79      0.00     79.21      0.00      0.00      0.00
04:40:54 AM       1     20.00      0.00     80.00      0.00      0.00      0.00
04:40:55 AM       1     19.00      0.00     81.00      0.00      0.00      0.00
04:40:56 AM       1     25.00      0.00     75.00      0.00      0.00      0.00
04:40:57 AM       1     23.00      0.00     77.00      0.00      0.00      0.00
04:40:58 AM       1     18.00      0.00     82.00      0.00      0.00      0.00
04:40:59 AM       1     20.00      0.00     80.00      0.00      0.00      0.00
04:41:00 AM       1     22.00      0.00     78.00      0.00      0.00      0.00
04:41:01 AM       1     19.00      0.00     81.00      0.00      0.00      0.00
04:41:02 AM       1     23.00      0.00     77.00      0.00      0.00      0.00
04:41:03 AM       1     23.00      0.00     77.00      0.00      0.00      0.00
04:41:04 AM       1     20.00      0.00     80.00      0.00      0.00      0.00
04:41:05 AM       1     21.21      0.00     78.79      0.00      0.00      0.00
Average:          1     21.11      0.00     78.89      0.00      0.00      0.00
