Linux 3.14.33-regular (node220-2) 	01/06/2017 	_x86_64_	(8 CPU)

10:29:18 AM     CPU     %user     %nice   %system   %iowait    %steal     %idle
10:29:19 AM       1     21.00      0.00     79.00      0.00      0.00      0.00
10:29:20 AM       1     21.00      0.00     79.00      0.00      0.00      0.00
10:29:21 AM       1     22.00      0.00     78.00      0.00      0.00      0.00
10:29:22 AM       1     22.00      0.00     78.00      0.00      0.00      0.00
10:29:23 AM       1     18.00      0.00     82.00      0.00      0.00      0.00
10:29:24 AM       1     23.00      0.00     77.00      0.00      0.00      0.00
10:29:25 AM       1     22.00      0.00     78.00      0.00      0.00      0.00
10:29:26 AM       1     18.00      0.00     82.00      0.00      0.00      0.00
10:29:27 AM       1     25.00      0.00     75.00      0.00      0.00      0.00
10:29:28 AM       1     25.00      0.00     75.00      0.00      0.00      0.00
10:29:29 AM       1     25.00      0.00     75.00      0.00      0.00      0.00
10:29:30 AM       1     21.00      0.00     79.00      0.00      0.00      0.00
10:29:31 AM       1     23.00      0.00     77.00      0.00      0.00      0.00
10:29:32 AM       1     26.73      0.00     73.27      0.00      0.00      0.00
10:29:33 AM       1     25.25      0.00     74.75      0.00      0.00      0.00
10:29:34 AM       1     24.00      0.00     76.00      0.00      0.00      0.00
10:29:35 AM       1     21.00      0.00     79.00      0.00      0.00      0.00
10:29:36 AM       1     19.00      0.00     81.00      0.00      0.00      0.00
10:29:37 AM       1     19.00      0.00     81.00      0.00      0.00      0.00
10:29:38 AM       1     19.00      0.00     81.00      0.00      0.00      0.00
Average:          1     22.00      0.00     78.00      0.00      0.00      0.00
