Linux 3.14.33-regular (node220-2) 	01/06/2017 	_x86_64_	(8 CPU)

12:05:33 PM     CPU     %user     %nice   %system   %iowait    %steal     %idle
12:05:34 PM       1     22.00      0.00     78.00      0.00      0.00      0.00
12:05:35 PM       1     25.00      0.00     75.00      0.00      0.00      0.00
12:05:36 PM       1     24.00      0.00     76.00      0.00      0.00      0.00
12:05:37 PM       1     27.00      0.00     73.00      0.00      0.00      0.00
12:05:38 PM       1     24.00      0.00     76.00      0.00      0.00      0.00
12:05:39 PM       1     21.00      0.00     79.00      0.00      0.00      0.00
12:05:40 PM       1     23.00      0.00     77.00      0.00      0.00      0.00
12:05:41 PM       1     27.00      0.00     73.00      0.00      0.00      0.00
12:05:42 PM       1     21.00      0.00     79.00      0.00      0.00      0.00
12:05:43 PM       1     22.77      0.00     77.23      0.00      0.00      0.00
12:05:44 PM       1     22.22      0.00     77.78      0.00      0.00      0.00
12:05:45 PM       1     24.00      0.00     76.00      0.00      0.00      0.00
12:05:46 PM       1     20.79      0.00     79.21      0.00      0.00      0.00
12:05:47 PM       1     24.24      0.00     75.76      0.00      0.00      0.00
12:05:48 PM       1     23.00      0.00     77.00      0.00      0.00      0.00
12:05:49 PM       1     24.00      0.00     76.00      0.00      0.00      0.00
12:05:50 PM       1     19.80      0.00     80.20      0.00      0.00      0.00
12:05:51 PM       1     20.00      0.00     80.00      0.00      0.00      0.00
12:05:52 PM       1     20.00      0.00     80.00      0.00      0.00      0.00
12:05:53 PM       1     25.25      0.00     74.75      0.00      0.00      0.00
Average:          1     23.00      0.00     77.00      0.00      0.00      0.00
