Linux 3.14.33-regular (node220-2) 	01/06/2017 	_x86_64_	(8 CPU)

08:59:01 AM     CPU     %user     %nice   %system   %iowait    %steal     %idle
08:59:02 AM       1     25.25      0.00     74.75      0.00      0.00      0.00
08:59:03 AM       1     19.80      0.00     80.20      0.00      0.00      0.00
08:59:04 AM       1     25.00      0.00     75.00      0.00      0.00      0.00
08:59:05 AM       1     22.22      0.00     77.78      0.00      0.00      0.00
08:59:06 AM       1     21.78      0.00     78.22      0.00      0.00      0.00
08:59:07 AM       1     22.22      0.00     77.78      0.00      0.00      0.00
08:59:08 AM       1     28.00      0.00     72.00      0.00      0.00      0.00
08:59:09 AM       1     24.75      0.00     75.25      0.00      0.00      0.00
08:59:10 AM       1     22.22      0.00     77.78      0.00      0.00      0.00
08:59:11 AM       1     21.78      0.00     78.22      0.00      0.00      0.00
08:59:12 AM       1     27.27      0.00     72.73      0.00      0.00      0.00
08:59:13 AM       1     21.00      0.00     79.00      0.00      0.00      0.00
08:59:14 AM       1     25.00      0.00     75.00      0.00      0.00      0.00
08:59:15 AM       1     27.00      0.00     73.00      0.00      0.00      0.00
08:59:16 AM       1     24.00      0.00     76.00      0.00      0.00      0.00
08:59:17 AM       1     24.00      0.00     76.00      0.00      0.00      0.00
08:59:18 AM       1     24.00      0.00     76.00      0.00      0.00      0.00
08:59:19 AM       1     19.00      0.00     81.00      0.00      0.00      0.00
08:59:20 AM       1     26.73      0.00     73.27      0.00      0.00      0.00
08:59:21 AM       1     23.23      0.00     76.77      0.00      0.00      0.00
Average:          1     23.71      0.00     76.29      0.00      0.00      0.00
