Linux 3.14.33-regular (node220-2) 	01/06/2017 	_x86_64_	(8 CPU)

07:12:39 AM     CPU     %user     %nice   %system   %iowait    %steal     %idle
07:12:40 AM       1     21.00      0.00     79.00      0.00      0.00      0.00
07:12:41 AM       1     23.00      0.00     77.00      0.00      0.00      0.00
07:12:42 AM       1     21.00      0.00     79.00      0.00      0.00      0.00
07:12:43 AM       1     17.00      0.00     83.00      0.00      0.00      0.00
07:12:44 AM       1     23.23      0.00     76.77      0.00      0.00      0.00
07:12:45 AM       1     21.00      0.00     79.00      0.00      0.00      0.00
07:12:46 AM       1     21.00      0.00     79.00      0.00      0.00      0.00
07:12:47 AM       1     22.77      0.00     77.23      0.00      0.00      0.00
07:12:48 AM       1     22.00      0.00     78.00      0.00      0.00      0.00
07:12:49 AM       1     21.00      0.00     79.00      0.00      0.00      0.00
07:12:50 AM       1     20.00      0.00     80.00      0.00      0.00      0.00
07:12:51 AM       1     23.00      0.00     77.00      0.00      0.00      0.00
07:12:52 AM       1     19.00      0.00     81.00      0.00      0.00      0.00
07:12:53 AM       1     20.00      0.00     80.00      0.00      0.00      0.00
07:12:54 AM       1     21.78      0.00     78.22      0.00      0.00      0.00
07:12:55 AM       1     18.18      0.00     81.82      0.00      0.00      0.00
07:12:56 AM       1     22.00      0.00     78.00      0.00      0.00      0.00
07:12:57 AM       1     22.22      0.00     77.78      0.00      0.00      0.00
07:12:58 AM       1     25.74      0.00     74.26      0.00      0.00      0.00
07:12:59 AM       1     28.28      0.00     71.72      0.00      0.00      0.00
Average:          1     21.66      0.00     78.34      0.00      0.00      0.00
