Linux 3.14.33-regular (node220-2) 	01/06/2017 	_x86_64_	(8 CPU)

05:38:26 AM     CPU     %user     %nice   %system   %iowait    %steal     %idle
05:38:27 AM       1     21.00      0.00     79.00      0.00      0.00      0.00
05:38:28 AM       1     19.80      0.00     80.20      0.00      0.00      0.00
05:38:29 AM       1     20.20      0.00     79.80      0.00      0.00      0.00
05:38:30 AM       1     23.00      0.00     77.00      0.00      0.00      0.00
05:38:31 AM       1     20.79      0.00     79.21      0.00      0.00      0.00
05:38:32 AM       1     22.00      0.00     78.00      0.00      0.00      0.00
05:38:33 AM       1     27.27      0.00     72.73      0.00      0.00      0.00
05:38:34 AM       1     21.00      0.00     79.00      0.00      0.00      0.00
05:38:35 AM       1     23.00      0.00     77.00      0.00      0.00      0.00
05:38:36 AM       1     26.00      0.00     74.00      0.00      0.00      0.00
05:38:37 AM       1     22.00      0.00     78.00      0.00      0.00      0.00
05:38:38 AM       1     22.00      0.00     78.00      0.00      0.00      0.00
05:38:39 AM       1     24.00      0.00     76.00      0.00      0.00      0.00
05:38:40 AM       1     22.77      0.00     77.23      0.00      0.00      0.00
05:38:41 AM       1     20.20      0.00     79.80      0.00      0.00      0.00
05:38:42 AM       1     18.00      0.00     82.00      0.00      0.00      0.00
05:38:43 AM       1     23.00      0.00     77.00      0.00      0.00      0.00
05:38:44 AM       1     19.00      0.00     81.00      0.00      0.00      0.00
05:38:45 AM       1     20.00      0.00     80.00      0.00      0.00      0.00
05:38:46 AM       1     26.00      0.00     74.00      0.00      0.00      0.00
Average:          1     22.05      0.00     77.95      0.00      0.00      0.00
