Linux 3.14.33-regular (node220-2) 	01/06/2017 	_x86_64_	(8 CPU)

07:12:00 AM     CPU     %user     %nice   %system   %iowait    %steal     %idle
07:12:01 AM       1     21.00      0.00     79.00      0.00      0.00      0.00
07:12:02 AM       1     20.00      0.00     80.00      0.00      0.00      0.00
07:12:03 AM       1     25.00      0.00     75.00      0.00      0.00      0.00
07:12:04 AM       1     19.00      0.00     81.00      0.00      0.00      0.00
07:12:05 AM       1     23.00      0.00     77.00      0.00      0.00      0.00
07:12:06 AM       1     23.00      0.00     77.00      0.00      0.00      0.00
07:12:07 AM       1     20.00      0.00     80.00      0.00      0.00      0.00
07:12:08 AM       1     18.00      0.00     82.00      0.00      0.00      0.00
07:12:09 AM       1     20.00      0.00     80.00      0.00      0.00      0.00
07:12:10 AM       1     20.00      0.00     80.00      0.00      0.00      0.00
07:12:11 AM       1     24.00      0.00     76.00      0.00      0.00      0.00
07:12:12 AM       1     18.00      0.00     82.00      0.00      0.00      0.00
07:12:13 AM       1     21.00      0.00     79.00      0.00      0.00      0.00
07:12:14 AM       1     24.00      0.00     76.00      0.00      0.00      0.00
07:12:15 AM       1     21.00      0.00     79.00      0.00      0.00      0.00
07:12:16 AM       1     20.00      0.00     80.00      0.00      0.00      0.00
07:12:17 AM       1     21.00      0.00     79.00      0.00      0.00      0.00
07:12:18 AM       1     24.00      0.00     76.00      0.00      0.00      0.00
07:12:19 AM       1     25.25      0.00     74.75      0.00      0.00      0.00
07:12:20 AM       1     20.79      0.00     79.21      0.00      0.00      0.00
Average:          1     21.40      0.00     78.60      0.00      0.00      0.00
