Linux 3.14.33-regular (node220-2) 	01/06/2017 	_x86_64_	(8 CPU)

09:12:27 AM     CPU     %user     %nice   %system   %iowait    %steal     %idle
09:12:28 AM       1     21.00      0.00     79.00      0.00      0.00      0.00
09:12:29 AM       1     22.00      0.00     78.00      0.00      0.00      0.00
09:12:30 AM       1     19.80      0.00     80.20      0.00      0.00      0.00
09:12:31 AM       1     20.00      0.00     80.00      0.00      0.00      0.00
09:12:32 AM       1     23.23      0.00     76.77      0.00      0.00      0.00
09:12:33 AM       1     21.00      0.00     79.00      0.00      0.00      0.00
09:12:34 AM       1     19.00      0.00     81.00      0.00      0.00      0.00
09:12:35 AM       1     17.00      0.00     83.00      0.00      0.00      0.00
09:12:36 AM       1     25.00      0.00     75.00      0.00      0.00      0.00
09:12:37 AM       1     20.79      0.00     79.21      0.00      0.00      0.00
09:12:38 AM       1     18.18      0.00     81.82      0.00      0.00      0.00
09:12:39 AM       1     20.00      0.00     80.00      0.00      0.00      0.00
09:12:40 AM       1     23.00      0.00     77.00      0.00      0.00      0.00
09:12:41 AM       1     23.00      0.00     77.00      0.00      0.00      0.00
09:12:42 AM       1     21.78      0.00     78.22      0.00      0.00      0.00
09:12:43 AM       1     20.00      0.00     80.00      0.00      0.00      0.00
09:12:44 AM       1     22.22      0.00     77.78      0.00      0.00      0.00
09:12:45 AM       1     23.76      0.00     76.24      0.00      0.00      0.00
09:12:46 AM       1     23.00      0.00     77.00      0.00      0.00      0.00
09:12:47 AM       1     28.00      0.00     72.00      0.00      0.00      0.00
Average:          1     21.59      0.00     78.41      0.00      0.00      0.00
