Linux 3.14.33-regular (node220-2) 	01/06/2017 	_x86_64_	(8 CPU)

09:23:20 AM     CPU     %user     %nice   %system   %iowait    %steal     %idle
09:23:21 AM       1     22.00      0.00     78.00      0.00      0.00      0.00
09:23:22 AM       1     25.00      0.00     75.00      0.00      0.00      0.00
09:23:23 AM       1     23.00      0.00     77.00      0.00      0.00      0.00
09:23:24 AM       1     18.00      0.00     82.00      0.00      0.00      0.00
09:23:25 AM       1     22.00      0.00     78.00      0.00      0.00      0.00
09:23:26 AM       1     23.23      0.00     76.77      0.00      0.00      0.00
09:23:27 AM       1     23.76      0.00     76.24      0.00      0.00      0.00
09:23:28 AM       1     20.20      0.00     79.80      0.00      0.00      0.00
09:23:29 AM       1     17.00      0.00     83.00      0.00      0.00      0.00
09:23:30 AM       1     23.00      0.00     77.00      0.00      0.00      0.00
09:23:31 AM       1     21.78      0.00     78.22      0.00      0.00      0.00
09:23:32 AM       1     21.00      0.00     79.00      0.00      0.00      0.00
09:23:33 AM       1     21.00      0.00     79.00      0.00      0.00      0.00
09:23:34 AM       1     21.00      0.00     79.00      0.00      0.00      0.00
09:23:35 AM       1     21.00      0.00     79.00      0.00      0.00      0.00
09:23:36 AM       1     25.25      0.00     74.75      0.00      0.00      0.00
09:23:37 AM       1     18.81      0.00     81.19      0.00      0.00      0.00
09:23:38 AM       1     21.00      0.00     79.00      0.00      0.00      0.00
09:23:39 AM       1     23.23      0.00     76.77      0.00      0.00      0.00
09:23:40 AM       1     21.78      0.00     78.22      0.00      0.00      0.00
Average:          1     21.65      0.00     78.35      0.00      0.00      0.00
