Linux 3.14.33-regular (node220-2) 	01/06/2017 	_x86_64_	(8 CPU)

03:48:13 AM     CPU     %user     %nice   %system   %iowait    %steal     %idle
03:48:14 AM       1     22.22      0.00     77.78      0.00      0.00      0.00
03:48:15 AM       1     22.77      0.00     77.23      0.00      0.00      0.00
03:48:16 AM       1     20.00      0.00     80.00      0.00      0.00      0.00
03:48:17 AM       1     16.00      0.00     84.00      0.00      0.00      0.00
03:48:18 AM       1     23.00      0.00     77.00      0.00      0.00      0.00
03:48:19 AM       1     25.00      0.00     75.00      0.00      0.00      0.00
03:48:20 AM       1     19.00      0.00     81.00      0.00      0.00      0.00
03:48:21 AM       1     18.00      0.00     82.00      0.00      0.00      0.00
03:48:22 AM       1     22.00      0.00     78.00      0.00      0.00      0.00
03:48:23 AM       1     20.00      0.00     80.00      0.00      0.00      0.00
03:48:24 AM       1     22.00      0.00     78.00      0.00      0.00      0.00
03:48:25 AM       1     25.00      0.00     75.00      0.00      0.00      0.00
03:48:26 AM       1     22.00      0.00     78.00      0.00      0.00      0.00
03:48:27 AM       1     20.00      0.00     80.00      0.00      0.00      0.00
03:48:28 AM       1     21.21      0.00     78.79      0.00      0.00      0.00
03:48:29 AM       1     25.74      0.00     74.26      0.00      0.00      0.00
03:48:30 AM       1     23.00      0.00     77.00      0.00      0.00      0.00
03:48:31 AM       1     23.00      0.00     77.00      0.00      0.00      0.00
03:48:32 AM       1     21.00      0.00     79.00      0.00      0.00      0.00
03:48:33 AM       1     24.00      0.00     76.00      0.00      0.00      0.00
Average:          1     21.75      0.00     78.25      0.00      0.00      0.00
