Linux 3.14.33-regular (node220-2) 	01/06/2017 	_x86_64_	(8 CPU)

07:51:04 AM     CPU     %user     %nice   %system   %iowait    %steal     %idle
07:51:05 AM       1     24.24      0.00     75.76      0.00      0.00      0.00
07:51:06 AM       1     20.00      0.00     80.00      0.00      0.00      0.00
07:51:07 AM       1     22.77      0.00     77.23      0.00      0.00      0.00
07:51:08 AM       1     21.00      0.00     79.00      0.00      0.00      0.00
07:51:09 AM       1     24.24      0.00     75.76      0.00      0.00      0.00
07:51:10 AM       1     24.75      0.00     75.25      0.00      0.00      0.00
07:51:11 AM       1     25.00      0.00     75.00      0.00      0.00      0.00
07:51:12 AM       1     20.00      0.00     80.00      0.00      0.00      0.00
07:51:13 AM       1     27.00      0.00     73.00      0.00      0.00      0.00
07:51:14 AM       1     23.00      0.00     77.00      0.00      0.00      0.00
07:51:15 AM       1     28.00      0.00     72.00      0.00      0.00      0.00
07:51:16 AM       1     19.00      0.00     81.00      0.00      0.00      0.00
07:51:17 AM       1     23.23      0.00     76.77      0.00      0.00      0.00
07:51:18 AM       1     25.74      0.00     74.26      0.00      0.00      0.00
07:51:19 AM       1     21.21      0.00     78.79      0.00      0.00      0.00
07:51:20 AM       1     27.00      0.00     73.00      0.00      0.00      0.00
07:51:21 AM       1     20.00      0.00     80.00      0.00      0.00      0.00
07:51:22 AM       1     21.00      0.00     79.00      0.00      0.00      0.00
07:51:23 AM       1     27.00      0.00     73.00      0.00      0.00      0.00
07:51:24 AM       1     27.00      0.00     73.00      0.00      0.00      0.00
Average:          1     23.56      0.00     76.44      0.00      0.00      0.00
