Linux 3.14.33-regular (node220-2) 	01/06/2017 	_x86_64_	(8 CPU)

08:55:11 AM     CPU     %user     %nice   %system   %iowait    %steal     %idle
08:55:12 AM       1     23.00      0.00     77.00      0.00      0.00      0.00
08:55:13 AM       1     22.00      0.00     78.00      0.00      0.00      0.00
08:55:14 AM       1     22.00      0.00     78.00      0.00      0.00      0.00
08:55:15 AM       1     19.80      0.00     80.20      0.00      0.00      0.00
08:55:16 AM       1     21.00      0.00     79.00      0.00      0.00      0.00
08:55:17 AM       1     21.21      0.00     78.79      0.00      0.00      0.00
08:55:18 AM       1     21.78      0.00     78.22      0.00      0.00      0.00
08:55:19 AM       1     23.00      0.00     77.00      0.00      0.00      0.00
08:55:20 AM       1     24.00      0.00     76.00      0.00      0.00      0.00
08:55:21 AM       1     17.17      0.00     82.83      0.00      0.00      0.00
08:55:22 AM       1     22.77      0.00     77.23      0.00      0.00      0.00
08:55:23 AM       1     23.00      0.00     77.00      0.00      0.00      0.00
08:55:24 AM       1     21.21      0.00     78.79      0.00      0.00      0.00
08:55:25 AM       1     21.00      0.00     79.00      0.00      0.00      0.00
08:55:26 AM       1     21.00      0.00     79.00      0.00      0.00      0.00
08:55:27 AM       1     19.80      0.00     80.20      0.00      0.00      0.00
08:55:28 AM       1     23.00      0.00     77.00      0.00      0.00      0.00
08:55:29 AM       1     23.00      0.00     77.00      0.00      0.00      0.00
08:55:30 AM       1     21.21      0.00     78.79      0.00      0.00      0.00
08:55:31 AM       1     25.00      0.00     75.00      0.00      0.00      0.00
Average:          1     21.80      0.00     78.20      0.00      0.00      0.00
