Linux 3.14.33-regular (node220-2) 	01/06/2017 	_x86_64_	(8 CPU)

08:34:37 AM     CPU     %user     %nice   %system   %iowait    %steal     %idle
08:34:38 AM       1     19.00      0.00     81.00      0.00      0.00      0.00
08:34:39 AM       1     20.00      0.00     80.00      0.00      0.00      0.00
08:34:40 AM       1     23.76      0.00     76.24      0.00      0.00      0.00
08:34:41 AM       1     20.20      0.00     79.80      0.00      0.00      0.00
08:34:42 AM       1     21.78      0.00     78.22      0.00      0.00      0.00
08:34:43 AM       1     24.00      0.00     76.00      0.00      0.00      0.00
08:34:44 AM       1     21.00      0.00     79.00      0.00      0.00      0.00
08:34:45 AM       1     21.21      0.00     78.79      0.00      0.00      0.00
08:34:46 AM       1     19.80      0.00     80.20      0.00      0.00      0.00
08:34:47 AM       1     21.21      0.00     78.79      0.00      0.00      0.00
08:34:48 AM       1     22.00      0.00     78.00      0.00      0.00      0.00
08:34:49 AM       1     22.00      0.00     78.00      0.00      0.00      0.00
08:34:50 AM       1     22.77      0.00     77.23      0.00      0.00      0.00
08:34:51 AM       1     22.00      0.00     78.00      0.00      0.00      0.00
08:34:52 AM       1     29.00      0.00     71.00      0.00      0.00      0.00
08:34:53 AM       1     22.00      0.00     78.00      0.00      0.00      0.00
08:34:54 AM       1     25.00      0.00     75.00      0.00      0.00      0.00
08:34:55 AM       1     20.00      0.00     80.00      0.00      0.00      0.00
08:34:56 AM       1     23.00      0.00     77.00      0.00      0.00      0.00
08:34:57 AM       1     22.00      0.00     78.00      0.00      0.00      0.00
Average:          1     22.09      0.00     77.91      0.00      0.00      0.00
