Linux 3.14.33-regular (node220-2) 	01/06/2017 	_x86_64_	(8 CPU)

07:49:47 AM     CPU     %user     %nice   %system   %iowait    %steal     %idle
07:49:48 AM       1     22.00      0.00     78.00      0.00      0.00      0.00
07:49:49 AM       1     22.77      0.00     77.23      0.00      0.00      0.00
07:49:50 AM       1     16.16      0.00     83.84      0.00      0.00      0.00
07:49:51 AM       1     23.00      0.00     77.00      0.00      0.00      0.00
07:49:52 AM       1     19.00      0.00     81.00      0.00      0.00      0.00
07:49:53 AM       1     21.00      0.00     79.00      0.00      0.00      0.00
07:49:54 AM       1     24.00      0.00     76.00      0.00      0.00      0.00
07:49:55 AM       1     21.00      0.00     79.00      0.00      0.00      0.00
07:49:56 AM       1     22.00      0.00     78.00      0.00      0.00      0.00
07:49:57 AM       1     22.00      0.00     78.00      0.00      0.00      0.00
07:49:58 AM       1     22.00      0.00     78.00      0.00      0.00      0.00
07:49:59 AM       1     19.00      0.00     81.00      0.00      0.00      0.00
07:50:00 AM       1     21.00      0.00     79.00      0.00      0.00      0.00
07:50:01 AM       1     24.00      0.00     76.00      0.00      0.00      0.00
07:50:02 AM       1     22.00      0.00     78.00      0.00      0.00      0.00
07:50:03 AM       1     18.00      0.00     82.00      0.00      0.00      0.00
07:50:04 AM       1     24.00      0.00     76.00      0.00      0.00      0.00
07:50:05 AM       1     24.00      0.00     76.00      0.00      0.00      0.00
07:50:06 AM       1     22.00      0.00     78.00      0.00      0.00      0.00
07:50:07 AM       1     20.00      0.00     80.00      0.00      0.00      0.00
Average:          1     21.45      0.00     78.55      0.00      0.00      0.00
