Linux 3.14.33-regular (node220-2) 	01/06/2017 	_x86_64_	(8 CPU)

11:51:29 AM     CPU     %user     %nice   %system   %iowait    %steal     %idle
11:51:30 AM       1     21.00      0.00     79.00      0.00      0.00      0.00
11:51:31 AM       1     21.00      0.00     79.00      0.00      0.00      0.00
11:51:32 AM       1     23.00      0.00     77.00      0.00      0.00      0.00
11:51:33 AM       1     24.00      0.00     76.00      0.00      0.00      0.00
11:51:34 AM       1     20.00      0.00     80.00      0.00      0.00      0.00
11:51:35 AM       1     21.21      0.00     78.79      0.00      0.00      0.00
11:51:36 AM       1     22.00      0.00     78.00      0.00      0.00      0.00
11:51:37 AM       1     22.77      0.00     77.23      0.00      0.00      0.00
11:51:38 AM       1     20.00      0.00     80.00      0.00      0.00      0.00
11:51:39 AM       1     24.00      0.00     76.00      0.00      0.00      0.00
11:51:40 AM       1     21.00      0.00     79.00      0.00      0.00      0.00
11:51:41 AM       1     17.17      0.00     82.83      0.00      0.00      0.00
11:51:42 AM       1     26.73      0.00     73.27      0.00      0.00      0.00
11:51:43 AM       1     20.00      0.00     80.00      0.00      0.00      0.00
11:51:44 AM       1     23.00      0.00     77.00      0.00      0.00      0.00
11:51:45 AM       1     21.00      0.00     79.00      0.00      0.00      0.00
11:51:46 AM       1     14.14      0.00     85.86      0.00      0.00      0.00
11:51:47 AM       1     22.77      0.00     77.23      0.00      0.00      0.00
11:51:48 AM       1     26.00      0.00     74.00      0.00      0.00      0.00
11:51:49 AM       1     21.21      0.00     78.79      0.00      0.00      0.00
Average:          1     21.61      0.00     78.39      0.00      0.00      0.00
