Linux 3.14.33-regular (node220-2) 	01/06/2017 	_x86_64_	(8 CPU)

03:26:29 AM     CPU     %user     %nice   %system   %iowait    %steal     %idle
03:26:30 AM       1     25.00      0.00     75.00      0.00      0.00      0.00
03:26:31 AM       1     23.00      0.00     77.00      0.00      0.00      0.00
03:26:32 AM       1     20.00      0.00     80.00      0.00      0.00      0.00
03:26:33 AM       1     19.80      0.00     80.20      0.00      0.00      0.00
03:26:34 AM       1     23.23      0.00     76.77      0.00      0.00      0.00
03:26:35 AM       1     23.76      0.00     76.24      0.00      0.00      0.00
03:26:36 AM       1     21.00      0.00     79.00      0.00      0.00      0.00
03:26:37 AM       1     22.00      0.00     78.00      0.00      0.00      0.00
03:26:38 AM       1     24.24      0.00     75.76      0.00      0.00      0.00
03:26:39 AM       1     22.00      0.00     78.00      0.00      0.00      0.00
03:26:40 AM       1     21.00      0.00     79.00      0.00      0.00      0.00
03:26:41 AM       1     26.00      0.00     74.00      0.00      0.00      0.00
03:26:42 AM       1     21.78      0.00     78.22      0.00      0.00      0.00
03:26:43 AM       1     17.00      0.00     83.00      0.00      0.00      0.00
03:26:44 AM       1     26.00      0.00     74.00      0.00      0.00      0.00
03:26:45 AM       1     20.00      0.00     80.00      0.00      0.00      0.00
03:26:46 AM       1     24.00      0.00     76.00      0.00      0.00      0.00
03:26:47 AM       1     22.00      0.00     78.00      0.00      0.00      0.00
03:26:48 AM       1     21.00      0.00     79.00      0.00      0.00      0.00
03:26:49 AM       1     19.00      0.00     81.00      0.00      0.00      0.00
Average:          1     22.09      0.00     77.91      0.00      0.00      0.00
