Linux 3.14.33-regular (node220-2) 	01/06/2017 	_x86_64_	(8 CPU)

05:57:36 AM     CPU     %user     %nice   %system   %iowait    %steal     %idle
05:57:37 AM       1     21.00      0.00     79.00      0.00      0.00      0.00
05:57:38 AM       1     29.29      0.00     70.71      0.00      0.00      0.00
05:57:39 AM       1     20.00      0.00     80.00      0.00      0.00      0.00
05:57:40 AM       1     22.00      0.00     78.00      0.00      0.00      0.00
05:57:41 AM       1     26.73      0.00     73.27      0.00      0.00      0.00
05:57:42 AM       1     23.00      0.00     77.00      0.00      0.00      0.00
05:57:43 AM       1     18.00      0.00     82.00      0.00      0.00      0.00
05:57:44 AM       1     21.00      0.00     79.00      0.00      0.00      0.00
05:57:45 AM       1     21.00      0.00     79.00      0.00      0.00      0.00
05:57:46 AM       1     24.00      0.00     76.00      0.00      0.00      0.00
05:57:47 AM       1     18.00      0.00     82.00      0.00      0.00      0.00
05:57:48 AM       1     24.24      0.00     75.76      0.00      0.00      0.00
05:57:49 AM       1     25.00      0.00     75.00      0.00      0.00      0.00
05:57:50 AM       1     22.77      0.00     77.23      0.00      0.00      0.00
05:57:51 AM       1     20.20      0.00     79.80      0.00      0.00      0.00
05:57:52 AM       1     19.00      0.00     81.00      0.00      0.00      0.00
05:57:53 AM       1     21.00      0.00     79.00      0.00      0.00      0.00
05:57:54 AM       1     20.79      0.00     79.21      0.00      0.00      0.00
05:57:55 AM       1     21.21      0.00     78.79      0.00      0.00      0.00
05:57:56 AM       1     22.77      0.00     77.23      0.00      0.00      0.00
Average:          1     22.05      0.00     77.95      0.00      0.00      0.00
