Linux 3.14.33-regular (node220-2) 	01/06/2017 	_x86_64_	(8 CPU)

04:17:42 AM     CPU     %user     %nice   %system   %iowait    %steal     %idle
04:17:43 AM       1     24.00      0.00     76.00      0.00      0.00      0.00
04:17:44 AM       1     25.00      0.00     75.00      0.00      0.00      0.00
04:17:45 AM       1     21.00      0.00     79.00      0.00      0.00      0.00
04:17:46 AM       1     21.00      0.00     79.00      0.00      0.00      0.00
04:17:47 AM       1     23.00      0.00     77.00      0.00      0.00      0.00
04:17:48 AM       1     24.00      0.00     76.00      0.00      0.00      0.00
04:17:49 AM       1     25.00      0.00     75.00      0.00      0.00      0.00
04:17:50 AM       1     22.00      0.00     78.00      0.00      0.00      0.00
04:17:51 AM       1     22.00      0.00     78.00      0.00      0.00      0.00
04:17:52 AM       1     21.00      0.00     79.00      0.00      0.00      0.00
04:17:53 AM       1     22.00      0.00     78.00      0.00      0.00      0.00
04:17:54 AM       1     23.00      0.00     77.00      0.00      0.00      0.00
04:17:55 AM       1     17.00      0.00     83.00      0.00      0.00      0.00
04:17:56 AM       1     26.00      0.00     74.00      0.00      0.00      0.00
04:17:57 AM       1     20.00      0.00     80.00      0.00      0.00      0.00
04:17:58 AM       1     21.00      0.00     79.00      0.00      0.00      0.00
04:17:59 AM       1     21.21      0.00     78.79      0.00      0.00      0.00
04:18:00 AM       1     19.00      0.00     81.00      0.00      0.00      0.00
04:18:01 AM       1     21.00      0.00     79.00      0.00      0.00      0.00
04:18:02 AM       1     20.79      0.00     79.21      0.00      0.00      0.00
Average:          1     21.95      0.00     78.05      0.00      0.00      0.00
