Linux 3.14.33-regular (node220-2) 	01/06/2017 	_x86_64_	(8 CPU)

09:05:24 AM     CPU     %user     %nice   %system   %iowait    %steal     %idle
09:05:25 AM       1     20.79      0.00     79.21      0.00      0.00      0.00
09:05:26 AM       1     22.00      0.00     78.00      0.00      0.00      0.00
09:05:27 AM       1     19.00      0.00     81.00      0.00      0.00      0.00
09:05:28 AM       1     22.22      0.00     77.78      0.00      0.00      0.00
09:05:29 AM       1     23.76      0.00     76.24      0.00      0.00      0.00
09:05:30 AM       1     23.00      0.00     77.00      0.00      0.00      0.00
09:05:31 AM       1     22.00      0.00     78.00      0.00      0.00      0.00
09:05:32 AM       1     21.00      0.00     79.00      0.00      0.00      0.00
09:05:33 AM       1     23.00      0.00     77.00      0.00      0.00      0.00
09:05:34 AM       1     20.00      0.00     80.00      0.00      0.00      0.00
09:05:35 AM       1     23.00      0.00     77.00      0.00      0.00      0.00
09:05:36 AM       1     20.00      0.00     80.00      0.00      0.00      0.00
09:05:37 AM       1     20.00      0.00     80.00      0.00      0.00      0.00
09:05:38 AM       1     23.00      0.00     77.00      0.00      0.00      0.00
09:05:39 AM       1     20.79      0.00     79.21      0.00      0.00      0.00
09:05:40 AM       1     24.24      0.00     75.76      0.00      0.00      0.00
09:05:41 AM       1     24.00      0.00     76.00      0.00      0.00      0.00
09:05:42 AM       1     21.78      0.00     78.22      0.00      0.00      0.00
09:05:43 AM       1     19.00      0.00     81.00      0.00      0.00      0.00
09:05:44 AM       1     20.20      0.00     79.80      0.00      0.00      0.00
Average:          1     21.64      0.00     78.36      0.00      0.00      0.00
