Linux 3.14.33-regular (node220-2) 	01/06/2017 	_x86_64_	(8 CPU)

06:25:12 AM     CPU     %user     %nice   %system   %iowait    %steal     %idle
06:25:13 AM       1     22.22      0.00     77.78      0.00      0.00      0.00
06:25:14 AM       1     19.00      0.00     81.00      0.00      0.00      0.00
06:25:15 AM       1     24.75      0.00     75.25      0.00      0.00      0.00
06:25:16 AM       1     19.19      0.00     80.81      0.00      0.00      0.00
06:25:17 AM       1     24.75      0.00     75.25      0.00      0.00      0.00
06:25:18 AM       1     24.00      0.00     76.00      0.00      0.00      0.00
06:25:19 AM       1     20.20      0.00     79.80      0.00      0.00      0.00
06:25:20 AM       1     20.00      0.00     80.00      0.00      0.00      0.00
06:25:21 AM       1     21.00      0.00     79.00      0.00      0.00      0.00
06:25:22 AM       1     21.00      0.00     79.00      0.00      0.00      0.00
06:25:23 AM       1     27.00      0.00     73.00      0.00      0.00      0.00
06:25:24 AM       1     21.21      0.00     78.79      0.00      0.00      0.00
06:25:25 AM       1     21.78      0.00     78.22      0.00      0.00      0.00
06:25:26 AM       1     21.00      0.00     79.00      0.00      0.00      0.00
06:25:27 AM       1     20.00      0.00     80.00      0.00      0.00      0.00
06:25:28 AM       1     23.00      0.00     77.00      0.00      0.00      0.00
06:25:29 AM       1     20.20      0.00     79.80      0.00      0.00      0.00
06:25:30 AM       1     20.79      0.00     79.21      0.00      0.00      0.00
06:25:31 AM       1     22.22      0.00     77.78      0.00      0.00      0.00
06:25:32 AM       1     20.79      0.00     79.21      0.00      0.00      0.00
Average:          1     21.71      0.00     78.29      0.00      0.00      0.00
