Linux 3.14.33-regular (node220-2) 	01/06/2017 	_x86_64_	(8 CPU)

09:04:08 AM     CPU     %user     %nice   %system   %iowait    %steal     %idle
09:04:09 AM       1     22.00      0.00     78.00      0.00      0.00      0.00
09:04:10 AM       1     25.00      0.00     75.00      0.00      0.00      0.00
09:04:11 AM       1     23.00      0.00     77.00      0.00      0.00      0.00
09:04:12 AM       1     24.00      0.00     76.00      0.00      0.00      0.00
09:04:13 AM       1     22.00      0.00     78.00      0.00      0.00      0.00
09:04:14 AM       1     20.00      0.00     80.00      0.00      0.00      0.00
09:04:15 AM       1     20.00      0.00     80.00      0.00      0.00      0.00
09:04:16 AM       1     21.00      0.00     79.00      0.00      0.00      0.00
09:04:17 AM       1     22.00      0.00     78.00      0.00      0.00      0.00
09:04:18 AM       1     22.00      0.00     78.00      0.00      0.00      0.00
09:04:19 AM       1     20.00      0.00     80.00      0.00      0.00      0.00
09:04:20 AM       1     25.00      0.00     75.00      0.00      0.00      0.00
09:04:21 AM       1     21.00      0.00     79.00      0.00      0.00      0.00
09:04:22 AM       1     26.00      0.00     74.00      0.00      0.00      0.00
09:04:23 AM       1     21.00      0.00     79.00      0.00      0.00      0.00
09:04:24 AM       1     22.00      0.00     78.00      0.00      0.00      0.00
09:04:25 AM       1     23.00      0.00     77.00      0.00      0.00      0.00
09:04:26 AM       1     20.00      0.00     80.00      0.00      0.00      0.00
09:04:27 AM       1     24.00      0.00     76.00      0.00      0.00      0.00
09:04:28 AM       1     23.00      0.00     77.00      0.00      0.00      0.00
Average:          1     22.30      0.00     77.70      0.00      0.00      0.00
