Linux 3.14.33-regular (node220-2) 	01/06/2017 	_x86_64_	(8 CPU)

09:27:10 AM     CPU     %user     %nice   %system   %iowait    %steal     %idle
09:27:11 AM       1     20.20      0.00     79.80      0.00      0.00      0.00
09:27:12 AM       1     22.00      0.00     78.00      0.00      0.00      0.00
09:27:13 AM       1     19.80      0.00     80.20      0.00      0.00      0.00
09:27:14 AM       1     22.22      0.00     77.78      0.00      0.00      0.00
09:27:15 AM       1     20.00      0.00     80.00      0.00      0.00      0.00
09:27:16 AM       1     25.00      0.00     75.00      0.00      0.00      0.00
09:27:17 AM       1     23.76      0.00     76.24      0.00      0.00      0.00
09:27:18 AM       1     21.21      0.00     78.79      0.00      0.00      0.00
09:27:19 AM       1     25.00      0.00     75.00      0.00      0.00      0.00
09:27:20 AM       1     21.00      0.00     79.00      0.00      0.00      0.00
09:27:21 AM       1     25.00      0.00     75.00      0.00      0.00      0.00
09:27:22 AM       1     22.00      0.00     78.00      0.00      0.00      0.00
09:27:23 AM       1     19.80      0.00     80.20      0.00      0.00      0.00
09:27:24 AM       1     20.00      0.00     80.00      0.00      0.00      0.00
09:27:25 AM       1     13.13      0.00     86.87      0.00      0.00      0.00
09:27:26 AM       1     22.00      0.00     78.00      0.00      0.00      0.00
09:27:27 AM       1     23.00      0.00     77.00      0.00      0.00      0.00
09:27:28 AM       1     25.74      0.00     74.26      0.00      0.00      0.00
09:27:29 AM       1     20.20      0.00     79.80      0.00      0.00      0.00
09:27:30 AM       1     30.00      0.00     70.00      0.00      0.00      0.00
Average:          1     22.06      0.00     77.94      0.00      0.00      0.00
