Linux 3.14.33-regular (node220-2) 	01/06/2017 	_x86_64_	(8 CPU)

11:57:53 AM     CPU     %user     %nice   %system   %iowait    %steal     %idle
11:57:54 AM       1     24.00      0.00     76.00      0.00      0.00      0.00
11:57:55 AM       1     24.00      0.00     76.00      0.00      0.00      0.00
11:57:56 AM       1     21.00      0.00     79.00      0.00      0.00      0.00
11:57:57 AM       1     21.21      0.00     78.79      0.00      0.00      0.00
11:57:58 AM       1     19.80      0.00     80.20      0.00      0.00      0.00
11:57:59 AM       1     20.00      0.00     80.00      0.00      0.00      0.00
11:58:00 AM       1     20.00      0.00     80.00      0.00      0.00      0.00
11:58:01 AM       1     20.00      0.00     80.00      0.00      0.00      0.00
11:58:02 AM       1     20.00      0.00     80.00      0.00      0.00      0.00
11:58:03 AM       1     26.00      0.00     74.00      0.00      0.00      0.00
11:58:04 AM       1     21.78      0.00     78.22      0.00      0.00      0.00
11:58:05 AM       1     24.00      0.00     76.00      0.00      0.00      0.00
11:58:06 AM       1     22.22      0.00     77.78      0.00      0.00      0.00
11:58:07 AM       1     22.00      0.00     78.00      0.00      0.00      0.00
11:58:08 AM       1     23.76      0.00     76.24      0.00      0.00      0.00
11:58:09 AM       1     23.23      0.00     76.77      0.00      0.00      0.00
11:58:10 AM       1     21.00      0.00     79.00      0.00      0.00      0.00
11:58:11 AM       1     22.00      0.00     78.00      0.00      0.00      0.00
11:58:12 AM       1     17.82      0.00     82.18      0.00      0.00      0.00
11:58:13 AM       1     20.20      0.00     79.80      0.00      0.00      0.00
Average:          1     21.70      0.00     78.30      0.00      0.00      0.00
