Linux 3.14.33-regular (node220-2) 	01/06/2017 	_x86_64_	(8 CPU)

07:03:01 AM     CPU     %user     %nice   %system   %iowait    %steal     %idle
07:03:02 AM       1     21.00      0.00     79.00      0.00      0.00      0.00
07:03:03 AM       1     20.20      0.00     79.80      0.00      0.00      0.00
07:03:04 AM       1     23.00      0.00     77.00      0.00      0.00      0.00
07:03:05 AM       1     23.76      0.00     76.24      0.00      0.00      0.00
07:03:06 AM       1     23.00      0.00     77.00      0.00      0.00      0.00
07:03:07 AM       1     22.22      0.00     77.78      0.00      0.00      0.00
07:03:08 AM       1     21.00      0.00     79.00      0.00      0.00      0.00
07:03:09 AM       1     23.00      0.00     77.00      0.00      0.00      0.00
07:03:10 AM       1     20.00      0.00     80.00      0.00      0.00      0.00
07:03:11 AM       1     23.76      0.00     76.24      0.00      0.00      0.00
07:03:12 AM       1     22.22      0.00     77.78      0.00      0.00      0.00
07:03:13 AM       1     27.00      0.00     73.00      0.00      0.00      0.00
07:03:14 AM       1     24.75      0.00     75.25      0.00      0.00      0.00
07:03:15 AM       1     23.23      0.00     76.77      0.00      0.00      0.00
07:03:16 AM       1     21.00      0.00     79.00      0.00      0.00      0.00
07:03:17 AM       1     24.75      0.00     75.25      0.00      0.00      0.00
07:03:18 AM       1     22.00      0.00     78.00      0.00      0.00      0.00
07:03:19 AM       1     22.00      0.00     78.00      0.00      0.00      0.00
07:03:20 AM       1     16.00      0.00     84.00      0.00      0.00      0.00
07:03:21 AM       1     24.00      0.00     76.00      0.00      0.00      0.00
Average:          1     22.40      0.00     77.60      0.00      0.00      0.00
