Linux 3.14.33-regular (node220-2) 	01/06/2017 	_x86_64_	(8 CPU)

08:21:50 AM     CPU     %user     %nice   %system   %iowait    %steal     %idle
08:21:51 AM       1     27.00      0.00     73.00      0.00      0.00      0.00
08:21:52 AM       1     22.00      0.00     78.00      0.00      0.00      0.00
08:21:53 AM       1     23.00      0.00     77.00      0.00      0.00      0.00
08:21:54 AM       1     22.00      0.00     78.00      0.00      0.00      0.00
08:21:55 AM       1     20.00      0.00     80.00      0.00      0.00      0.00
08:21:56 AM       1     21.00      0.00     79.00      0.00      0.00      0.00
08:21:57 AM       1     21.78      0.00     78.22      0.00      0.00      0.00
08:21:58 AM       1     26.26      0.00     73.74      0.00      0.00      0.00
08:21:59 AM       1     18.81      0.00     81.19      0.00      0.00      0.00
08:22:00 AM       1     25.25      0.00     74.75      0.00      0.00      0.00
08:22:01 AM       1     21.00      0.00     79.00      0.00      0.00      0.00
08:22:02 AM       1     20.79      0.00     79.21      0.00      0.00      0.00
08:22:03 AM       1     23.23      0.00     76.77      0.00      0.00      0.00
08:22:04 AM       1     24.75      0.00     75.25      0.00      0.00      0.00
08:22:05 AM       1     23.23      0.00     76.77      0.00      0.00      0.00
08:22:06 AM       1     22.77      0.00     77.23      0.00      0.00      0.00
08:22:07 AM       1     17.17      0.00     82.83      0.00      0.00      0.00
08:22:08 AM       1     16.83      0.00     83.17      0.00      0.00      0.00
08:22:09 AM       1     20.20      0.00     79.80      0.00      0.00      0.00
08:22:10 AM       1     24.00      0.00     76.00      0.00      0.00      0.00
Average:          1     22.05      0.00     77.95      0.00      0.00      0.00
