Linux 3.14.33-regular (node220-2) 	01/06/2017 	_x86_64_	(8 CPU)

11:31:37 AM     CPU     %user     %nice   %system   %iowait    %steal     %idle
11:31:38 AM       1     23.23      0.00     76.77      0.00      0.00      0.00
11:31:39 AM       1     22.00      0.00     78.00      0.00      0.00      0.00
11:31:40 AM       1     25.74      0.00     74.26      0.00      0.00      0.00
11:31:41 AM       1     20.00      0.00     80.00      0.00      0.00      0.00
11:31:42 AM       1     20.20      0.00     79.80      0.00      0.00      0.00
11:31:43 AM       1     20.00      0.00     80.00      0.00      0.00      0.00
11:31:44 AM       1     25.74      0.00     74.26      0.00      0.00      0.00
11:31:45 AM       1     21.00      0.00     79.00      0.00      0.00      0.00
11:31:46 AM       1     23.00      0.00     77.00      0.00      0.00      0.00
11:31:47 AM       1     24.24      0.00     75.76      0.00      0.00      0.00
11:31:48 AM       1     19.00      0.00     81.00      0.00      0.00      0.00
11:31:49 AM       1     24.00      0.00     76.00      0.00      0.00      0.00
11:31:50 AM       1     20.79      0.00     79.21      0.00      0.00      0.00
11:31:51 AM       1     20.41      0.00     79.59      0.00      0.00      0.00
11:31:52 AM       1     26.73      0.00     73.27      0.00      0.00      0.00
11:31:53 AM       1     19.00      0.00     81.00      0.00      0.00      0.00
11:31:54 AM       1     22.00      0.00     78.00      0.00      0.00      0.00
11:31:55 AM       1     21.78      0.00     78.22      0.00      0.00      0.00
11:31:56 AM       1     22.00      0.00     78.00      0.00      0.00      0.00
11:31:57 AM       1     22.00      0.00     78.00      0.00      0.00      0.00
Average:          1     22.15      0.00     77.85      0.00      0.00      0.00
