Linux 3.14.33-regular (node220-2) 	01/06/2017 	_x86_64_	(8 CPU)

10:36:21 AM     CPU     %user     %nice   %system   %iowait    %steal     %idle
10:36:22 AM       1     24.00      0.00     76.00      0.00      0.00      0.00
10:36:23 AM       1     24.75      0.00     75.25      0.00      0.00      0.00
10:36:24 AM       1     21.21      0.00     78.79      0.00      0.00      0.00
10:36:25 AM       1     22.77      0.00     77.23      0.00      0.00      0.00
10:36:26 AM       1     24.00      0.00     76.00      0.00      0.00      0.00
10:36:27 AM       1     23.00      0.00     77.00      0.00      0.00      0.00
10:36:28 AM       1     25.00      0.00     75.00      0.00      0.00      0.00
10:36:29 AM       1     18.18      0.00     81.82      0.00      0.00      0.00
10:36:30 AM       1     24.75      0.00     75.25      0.00      0.00      0.00
10:36:31 AM       1     19.19      0.00     80.81      0.00      0.00      0.00
10:36:32 AM       1     17.82      0.00     82.18      0.00      0.00      0.00
10:36:33 AM       1     20.20      0.00     79.80      0.00      0.00      0.00
10:36:34 AM       1     22.77      0.00     77.23      0.00      0.00      0.00
10:36:35 AM       1     21.21      0.00     78.79      0.00      0.00      0.00
10:36:36 AM       1     20.00      0.00     80.00      0.00      0.00      0.00
10:36:37 AM       1     22.00      0.00     78.00      0.00      0.00      0.00
10:36:38 AM       1     25.00      0.00     75.00      0.00      0.00      0.00
10:36:39 AM       1     21.00      0.00     79.00      0.00      0.00      0.00
10:36:40 AM       1     21.78      0.00     78.22      0.00      0.00      0.00
10:36:41 AM       1     20.20      0.00     79.80      0.00      0.00      0.00
Average:          1     21.95      0.00     78.05      0.00      0.00      0.00
