Linux 3.14.33-regular (node220-2) 	01/06/2017 	_x86_64_	(8 CPU)

06:04:01 AM     CPU     %user     %nice   %system   %iowait    %steal     %idle
06:04:02 AM       1     24.75      0.00     75.25      0.00      0.00      0.00
06:04:03 AM       1     22.00      0.00     78.00      0.00      0.00      0.00
06:04:04 AM       1     24.24      0.00     75.76      0.00      0.00      0.00
06:04:05 AM       1     21.00      0.00     79.00      0.00      0.00      0.00
06:04:06 AM       1     22.00      0.00     78.00      0.00      0.00      0.00
06:04:07 AM       1     21.21      0.00     78.79      0.00      0.00      0.00
06:04:08 AM       1     18.81      0.00     81.19      0.00      0.00      0.00
06:04:09 AM       1     18.00      0.00     82.00      0.00      0.00      0.00
06:04:10 AM       1     23.00      0.00     77.00      0.00      0.00      0.00
06:04:11 AM       1     24.00      0.00     76.00      0.00      0.00      0.00
06:04:12 AM       1     22.22      0.00     77.78      0.00      0.00      0.00
06:04:13 AM       1     19.80      0.00     80.20      0.00      0.00      0.00
06:04:14 AM       1     23.00      0.00     77.00      0.00      0.00      0.00
06:04:15 AM       1     23.00      0.00     77.00      0.00      0.00      0.00
06:04:16 AM       1     24.00      0.00     76.00      0.00      0.00      0.00
06:04:17 AM       1     20.00      0.00     80.00      0.00      0.00      0.00
06:04:18 AM       1     26.00      0.00     74.00      0.00      0.00      0.00
06:04:19 AM       1     24.00      0.00     76.00      0.00      0.00      0.00
06:04:20 AM       1     22.00      0.00     78.00      0.00      0.00      0.00
06:04:21 AM       1     24.00      0.00     76.00      0.00      0.00      0.00
Average:          1     22.35      0.00     77.65      0.00      0.00      0.00
