Linux 3.14.33-regular (node220-2) 	01/06/2017 	_x86_64_	(8 CPU)

02:54:30 AM     CPU     %user     %nice   %system   %iowait    %steal     %idle
02:54:31 AM       1     24.00      0.00     76.00      0.00      0.00      0.00
02:54:32 AM       1     19.00      0.00     81.00      0.00      0.00      0.00
02:54:33 AM       1     25.74      0.00     74.26      0.00      0.00      0.00
02:54:34 AM       1     26.26      0.00     73.74      0.00      0.00      0.00
02:54:35 AM       1     21.00      0.00     79.00      0.00      0.00      0.00
02:54:36 AM       1     21.00      0.00     79.00      0.00      0.00      0.00
02:54:37 AM       1     22.00      0.00     78.00      0.00      0.00      0.00
02:54:38 AM       1     21.00      0.00     79.00      0.00      0.00      0.00
02:54:39 AM       1     22.00      0.00     78.00      0.00      0.00      0.00
02:54:40 AM       1     22.00      0.00     78.00      0.00      0.00      0.00
02:54:41 AM       1     17.17      0.00     82.83      0.00      0.00      0.00
02:54:42 AM       1     19.80      0.00     80.20      0.00      0.00      0.00
02:54:43 AM       1     22.22      0.00     77.78      0.00      0.00      0.00
02:54:44 AM       1     25.74      0.00     74.26      0.00      0.00      0.00
02:54:45 AM       1     18.00      0.00     82.00      0.00      0.00      0.00
02:54:46 AM       1     23.23      0.00     76.77      0.00      0.00      0.00
02:54:47 AM       1     24.75      0.00     75.25      0.00      0.00      0.00
02:54:48 AM       1     21.00      0.00     79.00      0.00      0.00      0.00
02:54:49 AM       1     25.25      0.00     74.75      0.00      0.00      0.00
02:54:50 AM       1     21.78      0.00     78.22      0.00      0.00      0.00
Average:          1     22.15      0.00     77.85      0.00      0.00      0.00
