Linux 3.14.33-regular (node220-2) 	01/06/2017 	_x86_64_	(8 CPU)

06:07:12 AM     CPU     %user     %nice   %system   %iowait    %steal     %idle
06:07:13 AM       1     24.75      0.00     75.25      0.00      0.00      0.00
06:07:14 AM       1     24.00      0.00     76.00      0.00      0.00      0.00
06:07:15 AM       1     23.23      0.00     76.77      0.00      0.00      0.00
06:07:16 AM       1     25.00      0.00     75.00      0.00      0.00      0.00
06:07:17 AM       1     21.78      0.00     78.22      0.00      0.00      0.00
06:07:18 AM       1     26.00      0.00     74.00      0.00      0.00      0.00
06:07:19 AM       1     19.19      0.00     80.81      0.00      0.00      0.00
06:07:20 AM       1     20.00      0.00     80.00      0.00      0.00      0.00
06:07:21 AM       1     25.00      0.00     75.00      0.00      0.00      0.00
06:07:22 AM       1     21.78      0.00     78.22      0.00      0.00      0.00
06:07:23 AM       1     20.20      0.00     79.80      0.00      0.00      0.00
06:07:24 AM       1     22.77      0.00     77.23      0.00      0.00      0.00
06:07:25 AM       1     23.00      0.00     77.00      0.00      0.00      0.00
06:07:26 AM       1     25.00      0.00     75.00      0.00      0.00      0.00
06:07:27 AM       1     26.00      0.00     74.00      0.00      0.00      0.00
06:07:28 AM       1     20.00      0.00     80.00      0.00      0.00      0.00
06:07:29 AM       1     21.00      0.00     79.00      0.00      0.00      0.00
06:07:30 AM       1     20.20      0.00     79.80      0.00      0.00      0.00
06:07:31 AM       1     22.77      0.00     77.23      0.00      0.00      0.00
06:07:32 AM       1     24.00      0.00     76.00      0.00      0.00      0.00
Average:          1     22.79      0.00     77.21      0.00      0.00      0.00
