Linux 3.14.33-regular (node220-2) 	01/06/2017 	_x86_64_	(8 CPU)

04:58:02 AM     CPU     %user     %nice   %system   %iowait    %steal     %idle
04:58:03 AM       1     21.00      0.00     79.00      0.00      0.00      0.00
04:58:04 AM       1     22.77      0.00     77.23      0.00      0.00      0.00
04:58:05 AM       1     24.24      0.00     75.76      0.00      0.00      0.00
04:58:06 AM       1     26.73      0.00     73.27      0.00      0.00      0.00
04:58:07 AM       1     19.19      0.00     80.81      0.00      0.00      0.00
04:58:08 AM       1     31.00      0.00     69.00      0.00      0.00      0.00
04:58:09 AM       1     19.00      0.00     81.00      0.00      0.00      0.00
04:58:10 AM       1     21.00      0.00     79.00      0.00      0.00      0.00
04:58:11 AM       1     21.00      0.00     79.00      0.00      0.00      0.00
04:58:12 AM       1     24.00      0.00     76.00      0.00      0.00      0.00
04:58:13 AM       1     18.81      0.00     81.19      0.00      0.00      0.00
04:58:14 AM       1     20.00      0.00     80.00      0.00      0.00      0.00
04:58:15 AM       1     20.20      0.00     79.80      0.00      0.00      0.00
04:58:16 AM       1     20.00      0.00     80.00      0.00      0.00      0.00
04:58:17 AM       1     19.80      0.00     80.20      0.00      0.00      0.00
04:58:18 AM       1     20.20      0.00     79.80      0.00      0.00      0.00
04:58:19 AM       1     21.00      0.00     79.00      0.00      0.00      0.00
04:58:20 AM       1     21.00      0.00     79.00      0.00      0.00      0.00
04:58:21 AM       1     19.80      0.00     80.20      0.00      0.00      0.00
04:58:22 AM       1     24.00      0.00     76.00      0.00      0.00      0.00
Average:          1     21.74      0.00     78.26      0.00      0.00      0.00
