Linux 3.14.33-regular (node220-2) 	01/06/2017 	_x86_64_	(8 CPU)

10:01:08 AM     CPU     %user     %nice   %system   %iowait    %steal     %idle
10:01:09 AM       1     22.22      0.00     77.78      0.00      0.00      0.00
10:01:10 AM       1     25.00      0.00     75.00      0.00      0.00      0.00
10:01:11 AM       1     22.22      0.00     77.78      0.00      0.00      0.00
10:01:12 AM       1     24.75      0.00     75.25      0.00      0.00      0.00
10:01:13 AM       1     24.00      0.00     76.00      0.00      0.00      0.00
10:01:14 AM       1     21.00      0.00     79.00      0.00      0.00      0.00
10:01:15 AM       1     24.00      0.00     76.00      0.00      0.00      0.00
10:01:16 AM       1     26.00      0.00     74.00      0.00      0.00      0.00
10:01:17 AM       1     12.87      0.00     87.13      0.00      0.00      0.00
10:01:18 AM       1     24.00      0.00     76.00      0.00      0.00      0.00
10:01:19 AM       1     22.22      0.00     77.78      0.00      0.00      0.00
10:01:20 AM       1     22.00      0.00     78.00      0.00      0.00      0.00
10:01:21 AM       1     25.00      0.00     75.00      0.00      0.00      0.00
10:01:22 AM       1     27.72      0.00     72.28      0.00      0.00      0.00
10:01:23 AM       1     20.20      0.00     79.80      0.00      0.00      0.00
10:01:24 AM       1     25.74      0.00     74.26      0.00      0.00      0.00
10:01:25 AM       1     18.18      0.00     81.82      0.00      0.00      0.00
10:01:26 AM       1     22.00      0.00     78.00      0.00      0.00      0.00
10:01:27 AM       1     23.00      0.00     77.00      0.00      0.00      0.00
10:01:28 AM       1     24.75      0.00     75.25      0.00      0.00      0.00
Average:          1     22.85      0.00     77.15      0.00      0.00      0.00
