Linux 3.14.33-regular (node220-2) 	01/06/2017 	_x86_64_	(8 CPU)

05:00:36 AM     CPU     %user     %nice   %system   %iowait    %steal     %idle
05:00:37 AM       1     19.00      0.00     81.00      0.00      0.00      0.00
05:00:38 AM       1     24.00      0.00     76.00      0.00      0.00      0.00
05:00:39 AM       1     19.00      0.00     81.00      0.00      0.00      0.00
05:00:40 AM       1     20.00      0.00     80.00      0.00      0.00      0.00
05:00:41 AM       1     24.00      0.00     76.00      0.00      0.00      0.00
05:00:42 AM       1     21.00      0.00     79.00      0.00      0.00      0.00
05:00:43 AM       1     26.00      0.00     74.00      0.00      0.00      0.00
05:00:44 AM       1     23.00      0.00     77.00      0.00      0.00      0.00
05:00:45 AM       1     18.00      0.00     82.00      0.00      0.00      0.00
05:00:46 AM       1     22.00      0.00     78.00      0.00      0.00      0.00
05:00:47 AM       1     23.00      0.00     77.00      0.00      0.00      0.00
05:00:48 AM       1     23.00      0.00     77.00      0.00      0.00      0.00
05:00:49 AM       1     18.81      0.00     81.19      0.00      0.00      0.00
05:00:50 AM       1     20.00      0.00     80.00      0.00      0.00      0.00
05:00:51 AM       1     19.19      0.00     80.81      0.00      0.00      0.00
05:00:52 AM       1     26.73      0.00     73.27      0.00      0.00      0.00
05:00:53 AM       1     24.00      0.00     76.00      0.00      0.00      0.00
05:00:54 AM       1     20.20      0.00     79.80      0.00      0.00      0.00
05:00:55 AM       1     18.00      0.00     82.00      0.00      0.00      0.00
05:00:56 AM       1     20.00      0.00     80.00      0.00      0.00      0.00
Average:          1     21.45      0.00     78.55      0.00      0.00      0.00
