Linux 3.14.33-regular (node220-2) 	01/06/2017 	_x86_64_	(8 CPU)

11:04:40 AM     CPU     %user     %nice   %system   %iowait    %steal     %idle
11:04:41 AM       1     24.75      0.00     75.25      0.00      0.00      0.00
11:04:42 AM       1     18.00      0.00     82.00      0.00      0.00      0.00
11:04:43 AM       1     24.24      0.00     75.76      0.00      0.00      0.00
11:04:44 AM       1     23.76      0.00     76.24      0.00      0.00      0.00
11:04:45 AM       1     27.00      0.00     73.00      0.00      0.00      0.00
11:04:46 AM       1     20.20      0.00     79.80      0.00      0.00      0.00
11:04:47 AM       1     21.00      0.00     79.00      0.00      0.00      0.00
11:04:48 AM       1     26.00      0.00     74.00      0.00      0.00      0.00
11:04:49 AM       1     27.72      0.00     72.28      0.00      0.00      0.00
11:04:50 AM       1     25.25      0.00     74.75      0.00      0.00      0.00
11:04:51 AM       1     18.00      0.00     82.00      0.00      0.00      0.00
11:04:52 AM       1     24.00      0.00     76.00      0.00      0.00      0.00
11:04:53 AM       1     21.00      0.00     79.00      0.00      0.00      0.00
11:04:54 AM       1     22.00      0.00     78.00      0.00      0.00      0.00
11:04:55 AM       1     19.80      0.00     80.20      0.00      0.00      0.00
11:04:56 AM       1     22.00      0.00     78.00      0.00      0.00      0.00
11:04:57 AM       1     22.22      0.00     77.78      0.00      0.00      0.00
11:04:58 AM       1     22.00      0.00     78.00      0.00      0.00      0.00
11:04:59 AM       1     20.20      0.00     79.80      0.00      0.00      0.00
11:05:00 AM       1     20.00      0.00     80.00      0.00      0.00      0.00
Average:          1     22.46      0.00     77.54      0.00      0.00      0.00
