Linux 3.14.33-regular (node220-2) 	01/06/2017 	_x86_64_	(8 CPU)

05:43:33 AM     CPU     %user     %nice   %system   %iowait    %steal     %idle
05:43:34 AM       1     19.80      0.00     80.20      0.00      0.00      0.00
05:43:35 AM       1     18.18      0.00     81.82      0.00      0.00      0.00
05:43:36 AM       1     28.00      0.00     72.00      0.00      0.00      0.00
05:43:37 AM       1     22.00      0.00     78.00      0.00      0.00      0.00
05:43:38 AM       1     23.76      0.00     76.24      0.00      0.00      0.00
05:43:39 AM       1     23.23      0.00     76.77      0.00      0.00      0.00
05:43:40 AM       1     24.00      0.00     76.00      0.00      0.00      0.00
05:43:41 AM       1     21.00      0.00     79.00      0.00      0.00      0.00
05:43:42 AM       1     18.00      0.00     82.00      0.00      0.00      0.00
05:43:43 AM       1     20.00      0.00     80.00      0.00      0.00      0.00
05:43:44 AM       1     22.00      0.00     78.00      0.00      0.00      0.00
05:43:45 AM       1     26.00      0.00     74.00      0.00      0.00      0.00
05:43:46 AM       1     22.00      0.00     78.00      0.00      0.00      0.00
05:43:47 AM       1     19.00      0.00     81.00      0.00      0.00      0.00
05:43:48 AM       1     26.00      0.00     74.00      0.00      0.00      0.00
05:43:49 AM       1     17.00      0.00     83.00      0.00      0.00      0.00
05:43:50 AM       1     20.00      0.00     80.00      0.00      0.00      0.00
05:43:51 AM       1     26.00      0.00     74.00      0.00      0.00      0.00
05:43:52 AM       1     20.00      0.00     80.00      0.00      0.00      0.00
05:43:53 AM       1     18.00      0.00     82.00      0.00      0.00      0.00
Average:          1     21.70      0.00     78.30      0.00      0.00      0.00
