Linux 3.14.33-regular (node220-2) 	01/06/2017 	_x86_64_	(8 CPU)

09:51:28 AM     CPU     %user     %nice   %system   %iowait    %steal     %idle
09:51:29 AM       1     20.00      0.00     80.00      0.00      0.00      0.00
09:51:30 AM       1     22.00      0.00     78.00      0.00      0.00      0.00
09:51:31 AM       1     20.00      0.00     80.00      0.00      0.00      0.00
09:51:32 AM       1     20.20      0.00     79.80      0.00      0.00      0.00
09:51:33 AM       1     23.76      0.00     76.24      0.00      0.00      0.00
09:51:34 AM       1     27.00      0.00     73.00      0.00      0.00      0.00
09:51:35 AM       1     26.00      0.00     74.00      0.00      0.00      0.00
09:51:36 AM       1     20.00      0.00     80.00      0.00      0.00      0.00
09:51:37 AM       1     20.20      0.00     79.80      0.00      0.00      0.00
09:51:38 AM       1     21.78      0.00     78.22      0.00      0.00      0.00
09:51:39 AM       1     18.00      0.00     82.00      0.00      0.00      0.00
09:51:40 AM       1     22.00      0.00     78.00      0.00      0.00      0.00
09:51:41 AM       1     22.00      0.00     78.00      0.00      0.00      0.00
09:51:42 AM       1     23.00      0.00     77.00      0.00      0.00      0.00
09:51:43 AM       1     20.00      0.00     80.00      0.00      0.00      0.00
09:51:44 AM       1     21.00      0.00     79.00      0.00      0.00      0.00
09:51:45 AM       1     25.00      0.00     75.00      0.00      0.00      0.00
09:51:46 AM       1     21.00      0.00     79.00      0.00      0.00      0.00
09:51:47 AM       1     16.00      0.00     84.00      0.00      0.00      0.00
09:51:48 AM       1     26.00      0.00     74.00      0.00      0.00      0.00
Average:          1     21.75      0.00     78.25      0.00      0.00      0.00
