Linux 3.14.33-regular (node220-2) 	01/06/2017 	_x86_64_	(8 CPU)

03:20:44 AM     CPU     %user     %nice   %system   %iowait    %steal     %idle
03:20:45 AM       1     26.00      0.00     74.00      0.00      0.00      0.00
03:20:46 AM       1     22.22      0.00     77.78      0.00      0.00      0.00
03:20:47 AM       1     22.00      0.00     78.00      0.00      0.00      0.00
03:20:48 AM       1     22.00      0.00     78.00      0.00      0.00      0.00
03:20:49 AM       1     24.75      0.00     75.25      0.00      0.00      0.00
03:20:50 AM       1     23.23      0.00     76.77      0.00      0.00      0.00
03:20:51 AM       1     24.75      0.00     75.25      0.00      0.00      0.00
03:20:52 AM       1     22.00      0.00     78.00      0.00      0.00      0.00
03:20:53 AM       1     21.21      0.00     78.79      0.00      0.00      0.00
03:20:54 AM       1     23.76      0.00     76.24      0.00      0.00      0.00
03:20:55 AM       1     21.00      0.00     79.00      0.00      0.00      0.00
03:20:56 AM       1     24.00      0.00     76.00      0.00      0.00      0.00
03:20:57 AM       1     20.00      0.00     80.00      0.00      0.00      0.00
03:20:58 AM       1     23.00      0.00     77.00      0.00      0.00      0.00
03:20:59 AM       1     19.00      0.00     81.00      0.00      0.00      0.00
03:21:00 AM       1     23.00      0.00     77.00      0.00      0.00      0.00
03:21:01 AM       1     21.00      0.00     79.00      0.00      0.00      0.00
03:21:02 AM       1     21.00      0.00     79.00      0.00      0.00      0.00
03:21:03 AM       1     24.24      0.00     75.76      0.00      0.00      0.00
03:21:04 AM       1     20.00      0.00     80.00      0.00      0.00      0.00
Average:          1     22.41      0.00     77.59      0.00      0.00      0.00
