Linux 3.14.33-regular (node220-2) 	01/06/2017 	_x86_64_	(8 CPU)

09:11:10 AM     CPU     %user     %nice   %system   %iowait    %steal     %idle
09:11:11 AM       1     26.73      0.00     73.27      0.00      0.00      0.00
09:11:12 AM       1     21.00      0.00     79.00      0.00      0.00      0.00
09:11:13 AM       1     22.00      0.00     78.00      0.00      0.00      0.00
09:11:14 AM       1     17.17      0.00     82.83      0.00      0.00      0.00
09:11:15 AM       1     17.00      0.00     83.00      0.00      0.00      0.00
09:11:16 AM       1     17.00      0.00     83.00      0.00      0.00      0.00
09:11:17 AM       1     22.00      0.00     78.00      0.00      0.00      0.00
09:11:18 AM       1     22.00      0.00     78.00      0.00      0.00      0.00
09:11:19 AM       1     22.00      0.00     78.00      0.00      0.00      0.00
09:11:20 AM       1     25.74      0.00     74.26      0.00      0.00      0.00
09:11:21 AM       1     22.22      0.00     77.78      0.00      0.00      0.00
09:11:22 AM       1     21.78      0.00     78.22      0.00      0.00      0.00
09:11:23 AM       1     22.00      0.00     78.00      0.00      0.00      0.00
09:11:24 AM       1     19.00      0.00     81.00      0.00      0.00      0.00
09:11:25 AM       1     21.00      0.00     79.00      0.00      0.00      0.00
09:11:26 AM       1     22.00      0.00     78.00      0.00      0.00      0.00
09:11:27 AM       1     24.00      0.00     76.00      0.00      0.00      0.00
09:11:28 AM       1     23.00      0.00     77.00      0.00      0.00      0.00
09:11:29 AM       1     26.00      0.00     74.00      0.00      0.00      0.00
09:11:30 AM       1     23.00      0.00     77.00      0.00      0.00      0.00
Average:          1     21.84      0.00     78.16      0.00      0.00      0.00
