Linux 3.14.33-regular (node220-2) 	01/06/2017 	_x86_64_	(8 CPU)

12:42:03 PM     CPU     %user     %nice   %system   %iowait    %steal     %idle
12:42:04 PM       1     22.00      0.00     78.00      0.00      0.00      0.00
12:42:05 PM       1     20.79      0.00     79.21      0.00      0.00      0.00
12:42:06 PM       1     22.00      0.00     78.00      0.00      0.00      0.00
12:42:07 PM       1     23.23      0.00     76.77      0.00      0.00      0.00
12:42:08 PM       1     22.00      0.00     78.00      0.00      0.00      0.00
12:42:09 PM       1     23.00      0.00     77.00      0.00      0.00      0.00
12:42:10 PM       1     26.00      0.00     74.00      0.00      0.00      0.00
12:42:11 PM       1     24.00      0.00     76.00      0.00      0.00      0.00
12:42:12 PM       1     25.00      0.00     75.00      0.00      0.00      0.00
12:42:13 PM       1     27.00      0.00     73.00      0.00      0.00      0.00
12:42:14 PM       1     16.16      0.00     83.84      0.00      0.00      0.00
12:42:15 PM       1     22.77      0.00     77.23      0.00      0.00      0.00
12:42:16 PM       1     19.00      0.00     81.00      0.00      0.00      0.00
12:42:17 PM       1     22.22      0.00     77.78      0.00      0.00      0.00
12:42:18 PM       1     22.77      0.00     77.23      0.00      0.00      0.00
12:42:19 PM       1     24.00      0.00     76.00      0.00      0.00      0.00
12:42:20 PM       1     21.00      0.00     79.00      0.00      0.00      0.00
12:42:21 PM       1     19.00      0.00     81.00      0.00      0.00      0.00
12:42:22 PM       1     23.00      0.00     77.00      0.00      0.00      0.00
12:42:23 PM       1     28.00      0.00     72.00      0.00      0.00      0.00
Average:          1     22.65      0.00     77.35      0.00      0.00      0.00
