Linux 3.14.33-regular (node220-2) 	01/06/2017 	_x86_64_	(8 CPU)

09:20:08 AM     CPU     %user     %nice   %system   %iowait    %steal     %idle
09:20:09 AM       1     22.22      0.00     77.78      0.00      0.00      0.00
09:20:10 AM       1     25.74      0.00     74.26      0.00      0.00      0.00
09:20:11 AM       1     20.00      0.00     80.00      0.00      0.00      0.00
09:20:12 AM       1     22.00      0.00     78.00      0.00      0.00      0.00
09:20:13 AM       1     21.00      0.00     79.00      0.00      0.00      0.00
09:20:14 AM       1     23.00      0.00     77.00      0.00      0.00      0.00
09:20:15 AM       1     22.00      0.00     78.00      0.00      0.00      0.00
09:20:16 AM       1     20.00      0.00     80.00      0.00      0.00      0.00
09:20:17 AM       1     17.00      0.00     83.00      0.00      0.00      0.00
09:20:18 AM       1     22.00      0.00     78.00      0.00      0.00      0.00
09:20:19 AM       1     22.00      0.00     78.00      0.00      0.00      0.00
09:20:20 AM       1     20.20      0.00     79.80      0.00      0.00      0.00
09:20:21 AM       1     19.80      0.00     80.20      0.00      0.00      0.00
09:20:22 AM       1     21.21      0.00     78.79      0.00      0.00      0.00
09:20:23 AM       1     24.00      0.00     76.00      0.00      0.00      0.00
09:20:24 AM       1     24.75      0.00     75.25      0.00      0.00      0.00
09:20:25 AM       1     17.17      0.00     82.83      0.00      0.00      0.00
09:20:26 AM       1     22.00      0.00     78.00      0.00      0.00      0.00
09:20:27 AM       1     22.00      0.00     78.00      0.00      0.00      0.00
09:20:28 AM       1     24.75      0.00     75.25      0.00      0.00      0.00
Average:          1     21.65      0.00     78.35      0.00      0.00      0.00
