Linux 3.14.33-regular (node220-2) 	01/06/2017 	_x86_64_	(8 CPU)

11:00:46 AM     CPU     %user     %nice   %system   %iowait    %steal     %idle
11:00:47 AM       1     25.25      0.00     74.75      0.00      0.00      0.00
11:00:48 AM       1     23.00      0.00     77.00      0.00      0.00      0.00
11:00:49 AM       1     24.24      0.00     75.76      0.00      0.00      0.00
11:00:50 AM       1     24.75      0.00     75.25      0.00      0.00      0.00
11:00:51 AM       1     20.00      0.00     80.00      0.00      0.00      0.00
11:00:52 AM       1     22.00      0.00     78.00      0.00      0.00      0.00
11:00:53 AM       1     20.00      0.00     80.00      0.00      0.00      0.00
11:00:54 AM       1     23.00      0.00     77.00      0.00      0.00      0.00
11:00:55 AM       1     21.00      0.00     79.00      0.00      0.00      0.00
11:00:56 AM       1     24.00      0.00     76.00      0.00      0.00      0.00
11:00:57 AM       1     22.00      0.00     78.00      0.00      0.00      0.00
11:00:58 AM       1     24.00      0.00     76.00      0.00      0.00      0.00
11:00:59 AM       1     23.00      0.00     77.00      0.00      0.00      0.00
11:01:00 AM       1     20.00      0.00     80.00      0.00      0.00      0.00
11:01:01 AM       1     22.00      0.00     78.00      0.00      0.00      0.00
11:01:02 AM       1     27.72      0.00     72.28      0.00      0.00      0.00
11:01:03 AM       1     25.25      0.00     74.75      0.00      0.00      0.00
11:01:04 AM       1     21.00      0.00     79.00      0.00      0.00      0.00
11:01:05 AM       1     21.00      0.00     79.00      0.00      0.00      0.00
11:01:06 AM       1     22.00      0.00     78.00      0.00      0.00      0.00
Average:          1     22.76      0.00     77.24      0.00      0.00      0.00
