Linux 3.14.33-regular (node220-2) 	01/06/2017 	_x86_64_	(8 CPU)

10:59:30 AM     CPU     %user     %nice   %system   %iowait    %steal     %idle
10:59:31 AM       1     25.00      0.00     75.00      0.00      0.00      0.00
10:59:32 AM       1     25.00      0.00     75.00      0.00      0.00      0.00
10:59:33 AM       1     25.74      0.00     74.26      0.00      0.00      0.00
10:59:34 AM       1     23.00      0.00     77.00      0.00      0.00      0.00
10:59:35 AM       1     24.00      0.00     76.00      0.00      0.00      0.00
10:59:36 AM       1     21.21      0.00     78.79      0.00      0.00      0.00
10:59:37 AM       1     22.00      0.00     78.00      0.00      0.00      0.00
10:59:38 AM       1     23.00      0.00     77.00      0.00      0.00      0.00
10:59:39 AM       1     28.00      0.00     72.00      0.00      0.00      0.00
10:59:40 AM       1     23.76      0.00     76.24      0.00      0.00      0.00
10:59:41 AM       1     24.24      0.00     75.76      0.00      0.00      0.00
10:59:42 AM       1     21.78      0.00     78.22      0.00      0.00      0.00
10:59:43 AM       1     20.00      0.00     80.00      0.00      0.00      0.00
10:59:44 AM       1     22.22      0.00     77.78      0.00      0.00      0.00
10:59:45 AM       1     25.74      0.00     74.26      0.00      0.00      0.00
10:59:46 AM       1     22.00      0.00     78.00      0.00      0.00      0.00
10:59:47 AM       1     24.00      0.00     76.00      0.00      0.00      0.00
10:59:48 AM       1     24.00      0.00     76.00      0.00      0.00      0.00
10:59:49 AM       1     22.00      0.00     78.00      0.00      0.00      0.00
10:59:50 AM       1     24.00      0.00     76.00      0.00      0.00      0.00
Average:          1     23.54      0.00     76.46      0.00      0.00      0.00
