Linux 3.14.33-regular (node220-2) 	01/06/2017 	_x86_64_	(8 CPU)

10:47:14 AM     CPU     %user     %nice   %system   %iowait    %steal     %idle
10:47:15 AM       1     22.77      0.00     77.23      0.00      0.00      0.00
10:47:16 AM       1     22.00      0.00     78.00      0.00      0.00      0.00
10:47:17 AM       1     24.00      0.00     76.00      0.00      0.00      0.00
10:47:18 AM       1     20.00      0.00     80.00      0.00      0.00      0.00
10:47:19 AM       1     20.00      0.00     80.00      0.00      0.00      0.00
10:47:20 AM       1     23.00      0.00     77.00      0.00      0.00      0.00
10:47:21 AM       1     23.00      0.00     77.00      0.00      0.00      0.00
10:47:22 AM       1     23.00      0.00     77.00      0.00      0.00      0.00
10:47:23 AM       1     26.26      0.00     73.74      0.00      0.00      0.00
10:47:24 AM       1     21.78      0.00     78.22      0.00      0.00      0.00
10:47:25 AM       1     19.00      0.00     81.00      0.00      0.00      0.00
10:47:26 AM       1     24.00      0.00     76.00      0.00      0.00      0.00
10:47:27 AM       1     24.00      0.00     76.00      0.00      0.00      0.00
10:47:28 AM       1     19.19      0.00     80.81      0.00      0.00      0.00
10:47:29 AM       1     24.00      0.00     76.00      0.00      0.00      0.00
10:47:30 AM       1     21.00      0.00     79.00      0.00      0.00      0.00
10:47:31 AM       1     23.00      0.00     77.00      0.00      0.00      0.00
10:47:32 AM       1     26.00      0.00     74.00      0.00      0.00      0.00
10:47:33 AM       1     21.78      0.00     78.22      0.00      0.00      0.00
10:47:34 AM       1     20.00      0.00     80.00      0.00      0.00      0.00
Average:          1     22.39      0.00     77.61      0.00      0.00      0.00
