Linux 3.14.33-regular (node220-2) 	01/06/2017 	_x86_64_	(8 CPU)

04:54:52 AM     CPU     %user     %nice   %system   %iowait    %steal     %idle
04:54:53 AM       1     22.00      0.00     78.00      0.00      0.00      0.00
04:54:54 AM       1     16.16      0.00     83.84      0.00      0.00      0.00
04:54:55 AM       1     21.00      0.00     79.00      0.00      0.00      0.00
04:54:56 AM       1     23.00      0.00     77.00      0.00      0.00      0.00
04:54:57 AM       1     24.00      0.00     76.00      0.00      0.00      0.00
04:54:58 AM       1     25.00      0.00     75.00      0.00      0.00      0.00
04:54:59 AM       1     24.00      0.00     76.00      0.00      0.00      0.00
04:55:00 AM       1     22.00      0.00     78.00      0.00      0.00      0.00
04:55:01 AM       1     24.75      0.00     75.25      0.00      0.00      0.00
04:55:02 AM       1     22.22      0.00     77.78      0.00      0.00      0.00
04:55:03 AM       1     21.78      0.00     78.22      0.00      0.00      0.00
04:55:04 AM       1     22.22      0.00     77.78      0.00      0.00      0.00
04:55:05 AM       1     24.75      0.00     75.25      0.00      0.00      0.00
04:55:06 AM       1     22.00      0.00     78.00      0.00      0.00      0.00
04:55:07 AM       1     24.00      0.00     76.00      0.00      0.00      0.00
04:55:08 AM       1     22.00      0.00     78.00      0.00      0.00      0.00
04:55:09 AM       1     25.00      0.00     75.00      0.00      0.00      0.00
04:55:10 AM       1     23.00      0.00     77.00      0.00      0.00      0.00
04:55:11 AM       1     25.00      0.00     75.00      0.00      0.00      0.00
04:55:12 AM       1     23.00      0.00     77.00      0.00      0.00      0.00
Average:          1     22.85      0.00     77.15      0.00      0.00      0.00
