Linux 3.14.33-regular (node220-2) 	01/06/2017 	_x86_64_	(8 CPU)

09:49:33 AM     CPU     %user     %nice   %system   %iowait    %steal     %idle
09:49:34 AM       1     22.77      0.00     77.23      0.00      0.00      0.00
09:49:35 AM       1     21.00      0.00     79.00      0.00      0.00      0.00
09:49:36 AM       1     26.26      0.00     73.74      0.00      0.00      0.00
09:49:37 AM       1     20.79      0.00     79.21      0.00      0.00      0.00
09:49:38 AM       1     29.29      0.00     70.71      0.00      0.00      0.00
09:49:39 AM       1     24.75      0.00     75.25      0.00      0.00      0.00
09:49:40 AM       1     23.23      0.00     76.77      0.00      0.00      0.00
09:49:41 AM       1     25.74      0.00     74.26      0.00      0.00      0.00
09:49:42 AM       1     23.00      0.00     77.00      0.00      0.00      0.00
09:49:43 AM       1     22.00      0.00     78.00      0.00      0.00      0.00
09:49:44 AM       1     24.00      0.00     76.00      0.00      0.00      0.00
09:49:45 AM       1     20.00      0.00     80.00      0.00      0.00      0.00
09:49:46 AM       1     25.25      0.00     74.75      0.00      0.00      0.00
09:49:47 AM       1     23.00      0.00     77.00      0.00      0.00      0.00
09:49:48 AM       1     24.75      0.00     75.25      0.00      0.00      0.00
09:49:49 AM       1     26.00      0.00     74.00      0.00      0.00      0.00
09:49:50 AM       1     20.20      0.00     79.80      0.00      0.00      0.00
09:49:51 AM       1     15.84      0.00     84.16      0.00      0.00      0.00
09:49:52 AM       1     22.00      0.00     78.00      0.00      0.00      0.00
09:49:53 AM       1     22.00      0.00     78.00      0.00      0.00      0.00
Average:          1     23.09      0.00     76.91      0.00      0.00      0.00
