Linux 3.14.33-regular (node220-2) 	01/06/2017 	_x86_64_	(8 CPU)

03:52:42 AM     CPU     %user     %nice   %system   %iowait    %steal     %idle
03:52:43 AM       1     26.00      0.00     74.00      0.00      0.00      0.00
03:52:44 AM       1     24.00      0.00     76.00      0.00      0.00      0.00
03:52:45 AM       1     21.21      0.00     78.79      0.00      0.00      0.00
03:52:46 AM       1     21.78      0.00     78.22      0.00      0.00      0.00
03:52:47 AM       1     21.00      0.00     79.00      0.00      0.00      0.00
03:52:48 AM       1     23.00      0.00     77.00      0.00      0.00      0.00
03:52:49 AM       1     20.20      0.00     79.80      0.00      0.00      0.00
03:52:50 AM       1     24.00      0.00     76.00      0.00      0.00      0.00
03:52:51 AM       1     21.78      0.00     78.22      0.00      0.00      0.00
03:52:52 AM       1     22.22      0.00     77.78      0.00      0.00      0.00
03:52:53 AM       1     20.00      0.00     80.00      0.00      0.00      0.00
03:52:54 AM       1     23.76      0.00     76.24      0.00      0.00      0.00
03:52:55 AM       1     22.22      0.00     77.78      0.00      0.00      0.00
03:52:56 AM       1     21.78      0.00     78.22      0.00      0.00      0.00
03:52:57 AM       1     23.00      0.00     77.00      0.00      0.00      0.00
03:52:58 AM       1     27.00      0.00     73.00      0.00      0.00      0.00
03:52:59 AM       1     22.00      0.00     78.00      0.00      0.00      0.00
03:53:00 AM       1     22.00      0.00     78.00      0.00      0.00      0.00
03:53:01 AM       1     24.00      0.00     76.00      0.00      0.00      0.00
03:53:02 AM       1     25.00      0.00     75.00      0.00      0.00      0.00
Average:          1     22.80      0.00     77.20      0.00      0.00      0.00
