Linux 3.14.33-regular (node220-2) 	01/06/2017 	_x86_64_	(8 CPU)

06:47:39 AM     CPU     %user     %nice   %system   %iowait    %steal     %idle
06:47:40 AM       1     19.19      0.00     80.81      0.00      0.00      0.00
06:47:41 AM       1     20.79      0.00     79.21      0.00      0.00      0.00
06:47:42 AM       1     23.23      0.00     76.77      0.00      0.00      0.00
06:47:43 AM       1     19.80      0.00     80.20      0.00      0.00      0.00
06:47:44 AM       1     21.00      0.00     79.00      0.00      0.00      0.00
06:47:45 AM       1     25.25      0.00     74.75      0.00      0.00      0.00
06:47:46 AM       1     23.76      0.00     76.24      0.00      0.00      0.00
06:47:47 AM       1     20.00      0.00     80.00      0.00      0.00      0.00
06:47:48 AM       1     22.00      0.00     78.00      0.00      0.00      0.00
06:47:49 AM       1     24.00      0.00     76.00      0.00      0.00      0.00
06:47:50 AM       1     18.00      0.00     82.00      0.00      0.00      0.00
06:47:51 AM       1     21.21      0.00     78.79      0.00      0.00      0.00
06:47:52 AM       1     26.00      0.00     74.00      0.00      0.00      0.00
06:47:53 AM       1     23.00      0.00     77.00      0.00      0.00      0.00
06:47:54 AM       1     23.00      0.00     77.00      0.00      0.00      0.00
06:47:55 AM       1     19.00      0.00     81.00      0.00      0.00      0.00
06:47:56 AM       1     22.00      0.00     78.00      0.00      0.00      0.00
06:47:57 AM       1     21.00      0.00     79.00      0.00      0.00      0.00
06:47:58 AM       1     27.00      0.00     73.00      0.00      0.00      0.00
06:47:59 AM       1     19.00      0.00     81.00      0.00      0.00      0.00
Average:          1     21.91      0.00     78.09      0.00      0.00      0.00
