Linux 3.14.33-regular (node220-2) 	01/06/2017 	_x86_64_	(8 CPU)

08:59:40 AM     CPU     %user     %nice   %system   %iowait    %steal     %idle
08:59:41 AM       1     24.00      0.00     76.00      0.00      0.00      0.00
08:59:42 AM       1     25.00      0.00     75.00      0.00      0.00      0.00
08:59:43 AM       1     23.00      0.00     77.00      0.00      0.00      0.00
08:59:44 AM       1     21.00      0.00     79.00      0.00      0.00      0.00
08:59:45 AM       1     20.00      0.00     80.00      0.00      0.00      0.00
08:59:46 AM       1     20.00      0.00     80.00      0.00      0.00      0.00
08:59:47 AM       1     20.00      0.00     80.00      0.00      0.00      0.00
08:59:48 AM       1     23.00      0.00     77.00      0.00      0.00      0.00
08:59:49 AM       1     19.00      0.00     81.00      0.00      0.00      0.00
08:59:50 AM       1     23.00      0.00     77.00      0.00      0.00      0.00
08:59:51 AM       1     22.77      0.00     77.23      0.00      0.00      0.00
08:59:52 AM       1     20.00      0.00     80.00      0.00      0.00      0.00
08:59:53 AM       1     20.00      0.00     80.00      0.00      0.00      0.00
08:59:54 AM       1     20.00      0.00     80.00      0.00      0.00      0.00
08:59:55 AM       1     19.00      0.00     81.00      0.00      0.00      0.00
08:59:56 AM       1     21.21      0.00     78.79      0.00      0.00      0.00
08:59:57 AM       1     20.79      0.00     79.21      0.00      0.00      0.00
08:59:58 AM       1     23.23      0.00     76.77      0.00      0.00      0.00
08:59:59 AM       1     22.77      0.00     77.23      0.00      0.00      0.00
09:00:00 AM       1     23.00      0.00     77.00      0.00      0.00      0.00
Average:          1     21.54      0.00     78.46      0.00      0.00      0.00
