Linux 3.14.33-regular (node220-2) 	01/06/2017 	_x86_64_	(8 CPU)

08:01:58 AM     CPU     %user     %nice   %system   %iowait    %steal     %idle
08:01:59 AM       1     15.84      0.00     84.16      0.00      0.00      0.00
08:02:00 AM       1     24.24      0.00     75.76      0.00      0.00      0.00
08:02:01 AM       1     23.00      0.00     77.00      0.00      0.00      0.00
08:02:02 AM       1     18.81      0.00     81.19      0.00      0.00      0.00
08:02:03 AM       1     21.21      0.00     78.79      0.00      0.00      0.00
08:02:04 AM       1     20.00      0.00     80.00      0.00      0.00      0.00
08:02:05 AM       1     17.00      0.00     83.00      0.00      0.00      0.00
08:02:06 AM       1     23.00      0.00     77.00      0.00      0.00      0.00
08:02:07 AM       1     23.00      0.00     77.00      0.00      0.00      0.00
08:02:08 AM       1     22.00      0.00     78.00      0.00      0.00      0.00
08:02:09 AM       1     24.00      0.00     76.00      0.00      0.00      0.00
08:02:10 AM       1     23.00      0.00     77.00      0.00      0.00      0.00
08:02:11 AM       1     24.00      0.00     76.00      0.00      0.00      0.00
08:02:12 AM       1     23.00      0.00     77.00      0.00      0.00      0.00
08:02:13 AM       1     28.00      0.00     72.00      0.00      0.00      0.00
08:02:14 AM       1     21.78      0.00     78.22      0.00      0.00      0.00
08:02:15 AM       1     20.20      0.00     79.80      0.00      0.00      0.00
08:02:16 AM       1     22.00      0.00     78.00      0.00      0.00      0.00
08:02:17 AM       1     20.00      0.00     80.00      0.00      0.00      0.00
08:02:18 AM       1     23.00      0.00     77.00      0.00      0.00      0.00
Average:          1     21.85      0.00     78.15      0.00      0.00      0.00
