Linux 3.14.33-regular (node220-2) 	01/06/2017 	_x86_64_	(8 CPU)

09:57:16 AM     CPU     %user     %nice   %system   %iowait    %steal     %idle
09:57:17 AM       1     18.81      0.00     81.19      0.00      0.00      0.00
09:57:18 AM       1     23.23      0.00     76.77      0.00      0.00      0.00
09:57:19 AM       1     22.77      0.00     77.23      0.00      0.00      0.00
09:57:20 AM       1     23.23      0.00     76.77      0.00      0.00      0.00
09:57:21 AM       1     18.00      0.00     82.00      0.00      0.00      0.00
09:57:22 AM       1     24.75      0.00     75.25      0.00      0.00      0.00
09:57:23 AM       1     20.00      0.00     80.00      0.00      0.00      0.00
09:57:24 AM       1     21.21      0.00     78.79      0.00      0.00      0.00
09:57:25 AM       1     21.78      0.00     78.22      0.00      0.00      0.00
09:57:26 AM       1     25.00      0.00     75.00      0.00      0.00      0.00
09:57:27 AM       1     25.74      0.00     74.26      0.00      0.00      0.00
09:57:28 AM       1     21.21      0.00     78.79      0.00      0.00      0.00
09:57:29 AM       1     23.76      0.00     76.24      0.00      0.00      0.00
09:57:30 AM       1     19.00      0.00     81.00      0.00      0.00      0.00
09:57:31 AM       1     24.00      0.00     76.00      0.00      0.00      0.00
09:57:32 AM       1     22.22      0.00     77.78      0.00      0.00      0.00
09:57:33 AM       1     24.75      0.00     75.25      0.00      0.00      0.00
09:57:34 AM       1     22.00      0.00     78.00      0.00      0.00      0.00
09:57:35 AM       1     22.00      0.00     78.00      0.00      0.00      0.00
09:57:36 AM       1     23.23      0.00     76.77      0.00      0.00      0.00
Average:          1     22.34      0.00     77.66      0.00      0.00      0.00
