Linux 3.14.33-regular (node220-2) 	01/06/2017 	_x86_64_	(8 CPU)

12:43:58 PM     CPU     %user     %nice   %system   %iowait    %steal     %idle
12:43:59 PM       1     20.00      0.00     80.00      0.00      0.00      0.00
12:44:00 PM       1     23.00      0.00     77.00      0.00      0.00      0.00
12:44:01 PM       1     18.00      0.00     82.00      0.00      0.00      0.00
12:44:02 PM       1     18.00      0.00     82.00      0.00      0.00      0.00
12:44:03 PM       1     21.00      0.00     79.00      0.00      0.00      0.00
12:44:04 PM       1     21.00      0.00     79.00      0.00      0.00      0.00
12:44:05 PM       1     23.23      0.00     76.77      0.00      0.00      0.00
12:44:06 PM       1     22.77      0.00     77.23      0.00      0.00      0.00
12:44:07 PM       1     24.00      0.00     76.00      0.00      0.00      0.00
12:44:08 PM       1     25.25      0.00     74.75      0.00      0.00      0.00
12:44:09 PM       1     26.00      0.00     74.00      0.00      0.00      0.00
12:44:10 PM       1     23.00      0.00     77.00      0.00      0.00      0.00
12:44:11 PM       1     20.00      0.00     80.00      0.00      0.00      0.00
12:44:12 PM       1     20.79      0.00     79.21      0.00      0.00      0.00
12:44:13 PM       1     19.00      0.00     81.00      0.00      0.00      0.00
12:44:14 PM       1     19.00      0.00     81.00      0.00      0.00      0.00
12:44:15 PM       1     21.21      0.00     78.79      0.00      0.00      0.00
12:44:16 PM       1     17.82      0.00     82.18      0.00      0.00      0.00
12:44:17 PM       1     26.00      0.00     74.00      0.00      0.00      0.00
12:44:18 PM       1     24.00      0.00     76.00      0.00      0.00      0.00
Average:          1     21.65      0.00     78.35      0.00      0.00      0.00
