Linux 3.14.33-regular (node220-2) 	01/06/2017 	_x86_64_	(8 CPU)

03:45:40 AM     CPU     %user     %nice   %system   %iowait    %steal     %idle
03:45:41 AM       1     24.00      0.00     76.00      0.00      0.00      0.00
03:45:42 AM       1     24.00      0.00     76.00      0.00      0.00      0.00
03:45:43 AM       1     23.00      0.00     77.00      0.00      0.00      0.00
03:45:44 AM       1     27.00      0.00     73.00      0.00      0.00      0.00
03:45:45 AM       1     24.00      0.00     76.00      0.00      0.00      0.00
03:45:46 AM       1     21.00      0.00     79.00      0.00      0.00      0.00
03:45:47 AM       1     21.00      0.00     79.00      0.00      0.00      0.00
03:45:48 AM       1     21.00      0.00     79.00      0.00      0.00      0.00
03:45:49 AM       1     21.00      0.00     79.00      0.00      0.00      0.00
03:45:50 AM       1     20.00      0.00     80.00      0.00      0.00      0.00
03:45:51 AM       1     23.00      0.00     77.00      0.00      0.00      0.00
03:45:52 AM       1     22.00      0.00     78.00      0.00      0.00      0.00
03:45:53 AM       1     21.00      0.00     79.00      0.00      0.00      0.00
03:45:54 AM       1     24.00      0.00     76.00      0.00      0.00      0.00
03:45:55 AM       1     23.00      0.00     77.00      0.00      0.00      0.00
03:45:56 AM       1     23.00      0.00     77.00      0.00      0.00      0.00
03:45:57 AM       1     26.00      0.00     74.00      0.00      0.00      0.00
03:45:58 AM       1     22.00      0.00     78.00      0.00      0.00      0.00
03:45:59 AM       1     24.75      0.00     75.25      0.00      0.00      0.00
03:46:00 AM       1     23.00      0.00     77.00      0.00      0.00      0.00
Average:          1     22.89      0.00     77.11      0.00      0.00      0.00
