Linux 3.14.33-regular (node220-2) 	01/06/2017 	_x86_64_	(8 CPU)

10:28:40 AM     CPU     %user     %nice   %system   %iowait    %steal     %idle
10:28:41 AM       1     23.00      0.00     77.00      0.00      0.00      0.00
10:28:42 AM       1     23.00      0.00     77.00      0.00      0.00      0.00
10:28:43 AM       1     22.00      0.00     78.00      0.00      0.00      0.00
10:28:44 AM       1     21.21      0.00     78.79      0.00      0.00      0.00
10:28:45 AM       1     18.81      0.00     81.19      0.00      0.00      0.00
10:28:46 AM       1     19.00      0.00     81.00      0.00      0.00      0.00
10:28:47 AM       1     23.00      0.00     77.00      0.00      0.00      0.00
10:28:48 AM       1     19.80      0.00     80.20      0.00      0.00      0.00
10:28:49 AM       1     20.20      0.00     79.80      0.00      0.00      0.00
10:28:50 AM       1     21.00      0.00     79.00      0.00      0.00      0.00
10:28:51 AM       1     21.00      0.00     79.00      0.00      0.00      0.00
10:28:52 AM       1     22.00      0.00     78.00      0.00      0.00      0.00
10:28:53 AM       1     26.00      0.00     74.00      0.00      0.00      0.00
10:28:54 AM       1     27.00      0.00     73.00      0.00      0.00      0.00
10:28:55 AM       1     26.00      0.00     74.00      0.00      0.00      0.00
10:28:56 AM       1     19.19      0.00     80.81      0.00      0.00      0.00
10:28:57 AM       1     22.77      0.00     77.23      0.00      0.00      0.00
10:28:58 AM       1     20.00      0.00     80.00      0.00      0.00      0.00
10:28:59 AM       1     20.79      0.00     79.21      0.00      0.00      0.00
10:29:00 AM       1     26.26      0.00     73.74      0.00      0.00      0.00
Average:          1     22.10      0.00     77.90      0.00      0.00      0.00
