Linux 3.14.33-regular (node220-2) 	01/06/2017 	_x86_64_	(8 CPU)

05:56:57 AM     CPU     %user     %nice   %system   %iowait    %steal     %idle
05:56:58 AM       1     24.00      0.00     76.00      0.00      0.00      0.00
05:56:59 AM       1     23.00      0.00     77.00      0.00      0.00      0.00
05:57:00 AM       1     20.00      0.00     80.00      0.00      0.00      0.00
05:57:01 AM       1     22.00      0.00     78.00      0.00      0.00      0.00
05:57:02 AM       1     24.00      0.00     76.00      0.00      0.00      0.00
05:57:03 AM       1     21.21      0.00     78.79      0.00      0.00      0.00
05:57:04 AM       1     23.00      0.00     77.00      0.00      0.00      0.00
05:57:05 AM       1     20.00      0.00     80.00      0.00      0.00      0.00
05:57:06 AM       1     22.77      0.00     77.23      0.00      0.00      0.00
05:57:07 AM       1     18.00      0.00     82.00      0.00      0.00      0.00
05:57:08 AM       1     21.00      0.00     79.00      0.00      0.00      0.00
05:57:09 AM       1     22.00      0.00     78.00      0.00      0.00      0.00
05:57:10 AM       1     24.24      0.00     75.76      0.00      0.00      0.00
05:57:11 AM       1     19.00      0.00     81.00      0.00      0.00      0.00
05:57:12 AM       1     18.00      0.00     82.00      0.00      0.00      0.00
05:57:13 AM       1     20.79      0.00     79.21      0.00      0.00      0.00
05:57:14 AM       1     24.00      0.00     76.00      0.00      0.00      0.00
05:57:15 AM       1     24.24      0.00     75.76      0.00      0.00      0.00
05:57:16 AM       1     20.00      0.00     80.00      0.00      0.00      0.00
05:57:17 AM       1     18.81      0.00     81.19      0.00      0.00      0.00
Average:          1     21.50      0.00     78.50      0.00      0.00      0.00
