Linux 3.14.33-regular (node220-2) 	01/06/2017 	_x86_64_	(8 CPU)

05:14:04 AM     CPU     %user     %nice   %system   %iowait    %steal     %idle
05:14:05 AM       1     19.80      0.00     80.20      0.00      0.00      0.00
05:14:06 AM       1     22.22      0.00     77.78      0.00      0.00      0.00
05:14:07 AM       1     23.00      0.00     77.00      0.00      0.00      0.00
05:14:08 AM       1     17.82      0.00     82.18      0.00      0.00      0.00
05:14:09 AM       1     28.00      0.00     72.00      0.00      0.00      0.00
05:14:10 AM       1     18.18      0.00     81.82      0.00      0.00      0.00
05:14:11 AM       1     19.80      0.00     80.20      0.00      0.00      0.00
05:14:12 AM       1     19.19      0.00     80.81      0.00      0.00      0.00
05:14:13 AM       1     22.00      0.00     78.00      0.00      0.00      0.00
05:14:14 AM       1     23.00      0.00     77.00      0.00      0.00      0.00
05:14:15 AM       1     20.79      0.00     79.21      0.00      0.00      0.00
05:14:16 AM       1     24.24      0.00     75.76      0.00      0.00      0.00
05:14:17 AM       1     21.00      0.00     79.00      0.00      0.00      0.00
05:14:18 AM       1     22.00      0.00     78.00      0.00      0.00      0.00
05:14:19 AM       1     20.00      0.00     80.00      0.00      0.00      0.00
05:14:20 AM       1     20.79      0.00     79.21      0.00      0.00      0.00
05:14:21 AM       1     21.21      0.00     78.79      0.00      0.00      0.00
05:14:22 AM       1     23.76      0.00     76.24      0.00      0.00      0.00
05:14:23 AM       1     24.00      0.00     76.00      0.00      0.00      0.00
05:14:24 AM       1     22.00      0.00     78.00      0.00      0.00      0.00
Average:          1     21.64      0.00     78.36      0.00      0.00      0.00
