Linux 3.14.33-regular (node220-2) 	01/06/2017 	_x86_64_	(8 CPU)

12:04:55 PM     CPU     %user     %nice   %system   %iowait    %steal     %idle
12:04:56 PM       1     20.20      0.00     79.80      0.00      0.00      0.00
12:04:57 PM       1     22.77      0.00     77.23      0.00      0.00      0.00
12:04:58 PM       1     23.23      0.00     76.77      0.00      0.00      0.00
12:04:59 PM       1     22.00      0.00     78.00      0.00      0.00      0.00
12:05:00 PM       1     20.79      0.00     79.21      0.00      0.00      0.00
12:05:01 PM       1     25.00      0.00     75.00      0.00      0.00      0.00
12:05:02 PM       1     25.00      0.00     75.00      0.00      0.00      0.00
12:05:03 PM       1     25.00      0.00     75.00      0.00      0.00      0.00
12:05:04 PM       1     20.00      0.00     80.00      0.00      0.00      0.00
12:05:05 PM       1     22.00      0.00     78.00      0.00      0.00      0.00
12:05:06 PM       1     21.00      0.00     79.00      0.00      0.00      0.00
12:05:07 PM       1     18.00      0.00     82.00      0.00      0.00      0.00
12:05:08 PM       1     24.00      0.00     76.00      0.00      0.00      0.00
12:05:09 PM       1     23.23      0.00     76.77      0.00      0.00      0.00
12:05:10 PM       1     17.82      0.00     82.18      0.00      0.00      0.00
12:05:11 PM       1     19.19      0.00     80.81      0.00      0.00      0.00
12:05:12 PM       1     23.00      0.00     77.00      0.00      0.00      0.00
12:05:13 PM       1     23.00      0.00     77.00      0.00      0.00      0.00
12:05:14 PM       1     22.00      0.00     78.00      0.00      0.00      0.00
12:05:15 PM       1     26.73      0.00     73.27      0.00      0.00      0.00
Average:          1     22.20      0.00     77.80      0.00      0.00      0.00
