Linux 3.14.33-regular (node220-2) 	01/06/2017 	_x86_64_	(8 CPU)

09:39:57 AM     CPU     %user     %nice   %system   %iowait    %steal     %idle
09:39:58 AM       1     17.17      0.00     82.83      0.00      0.00      0.00
09:39:59 AM       1     21.00      0.00     79.00      0.00      0.00      0.00
09:40:00 AM       1     25.00      0.00     75.00      0.00      0.00      0.00
09:40:01 AM       1     23.00      0.00     77.00      0.00      0.00      0.00
09:40:02 AM       1     24.24      0.00     75.76      0.00      0.00      0.00
09:40:03 AM       1     22.77      0.00     77.23      0.00      0.00      0.00
09:40:04 AM       1     22.00      0.00     78.00      0.00      0.00      0.00
09:40:05 AM       1     21.00      0.00     79.00      0.00      0.00      0.00
09:40:06 AM       1     18.00      0.00     82.00      0.00      0.00      0.00
09:40:07 AM       1     25.00      0.00     75.00      0.00      0.00      0.00
09:40:08 AM       1     20.79      0.00     79.21      0.00      0.00      0.00
09:40:09 AM       1     22.00      0.00     78.00      0.00      0.00      0.00
09:40:10 AM       1     18.18      0.00     81.82      0.00      0.00      0.00
09:40:11 AM       1     23.76      0.00     76.24      0.00      0.00      0.00
09:40:12 AM       1     24.00      0.00     76.00      0.00      0.00      0.00
09:40:13 AM       1     20.00      0.00     80.00      0.00      0.00      0.00
09:40:14 AM       1     23.23      0.00     76.77      0.00      0.00      0.00
09:40:15 AM       1     19.00      0.00     81.00      0.00      0.00      0.00
09:40:16 AM       1     20.79      0.00     79.21      0.00      0.00      0.00
09:40:17 AM       1     26.00      0.00     74.00      0.00      0.00      0.00
Average:          1     21.85      0.00     78.15      0.00      0.00      0.00
