Linux 3.14.33-regular (node220-2) 	01/06/2017 	_x86_64_	(8 CPU)

04:43:57 AM     CPU     %user     %nice   %system   %iowait    %steal     %idle
04:43:58 AM       1     22.22      0.00     77.78      0.00      0.00      0.00
04:43:59 AM       1     26.73      0.00     73.27      0.00      0.00      0.00
04:44:00 AM       1     19.19      0.00     80.81      0.00      0.00      0.00
04:44:01 AM       1     22.00      0.00     78.00      0.00      0.00      0.00
04:44:02 AM       1     22.00      0.00     78.00      0.00      0.00      0.00
04:44:03 AM       1     19.80      0.00     80.20      0.00      0.00      0.00
04:44:04 AM       1     21.00      0.00     79.00      0.00      0.00      0.00
04:44:05 AM       1     21.21      0.00     78.79      0.00      0.00      0.00
04:44:06 AM       1     25.74      0.00     74.26      0.00      0.00      0.00
04:44:07 AM       1     15.15      0.00     84.85      0.00      0.00      0.00
04:44:08 AM       1     23.76      0.00     76.24      0.00      0.00      0.00
04:44:09 AM       1     21.21      0.00     78.79      0.00      0.00      0.00
04:44:10 AM       1     25.00      0.00     75.00      0.00      0.00      0.00
04:44:11 AM       1     20.79      0.00     79.21      0.00      0.00      0.00
04:44:12 AM       1     19.19      0.00     80.81      0.00      0.00      0.00
04:44:13 AM       1     24.00      0.00     76.00      0.00      0.00      0.00
04:44:14 AM       1     23.76      0.00     76.24      0.00      0.00      0.00
04:44:15 AM       1     27.00      0.00     73.00      0.00      0.00      0.00
04:44:16 AM       1     22.22      0.00     77.78      0.00      0.00      0.00
04:44:17 AM       1     19.80      0.00     80.20      0.00      0.00      0.00
Average:          1     22.10      0.00     77.90      0.00      0.00      0.00
