Linux 3.14.33-regular (node220-2) 	01/06/2017 	_x86_64_	(8 CPU)

07:57:28 AM     CPU     %user     %nice   %system   %iowait    %steal     %idle
07:57:29 AM       1     22.00      0.00     78.00      0.00      0.00      0.00
07:57:30 AM       1     21.78      0.00     78.22      0.00      0.00      0.00
07:57:31 AM       1     19.00      0.00     81.00      0.00      0.00      0.00
07:57:32 AM       1     23.23      0.00     76.77      0.00      0.00      0.00
07:57:33 AM       1     23.00      0.00     77.00      0.00      0.00      0.00
07:57:34 AM       1     19.00      0.00     81.00      0.00      0.00      0.00
07:57:35 AM       1     21.00      0.00     79.00      0.00      0.00      0.00
07:57:36 AM       1     21.78      0.00     78.22      0.00      0.00      0.00
07:57:37 AM       1     22.00      0.00     78.00      0.00      0.00      0.00
07:57:38 AM       1     23.23      0.00     76.77      0.00      0.00      0.00
07:57:39 AM       1     26.00      0.00     74.00      0.00      0.00      0.00
07:57:40 AM       1     23.00      0.00     77.00      0.00      0.00      0.00
07:57:41 AM       1     21.00      0.00     79.00      0.00      0.00      0.00
07:57:42 AM       1     20.79      0.00     79.21      0.00      0.00      0.00
07:57:43 AM       1     22.00      0.00     78.00      0.00      0.00      0.00
07:57:44 AM       1     22.22      0.00     77.78      0.00      0.00      0.00
07:57:45 AM       1     21.78      0.00     78.22      0.00      0.00      0.00
07:57:46 AM       1     20.20      0.00     79.80      0.00      0.00      0.00
07:57:47 AM       1     21.00      0.00     79.00      0.00      0.00      0.00
07:57:48 AM       1     18.00      0.00     82.00      0.00      0.00      0.00
Average:          1     21.60      0.00     78.40      0.00      0.00      0.00
