Linux 3.14.33-regular (node220-2) 	01/06/2017 	_x86_64_	(8 CPU)

10:55:01 AM     CPU     %user     %nice   %system   %iowait    %steal     %idle
10:55:02 AM       1     22.00      0.00     78.00      0.00      0.00      0.00
10:55:03 AM       1     20.00      0.00     80.00      0.00      0.00      0.00
10:55:04 AM       1     15.00      0.00     85.00      0.00      0.00      0.00
10:55:05 AM       1     24.00      0.00     76.00      0.00      0.00      0.00
10:55:06 AM       1     23.00      0.00     77.00      0.00      0.00      0.00
10:55:07 AM       1     24.00      0.00     76.00      0.00      0.00      0.00
10:55:08 AM       1     21.21      0.00     78.79      0.00      0.00      0.00
10:55:09 AM       1     16.00      0.00     84.00      0.00      0.00      0.00
10:55:10 AM       1     25.00      0.00     75.00      0.00      0.00      0.00
10:55:11 AM       1     21.00      0.00     79.00      0.00      0.00      0.00
10:55:12 AM       1     24.00      0.00     76.00      0.00      0.00      0.00
10:55:13 AM       1     23.00      0.00     77.00      0.00      0.00      0.00
10:55:14 AM       1     30.00      0.00     70.00      0.00      0.00      0.00
10:55:15 AM       1     19.80      0.00     80.20      0.00      0.00      0.00
10:55:16 AM       1     22.00      0.00     78.00      0.00      0.00      0.00
10:55:17 AM       1     19.00      0.00     81.00      0.00      0.00      0.00
10:55:18 AM       1     23.23      0.00     76.77      0.00      0.00      0.00
10:55:19 AM       1     19.00      0.00     81.00      0.00      0.00      0.00
10:55:20 AM       1     21.00      0.00     79.00      0.00      0.00      0.00
10:55:21 AM       1     23.76      0.00     76.24      0.00      0.00      0.00
Average:          1     21.80      0.00     78.20      0.00      0.00      0.00
