Linux 3.14.33-regular (node220-2) 	01/06/2017 	_x86_64_	(8 CPU)

08:15:26 AM     CPU     %user     %nice   %system   %iowait    %steal     %idle
08:15:27 AM       1     24.00      0.00     76.00      0.00      0.00      0.00
08:15:28 AM       1     20.79      0.00     79.21      0.00      0.00      0.00
08:15:29 AM       1     23.00      0.00     77.00      0.00      0.00      0.00
08:15:30 AM       1     26.00      0.00     74.00      0.00      0.00      0.00
08:15:31 AM       1     19.19      0.00     80.81      0.00      0.00      0.00
08:15:32 AM       1     22.77      0.00     77.23      0.00      0.00      0.00
08:15:33 AM       1     25.25      0.00     74.75      0.00      0.00      0.00
08:15:34 AM       1     24.00      0.00     76.00      0.00      0.00      0.00
08:15:35 AM       1     22.77      0.00     77.23      0.00      0.00      0.00
08:15:36 AM       1     23.00      0.00     77.00      0.00      0.00      0.00
08:15:37 AM       1     20.00      0.00     80.00      0.00      0.00      0.00
08:15:38 AM       1     25.25      0.00     74.75      0.00      0.00      0.00
08:15:39 AM       1     26.00      0.00     74.00      0.00      0.00      0.00
08:15:40 AM       1     19.80      0.00     80.20      0.00      0.00      0.00
08:15:41 AM       1     20.00      0.00     80.00      0.00      0.00      0.00
08:15:42 AM       1     18.18      0.00     81.82      0.00      0.00      0.00
08:15:43 AM       1     23.76      0.00     76.24      0.00      0.00      0.00
08:15:44 AM       1     14.00      0.00     86.00      0.00      0.00      0.00
08:15:45 AM       1     26.26      0.00     73.74      0.00      0.00      0.00
08:15:46 AM       1     18.00      0.00     82.00      0.00      0.00      0.00
Average:          1     22.10      0.00     77.90      0.00      0.00      0.00
