Linux 3.14.33-regular (node220-2) 	01/06/2017 	_x86_64_	(8 CPU)

12:08:45 PM     CPU     %user     %nice   %system   %iowait    %steal     %idle
12:08:46 PM       1     20.79      0.00     79.21      0.00      0.00      0.00
12:08:47 PM       1     24.24      0.00     75.76      0.00      0.00      0.00
12:08:48 PM       1     20.00      0.00     80.00      0.00      0.00      0.00
12:08:49 PM       1     19.00      0.00     81.00      0.00      0.00      0.00
12:08:50 PM       1     20.00      0.00     80.00      0.00      0.00      0.00
12:08:51 PM       1     23.00      0.00     77.00      0.00      0.00      0.00
12:08:52 PM       1     24.00      0.00     76.00      0.00      0.00      0.00
12:08:53 PM       1     24.00      0.00     76.00      0.00      0.00      0.00
12:08:54 PM       1     23.00      0.00     77.00      0.00      0.00      0.00
12:08:55 PM       1     21.00      0.00     79.00      0.00      0.00      0.00
12:08:56 PM       1     26.00      0.00     74.00      0.00      0.00      0.00
12:08:57 PM       1     21.00      0.00     79.00      0.00      0.00      0.00
12:08:58 PM       1     25.00      0.00     75.00      0.00      0.00      0.00
12:08:59 PM       1     19.00      0.00     81.00      0.00      0.00      0.00
12:09:00 PM       1     21.00      0.00     79.00      0.00      0.00      0.00
12:09:01 PM       1     25.00      0.00     75.00      0.00      0.00      0.00
12:09:02 PM       1     23.76      0.00     76.24      0.00      0.00      0.00
12:09:03 PM       1     20.00      0.00     80.00      0.00      0.00      0.00
12:09:04 PM       1     26.26      0.00     73.74      0.00      0.00      0.00
12:09:05 PM       1     22.00      0.00     78.00      0.00      0.00      0.00
Average:          1     22.40      0.00     77.60      0.00      0.00      0.00
