Linux 3.14.33-regular (node220-2) 	01/06/2017 	_x86_64_	(8 CPU)

05:16:00 AM     CPU     %user     %nice   %system   %iowait    %steal     %idle
05:16:01 AM       1     18.00      0.00     82.00      0.00      0.00      0.00
05:16:02 AM       1     19.19      0.00     80.81      0.00      0.00      0.00
05:16:03 AM       1     18.81      0.00     81.19      0.00      0.00      0.00
05:16:04 AM       1     22.00      0.00     78.00      0.00      0.00      0.00
05:16:05 AM       1     21.00      0.00     79.00      0.00      0.00      0.00
05:16:06 AM       1     16.83      0.00     83.17      0.00      0.00      0.00
05:16:07 AM       1     18.00      0.00     82.00      0.00      0.00      0.00
05:16:08 AM       1     19.19      0.00     80.81      0.00      0.00      0.00
05:16:09 AM       1     26.00      0.00     74.00      0.00      0.00      0.00
05:16:10 AM       1     24.75      0.00     75.25      0.00      0.00      0.00
05:16:11 AM       1     26.00      0.00     74.00      0.00      0.00      0.00
05:16:12 AM       1     21.21      0.00     78.79      0.00      0.00      0.00
05:16:13 AM       1     26.00      0.00     74.00      0.00      0.00      0.00
05:16:14 AM       1     25.00      0.00     75.00      0.00      0.00      0.00
05:16:15 AM       1     21.00      0.00     79.00      0.00      0.00      0.00
05:16:16 AM       1     21.00      0.00     79.00      0.00      0.00      0.00
05:16:17 AM       1     25.00      0.00     75.00      0.00      0.00      0.00
05:16:18 AM       1     22.00      0.00     78.00      0.00      0.00      0.00
05:16:19 AM       1     24.00      0.00     76.00      0.00      0.00      0.00
05:16:20 AM       1     20.00      0.00     80.00      0.00      0.00      0.00
Average:          1     21.75      0.00     78.25      0.00      0.00      0.00
