Linux 3.14.33-regular (node220-2) 	01/06/2017 	_x86_64_	(8 CPU)

03:00:16 AM     CPU     %user     %nice   %system   %iowait    %steal     %idle
03:00:17 AM       1     21.00      0.00     79.00      0.00      0.00      0.00
03:00:18 AM       1     23.00      0.00     77.00      0.00      0.00      0.00
03:00:19 AM       1     24.24      0.00     75.76      0.00      0.00      0.00
03:00:20 AM       1     23.76      0.00     76.24      0.00      0.00      0.00
03:00:21 AM       1     21.21      0.00     78.79      0.00      0.00      0.00
03:00:22 AM       1     25.00      0.00     75.00      0.00      0.00      0.00
03:00:23 AM       1     24.75      0.00     75.25      0.00      0.00      0.00
03:00:24 AM       1     19.00      0.00     81.00      0.00      0.00      0.00
03:00:25 AM       1     22.00      0.00     78.00      0.00      0.00      0.00
03:00:26 AM       1     19.19      0.00     80.81      0.00      0.00      0.00
03:00:27 AM       1     22.77      0.00     77.23      0.00      0.00      0.00
03:00:28 AM       1     26.00      0.00     74.00      0.00      0.00      0.00
03:00:29 AM       1     22.00      0.00     78.00      0.00      0.00      0.00
03:00:30 AM       1     24.00      0.00     76.00      0.00      0.00      0.00
03:00:31 AM       1     26.00      0.00     74.00      0.00      0.00      0.00
03:00:32 AM       1     19.19      0.00     80.81      0.00      0.00      0.00
03:00:33 AM       1     23.76      0.00     76.24      0.00      0.00      0.00
03:00:34 AM       1     23.00      0.00     77.00      0.00      0.00      0.00
03:00:35 AM       1     22.00      0.00     78.00      0.00      0.00      0.00
03:00:36 AM       1     20.00      0.00     80.00      0.00      0.00      0.00
Average:          1     22.60      0.00     77.40      0.00      0.00      0.00
