Linux 3.14.33-regular (node220-2) 	01/06/2017 	_x86_64_	(8 CPU)

09:47:38 AM     CPU     %user     %nice   %system   %iowait    %steal     %idle
09:47:39 AM       1     28.00      0.00     72.00      0.00      0.00      0.00
09:47:40 AM       1     25.00      0.00     75.00      0.00      0.00      0.00
09:47:41 AM       1     18.00      0.00     82.00      0.00      0.00      0.00
09:47:42 AM       1     23.00      0.00     77.00      0.00      0.00      0.00
09:47:43 AM       1     24.00      0.00     76.00      0.00      0.00      0.00
09:47:44 AM       1     20.79      0.00     79.21      0.00      0.00      0.00
09:47:45 AM       1     21.21      0.00     78.79      0.00      0.00      0.00
09:47:46 AM       1     24.00      0.00     76.00      0.00      0.00      0.00
09:47:47 AM       1     23.00      0.00     77.00      0.00      0.00      0.00
09:47:48 AM       1     24.00      0.00     76.00      0.00      0.00      0.00
09:47:49 AM       1     22.00      0.00     78.00      0.00      0.00      0.00
09:47:50 AM       1     25.00      0.00     75.00      0.00      0.00      0.00
09:47:51 AM       1     22.00      0.00     78.00      0.00      0.00      0.00
09:47:52 AM       1     24.00      0.00     76.00      0.00      0.00      0.00
09:47:53 AM       1     22.00      0.00     78.00      0.00      0.00      0.00
09:47:54 AM       1     23.00      0.00     77.00      0.00      0.00      0.00
09:47:55 AM       1     26.00      0.00     74.00      0.00      0.00      0.00
09:47:56 AM       1     21.00      0.00     79.00      0.00      0.00      0.00
09:47:57 AM       1     23.00      0.00     77.00      0.00      0.00      0.00
09:47:58 AM       1     25.00      0.00     75.00      0.00      0.00      0.00
Average:          1     23.20      0.00     76.80      0.00      0.00      0.00
