Linux 3.14.33-regular (node220-2) 	01/06/2017 	_x86_64_	(8 CPU)

02:53:52 AM     CPU     %user     %nice   %system   %iowait    %steal     %idle
02:53:53 AM       1     26.00      0.00     74.00      0.00      0.00      0.00
02:53:54 AM       1     20.20      0.00     79.80      0.00      0.00      0.00
02:53:55 AM       1     22.00      0.00     78.00      0.00      0.00      0.00
02:53:56 AM       1     21.78      0.00     78.22      0.00      0.00      0.00
02:53:57 AM       1     24.00      0.00     76.00      0.00      0.00      0.00
02:53:58 AM       1     24.24      0.00     75.76      0.00      0.00      0.00
02:53:59 AM       1     23.76      0.00     76.24      0.00      0.00      0.00
02:54:00 AM       1     15.00      0.00     85.00      0.00      0.00      0.00
02:54:01 AM       1     22.00      0.00     78.00      0.00      0.00      0.00
02:54:02 AM       1     25.25      0.00     74.75      0.00      0.00      0.00
02:54:03 AM       1     25.00      0.00     75.00      0.00      0.00      0.00
02:54:04 AM       1     22.77      0.00     77.23      0.00      0.00      0.00
02:54:05 AM       1     21.21      0.00     78.79      0.00      0.00      0.00
02:54:06 AM       1     22.77      0.00     77.23      0.00      0.00      0.00
02:54:07 AM       1     24.00      0.00     76.00      0.00      0.00      0.00
02:54:08 AM       1     24.24      0.00     75.76      0.00      0.00      0.00
02:54:09 AM       1     24.00      0.00     76.00      0.00      0.00      0.00
02:54:10 AM       1     25.74      0.00     74.26      0.00      0.00      0.00
02:54:11 AM       1     23.23      0.00     76.77      0.00      0.00      0.00
02:54:12 AM       1     21.00      0.00     79.00      0.00      0.00      0.00
Average:          1     22.91      0.00     77.09      0.00      0.00      0.00
