Linux 3.14.33-regular (node220-2) 	01/06/2017 	_x86_64_	(8 CPU)

12:01:44 PM     CPU     %user     %nice   %system   %iowait    %steal     %idle
12:01:45 PM       1     24.00      0.00     76.00      0.00      0.00      0.00
12:01:46 PM       1     23.76      0.00     76.24      0.00      0.00      0.00
12:01:47 PM       1     20.20      0.00     79.80      0.00      0.00      0.00
12:01:48 PM       1     17.82      0.00     82.18      0.00      0.00      0.00
12:01:49 PM       1     24.24      0.00     75.76      0.00      0.00      0.00
12:01:50 PM       1     25.74      0.00     74.26      0.00      0.00      0.00
12:01:51 PM       1     21.21      0.00     78.79      0.00      0.00      0.00
12:01:52 PM       1     25.00      0.00     75.00      0.00      0.00      0.00
12:01:53 PM       1     26.00      0.00     74.00      0.00      0.00      0.00
12:01:54 PM       1     23.76      0.00     76.24      0.00      0.00      0.00
12:01:55 PM       1     18.18      0.00     81.82      0.00      0.00      0.00
12:01:56 PM       1     25.00      0.00     75.00      0.00      0.00      0.00
12:01:57 PM       1     17.00      0.00     83.00      0.00      0.00      0.00
12:01:58 PM       1     22.00      0.00     78.00      0.00      0.00      0.00
12:01:59 PM       1     24.00      0.00     76.00      0.00      0.00      0.00
12:02:00 PM       1     19.00      0.00     81.00      0.00      0.00      0.00
12:02:01 PM       1     25.00      0.00     75.00      0.00      0.00      0.00
12:02:02 PM       1     25.74      0.00     74.26      0.00      0.00      0.00
12:02:03 PM       1     23.00      0.00     77.00      0.00      0.00      0.00
12:02:04 PM       1     22.00      0.00     78.00      0.00      0.00      0.00
Average:          1     22.64      0.00     77.36      0.00      0.00      0.00
