Linux 3.14.33-regular (node220-2) 	01/06/2017 	_x86_64_	(8 CPU)

08:19:56 AM     CPU     %user     %nice   %system   %iowait    %steal     %idle
08:19:57 AM       1     26.00      0.00     74.00      0.00      0.00      0.00
08:19:58 AM       1     21.00      0.00     79.00      0.00      0.00      0.00
08:19:59 AM       1     18.00      0.00     82.00      0.00      0.00      0.00
08:20:00 AM       1     24.75      0.00     75.25      0.00      0.00      0.00
08:20:01 AM       1     22.22      0.00     77.78      0.00      0.00      0.00
08:20:02 AM       1     18.00      0.00     82.00      0.00      0.00      0.00
08:20:03 AM       1     22.00      0.00     78.00      0.00      0.00      0.00
08:20:04 AM       1     24.00      0.00     76.00      0.00      0.00      0.00
08:20:05 AM       1     20.00      0.00     80.00      0.00      0.00      0.00
08:20:06 AM       1     19.00      0.00     81.00      0.00      0.00      0.00
08:20:07 AM       1     24.00      0.00     76.00      0.00      0.00      0.00
08:20:08 AM       1     24.00      0.00     76.00      0.00      0.00      0.00
08:20:09 AM       1     23.00      0.00     77.00      0.00      0.00      0.00
08:20:10 AM       1     22.00      0.00     78.00      0.00      0.00      0.00
08:20:11 AM       1     20.00      0.00     80.00      0.00      0.00      0.00
08:20:12 AM       1     20.79      0.00     79.21      0.00      0.00      0.00
08:20:13 AM       1     29.29      0.00     70.71      0.00      0.00      0.00
08:20:14 AM       1     22.00      0.00     78.00      0.00      0.00      0.00
08:20:15 AM       1     22.77      0.00     77.23      0.00      0.00      0.00
08:20:16 AM       1     20.00      0.00     80.00      0.00      0.00      0.00
Average:          1     22.14      0.00     77.86      0.00      0.00      0.00
