Linux 3.14.33-regular (node220-2) 	01/06/2017 	_x86_64_	(8 CPU)

05:34:34 AM     CPU     %user     %nice   %system   %iowait    %steal     %idle
05:34:35 AM       1     23.00      0.00     77.00      0.00      0.00      0.00
05:34:36 AM       1     27.27      0.00     72.73      0.00      0.00      0.00
05:34:37 AM       1     23.00      0.00     77.00      0.00      0.00      0.00
05:34:38 AM       1     23.76      0.00     76.24      0.00      0.00      0.00
05:34:39 AM       1     19.00      0.00     81.00      0.00      0.00      0.00
05:34:40 AM       1     20.00      0.00     80.00      0.00      0.00      0.00
05:34:41 AM       1     25.00      0.00     75.00      0.00      0.00      0.00
05:34:42 AM       1     21.00      0.00     79.00      0.00      0.00      0.00
05:34:43 AM       1     23.00      0.00     77.00      0.00      0.00      0.00
05:34:44 AM       1     20.00      0.00     80.00      0.00      0.00      0.00
05:34:45 AM       1     20.00      0.00     80.00      0.00      0.00      0.00
05:34:46 AM       1     21.00      0.00     79.00      0.00      0.00      0.00
05:34:47 AM       1     23.00      0.00     77.00      0.00      0.00      0.00
05:34:48 AM       1     21.00      0.00     79.00      0.00      0.00      0.00
05:34:49 AM       1     26.00      0.00     74.00      0.00      0.00      0.00
05:34:50 AM       1     25.00      0.00     75.00      0.00      0.00      0.00
05:34:51 AM       1     20.00      0.00     80.00      0.00      0.00      0.00
05:34:52 AM       1     21.21      0.00     78.79      0.00      0.00      0.00
05:34:53 AM       1     24.75      0.00     75.25      0.00      0.00      0.00
05:34:54 AM       1     19.19      0.00     80.81      0.00      0.00      0.00
Average:          1     22.31      0.00     77.69      0.00      0.00      0.00
