Linux 3.14.33-regular (node220-2) 	01/06/2017 	_x86_64_	(8 CPU)

03:33:31 AM     CPU     %user     %nice   %system   %iowait    %steal     %idle
03:33:32 AM       1     22.00      0.00     78.00      0.00      0.00      0.00
03:33:33 AM       1     23.76      0.00     76.24      0.00      0.00      0.00
03:33:34 AM       1     27.27      0.00     72.73      0.00      0.00      0.00
03:33:35 AM       1     20.00      0.00     80.00      0.00      0.00      0.00
03:33:36 AM       1     19.00      0.00     81.00      0.00      0.00      0.00
03:33:37 AM       1     24.00      0.00     76.00      0.00      0.00      0.00
03:33:38 AM       1     23.76      0.00     76.24      0.00      0.00      0.00
03:33:39 AM       1     20.20      0.00     79.80      0.00      0.00      0.00
03:33:40 AM       1     23.76      0.00     76.24      0.00      0.00      0.00
03:33:41 AM       1     24.00      0.00     76.00      0.00      0.00      0.00
03:33:42 AM       1     21.21      0.00     78.79      0.00      0.00      0.00
03:33:43 AM       1     24.75      0.00     75.25      0.00      0.00      0.00
03:33:44 AM       1     22.22      0.00     77.78      0.00      0.00      0.00
03:33:45 AM       1     23.00      0.00     77.00      0.00      0.00      0.00
03:33:46 AM       1     24.00      0.00     76.00      0.00      0.00      0.00
03:33:47 AM       1     25.00      0.00     75.00      0.00      0.00      0.00
03:33:48 AM       1     21.78      0.00     78.22      0.00      0.00      0.00
03:33:49 AM       1     24.24      0.00     75.76      0.00      0.00      0.00
03:33:50 AM       1     24.00      0.00     76.00      0.00      0.00      0.00
03:33:51 AM       1     23.00      0.00     77.00      0.00      0.00      0.00
Average:          1     23.05      0.00     76.95      0.00      0.00      0.00
