Linux 3.14.33-regular (node220-2) 	01/06/2017 	_x86_64_	(8 CPU)

07:38:56 AM     CPU     %user     %nice   %system   %iowait    %steal     %idle
07:38:57 AM       1     26.26      0.00     73.74      0.00      0.00      0.00
07:38:58 AM       1     25.00      0.00     75.00      0.00      0.00      0.00
07:38:59 AM       1     21.78      0.00     78.22      0.00      0.00      0.00
07:39:00 AM       1     26.26      0.00     73.74      0.00      0.00      0.00
07:39:01 AM       1     23.76      0.00     76.24      0.00      0.00      0.00
07:39:02 AM       1     22.22      0.00     77.78      0.00      0.00      0.00
07:39:03 AM       1     20.79      0.00     79.21      0.00      0.00      0.00
07:39:04 AM       1     24.00      0.00     76.00      0.00      0.00      0.00
07:39:05 AM       1     23.23      0.00     76.77      0.00      0.00      0.00
07:39:06 AM       1     21.78      0.00     78.22      0.00      0.00      0.00
07:39:07 AM       1     24.24      0.00     75.76      0.00      0.00      0.00
07:39:08 AM       1     23.76      0.00     76.24      0.00      0.00      0.00
07:39:09 AM       1     26.26      0.00     73.74      0.00      0.00      0.00
07:39:10 AM       1     20.79      0.00     79.21      0.00      0.00      0.00
07:39:11 AM       1     22.22      0.00     77.78      0.00      0.00      0.00
07:39:12 AM       1     21.78      0.00     78.22      0.00      0.00      0.00
07:39:13 AM       1     23.00      0.00     77.00      0.00      0.00      0.00
07:39:14 AM       1     25.25      0.00     74.75      0.00      0.00      0.00
07:39:15 AM       1     22.00      0.00     78.00      0.00      0.00      0.00
07:39:16 AM       1     24.00      0.00     76.00      0.00      0.00      0.00
Average:          1     23.41      0.00     76.59      0.00      0.00      0.00
