Linux 3.14.33-regular (node220-2) 	01/06/2017 	_x86_64_	(8 CPU)

10:15:12 AM     CPU     %user     %nice   %system   %iowait    %steal     %idle
10:15:13 AM       1     24.00      0.00     76.00      0.00      0.00      0.00
10:15:14 AM       1     23.00      0.00     77.00      0.00      0.00      0.00
10:15:15 AM       1     16.00      0.00     84.00      0.00      0.00      0.00
10:15:16 AM       1     21.00      0.00     79.00      0.00      0.00      0.00
10:15:17 AM       1     22.00      0.00     78.00      0.00      0.00      0.00
10:15:18 AM       1     16.16      0.00     83.84      0.00      0.00      0.00
10:15:19 AM       1     24.75      0.00     75.25      0.00      0.00      0.00
10:15:20 AM       1     21.00      0.00     79.00      0.00      0.00      0.00
10:15:21 AM       1     24.00      0.00     76.00      0.00      0.00      0.00
10:15:22 AM       1     20.20      0.00     79.80      0.00      0.00      0.00
10:15:23 AM       1     23.76      0.00     76.24      0.00      0.00      0.00
10:15:24 AM       1     22.22      0.00     77.78      0.00      0.00      0.00
10:15:25 AM       1     21.78      0.00     78.22      0.00      0.00      0.00
10:15:26 AM       1     24.24      0.00     75.76      0.00      0.00      0.00
10:15:27 AM       1     22.00      0.00     78.00      0.00      0.00      0.00
10:15:28 AM       1     22.00      0.00     78.00      0.00      0.00      0.00
10:15:29 AM       1     24.00      0.00     76.00      0.00      0.00      0.00
10:15:30 AM       1     22.00      0.00     78.00      0.00      0.00      0.00
10:15:31 AM       1     21.78      0.00     78.22      0.00      0.00      0.00
10:15:32 AM       1     22.22      0.00     77.78      0.00      0.00      0.00
Average:          1     21.91      0.00     78.09      0.00      0.00      0.00
