Linux 3.14.33-regular (node220-2) 	01/06/2017 	_x86_64_	(8 CPU)

09:37:24 AM     CPU     %user     %nice   %system   %iowait    %steal     %idle
09:37:25 AM       1     17.17      0.00     82.83      0.00      0.00      0.00
09:37:26 AM       1     20.79      0.00     79.21      0.00      0.00      0.00
09:37:27 AM       1     18.00      0.00     82.00      0.00      0.00      0.00
09:37:28 AM       1     24.00      0.00     76.00      0.00      0.00      0.00
09:37:29 AM       1     23.00      0.00     77.00      0.00      0.00      0.00
09:37:30 AM       1     23.00      0.00     77.00      0.00      0.00      0.00
09:37:31 AM       1     23.23      0.00     76.77      0.00      0.00      0.00
09:37:32 AM       1     21.78      0.00     78.22      0.00      0.00      0.00
09:37:33 AM       1     24.24      0.00     75.76      0.00      0.00      0.00
09:37:34 AM       1     21.00      0.00     79.00      0.00      0.00      0.00
09:37:35 AM       1     21.00      0.00     79.00      0.00      0.00      0.00
09:37:36 AM       1     27.00      0.00     73.00      0.00      0.00      0.00
09:37:37 AM       1     23.00      0.00     77.00      0.00      0.00      0.00
09:37:38 AM       1     25.00      0.00     75.00      0.00      0.00      0.00
09:37:39 AM       1     26.73      0.00     73.27      0.00      0.00      0.00
09:37:40 AM       1     18.18      0.00     81.82      0.00      0.00      0.00
09:37:41 AM       1     22.00      0.00     78.00      0.00      0.00      0.00
09:37:42 AM       1     21.00      0.00     79.00      0.00      0.00      0.00
09:37:43 AM       1     22.00      0.00     78.00      0.00      0.00      0.00
09:37:44 AM       1     20.00      0.00     80.00      0.00      0.00      0.00
Average:          1     22.11      0.00     77.89      0.00      0.00      0.00
