Linux 3.14.33-regular (node220-2) 	01/06/2017 	_x86_64_	(8 CPU)

10:35:42 AM     CPU     %user     %nice   %system   %iowait    %steal     %idle
10:35:43 AM       1     22.00      0.00     78.00      0.00      0.00      0.00
10:35:44 AM       1     22.00      0.00     78.00      0.00      0.00      0.00
10:35:45 AM       1     25.00      0.00     75.00      0.00      0.00      0.00
10:35:46 AM       1     25.00      0.00     75.00      0.00      0.00      0.00
10:35:47 AM       1     21.00      0.00     79.00      0.00      0.00      0.00
10:35:48 AM       1     20.00      0.00     80.00      0.00      0.00      0.00
10:35:49 AM       1     23.00      0.00     77.00      0.00      0.00      0.00
10:35:50 AM       1     22.00      0.00     78.00      0.00      0.00      0.00
10:35:51 AM       1     20.00      0.00     80.00      0.00      0.00      0.00
10:35:52 AM       1     24.00      0.00     76.00      0.00      0.00      0.00
10:35:53 AM       1     21.00      0.00     79.00      0.00      0.00      0.00
10:35:54 AM       1     21.00      0.00     79.00      0.00      0.00      0.00
10:35:55 AM       1     23.00      0.00     77.00      0.00      0.00      0.00
10:35:56 AM       1     24.00      0.00     76.00      0.00      0.00      0.00
10:35:57 AM       1     22.00      0.00     78.00      0.00      0.00      0.00
10:35:58 AM       1     21.00      0.00     79.00      0.00      0.00      0.00
10:35:59 AM       1     23.00      0.00     77.00      0.00      0.00      0.00
10:36:00 AM       1     28.00      0.00     72.00      0.00      0.00      0.00
10:36:01 AM       1     26.00      0.00     74.00      0.00      0.00      0.00
10:36:02 AM       1     25.00      0.00     75.00      0.00      0.00      0.00
Average:          1     22.90      0.00     77.10      0.00      0.00      0.00
