Linux 3.14.33-regular (node220-2) 	01/06/2017 	_x86_64_	(8 CPU)

10:25:26 AM     CPU     %user     %nice   %system   %iowait    %steal     %idle
10:25:27 AM       1     19.80      0.00     80.20      0.00      0.00      0.00
10:25:28 AM       1     18.00      0.00     82.00      0.00      0.00      0.00
10:25:29 AM       1     26.00      0.00     74.00      0.00      0.00      0.00
10:25:30 AM       1     24.24      0.00     75.76      0.00      0.00      0.00
10:25:31 AM       1     22.00      0.00     78.00      0.00      0.00      0.00
10:25:32 AM       1     21.00      0.00     79.00      0.00      0.00      0.00
10:25:33 AM       1     21.00      0.00     79.00      0.00      0.00      0.00
10:25:34 AM       1     23.76      0.00     76.24      0.00      0.00      0.00
10:25:35 AM       1     24.24      0.00     75.76      0.00      0.00      0.00
10:25:36 AM       1     18.81      0.00     81.19      0.00      0.00      0.00
10:25:37 AM       1     22.00      0.00     78.00      0.00      0.00      0.00
10:25:38 AM       1     24.24      0.00     75.76      0.00      0.00      0.00
10:25:39 AM       1     25.00      0.00     75.00      0.00      0.00      0.00
10:25:40 AM       1     18.00      0.00     82.00      0.00      0.00      0.00
10:25:41 AM       1     23.76      0.00     76.24      0.00      0.00      0.00
10:25:42 AM       1     20.20      0.00     79.80      0.00      0.00      0.00
10:25:43 AM       1     24.00      0.00     76.00      0.00      0.00      0.00
10:25:44 AM       1     22.77      0.00     77.23      0.00      0.00      0.00
10:25:45 AM       1     19.00      0.00     81.00      0.00      0.00      0.00
10:25:46 AM       1     21.21      0.00     78.79      0.00      0.00      0.00
Average:          1     21.95      0.00     78.05      0.00      0.00      0.00
