Linux 3.14.33-regular (node220-2) 	01/06/2017 	_x86_64_	(8 CPU)

04:34:22 AM     CPU     %user     %nice   %system   %iowait    %steal     %idle
04:34:23 AM       1     22.00      0.00     78.00      0.00      0.00      0.00
04:34:24 AM       1     18.00      0.00     82.00      0.00      0.00      0.00
04:34:25 AM       1     24.00      0.00     76.00      0.00      0.00      0.00
04:34:26 AM       1     22.00      0.00     78.00      0.00      0.00      0.00
04:34:27 AM       1     18.00      0.00     82.00      0.00      0.00      0.00
04:34:28 AM       1     21.00      0.00     79.00      0.00      0.00      0.00
04:34:29 AM       1     22.00      0.00     78.00      0.00      0.00      0.00
04:34:30 AM       1     21.00      0.00     79.00      0.00      0.00      0.00
04:34:31 AM       1     25.25      0.00     74.75      0.00      0.00      0.00
04:34:32 AM       1     19.00      0.00     81.00      0.00      0.00      0.00
04:34:33 AM       1     23.76      0.00     76.24      0.00      0.00      0.00
04:34:34 AM       1     20.00      0.00     80.00      0.00      0.00      0.00
04:34:35 AM       1     24.24      0.00     75.76      0.00      0.00      0.00
04:34:36 AM       1     28.00      0.00     72.00      0.00      0.00      0.00
04:34:37 AM       1     23.76      0.00     76.24      0.00      0.00      0.00
04:34:38 AM       1     20.00      0.00     80.00      0.00      0.00      0.00
04:34:39 AM       1     24.00      0.00     76.00      0.00      0.00      0.00
04:34:40 AM       1     24.00      0.00     76.00      0.00      0.00      0.00
04:34:41 AM       1     22.00      0.00     78.00      0.00      0.00      0.00
04:34:42 AM       1     18.00      0.00     82.00      0.00      0.00      0.00
Average:          1     22.00      0.00     78.00      0.00      0.00      0.00
