Linux 3.14.33-regular (node220-2) 	01/06/2017 	_x86_64_	(8 CPU)

07:29:57 AM     CPU     %user     %nice   %system   %iowait    %steal     %idle
07:29:58 AM       1     21.00      0.00     79.00      0.00      0.00      0.00
07:29:59 AM       1     21.00      0.00     79.00      0.00      0.00      0.00
07:30:00 AM       1     21.78      0.00     78.22      0.00      0.00      0.00
07:30:01 AM       1     19.19      0.00     80.81      0.00      0.00      0.00
07:30:02 AM       1     18.00      0.00     82.00      0.00      0.00      0.00
07:30:03 AM       1     22.00      0.00     78.00      0.00      0.00      0.00
07:30:04 AM       1     25.00      0.00     75.00      0.00      0.00      0.00
07:30:05 AM       1     26.00      0.00     74.00      0.00      0.00      0.00
07:30:06 AM       1     25.74      0.00     74.26      0.00      0.00      0.00
07:30:07 AM       1     22.00      0.00     78.00      0.00      0.00      0.00
07:30:08 AM       1     24.00      0.00     76.00      0.00      0.00      0.00
07:30:09 AM       1     22.00      0.00     78.00      0.00      0.00      0.00
07:30:10 AM       1     21.21      0.00     78.79      0.00      0.00      0.00
07:30:11 AM       1     22.77      0.00     77.23      0.00      0.00      0.00
07:30:12 AM       1     21.21      0.00     78.79      0.00      0.00      0.00
07:30:13 AM       1     23.76      0.00     76.24      0.00      0.00      0.00
07:30:14 AM       1     19.00      0.00     81.00      0.00      0.00      0.00
07:30:15 AM       1     20.20      0.00     79.80      0.00      0.00      0.00
07:30:16 AM       1     21.78      0.00     78.22      0.00      0.00      0.00
07:30:17 AM       1     22.00      0.00     78.00      0.00      0.00      0.00
Average:          1     21.99      0.00     78.01      0.00      0.00      0.00
