Linux 3.14.33-regular (node220-2) 	01/06/2017 	_x86_64_	(8 CPU)

08:33:58 AM     CPU     %user     %nice   %system   %iowait    %steal     %idle
08:33:59 AM       1     18.00      0.00     82.00      0.00      0.00      0.00
08:34:00 AM       1     21.00      0.00     79.00      0.00      0.00      0.00
08:34:01 AM       1     27.00      0.00     73.00      0.00      0.00      0.00
08:34:02 AM       1     24.75      0.00     75.25      0.00      0.00      0.00
08:34:03 AM       1     23.00      0.00     77.00      0.00      0.00      0.00
08:34:04 AM       1     20.00      0.00     80.00      0.00      0.00      0.00
08:34:05 AM       1     19.19      0.00     80.81      0.00      0.00      0.00
08:34:06 AM       1     19.00      0.00     81.00      0.00      0.00      0.00
08:34:07 AM       1     21.00      0.00     79.00      0.00      0.00      0.00
08:34:08 AM       1     23.00      0.00     77.00      0.00      0.00      0.00
08:34:09 AM       1     22.77      0.00     77.23      0.00      0.00      0.00
08:34:10 AM       1     23.23      0.00     76.77      0.00      0.00      0.00
08:34:11 AM       1     22.00      0.00     78.00      0.00      0.00      0.00
08:34:12 AM       1     23.76      0.00     76.24      0.00      0.00      0.00
08:34:13 AM       1     17.00      0.00     83.00      0.00      0.00      0.00
08:34:14 AM       1     22.22      0.00     77.78      0.00      0.00      0.00
08:34:15 AM       1     24.75      0.00     75.25      0.00      0.00      0.00
08:34:16 AM       1     26.00      0.00     74.00      0.00      0.00      0.00
08:34:17 AM       1     22.22      0.00     77.78      0.00      0.00      0.00
08:34:18 AM       1     21.00      0.00     79.00      0.00      0.00      0.00
Average:          1     22.05      0.00     77.95      0.00      0.00      0.00
