Linux 3.14.33-regular (node220-2) 	01/06/2017 	_x86_64_	(8 CPU)

08:53:55 AM     CPU     %user     %nice   %system   %iowait    %steal     %idle
08:53:56 AM       1     20.00      0.00     80.00      0.00      0.00      0.00
08:53:57 AM       1     21.00      0.00     79.00      0.00      0.00      0.00
08:53:58 AM       1     21.00      0.00     79.00      0.00      0.00      0.00
08:53:59 AM       1     27.00      0.00     73.00      0.00      0.00      0.00
08:54:00 AM       1     22.77      0.00     77.23      0.00      0.00      0.00
08:54:01 AM       1     23.23      0.00     76.77      0.00      0.00      0.00
08:54:02 AM       1     19.00      0.00     81.00      0.00      0.00      0.00
08:54:03 AM       1     22.00      0.00     78.00      0.00      0.00      0.00
08:54:04 AM       1     21.78      0.00     78.22      0.00      0.00      0.00
08:54:05 AM       1     24.24      0.00     75.76      0.00      0.00      0.00
08:54:06 AM       1     18.81      0.00     81.19      0.00      0.00      0.00
08:54:07 AM       1     20.20      0.00     79.80      0.00      0.00      0.00
08:54:08 AM       1     23.00      0.00     77.00      0.00      0.00      0.00
08:54:09 AM       1     18.00      0.00     82.00      0.00      0.00      0.00
08:54:10 AM       1     25.00      0.00     75.00      0.00      0.00      0.00
08:54:11 AM       1     20.00      0.00     80.00      0.00      0.00      0.00
08:54:12 AM       1     25.00      0.00     75.00      0.00      0.00      0.00
08:54:13 AM       1     22.00      0.00     78.00      0.00      0.00      0.00
08:54:14 AM       1     22.00      0.00     78.00      0.00      0.00      0.00
08:54:15 AM       1     24.00      0.00     76.00      0.00      0.00      0.00
Average:          1     22.00      0.00     78.00      0.00      0.00      0.00
