Linux 3.14.33-regular (node220-2) 	01/06/2017 	_x86_64_	(8 CPU)

12:06:12 PM     CPU     %user     %nice   %system   %iowait    %steal     %idle
12:06:13 PM       1     23.00      0.00     77.00      0.00      0.00      0.00
12:06:14 PM       1     18.18      0.00     81.82      0.00      0.00      0.00
12:06:15 PM       1     20.00      0.00     80.00      0.00      0.00      0.00
12:06:16 PM       1     22.77      0.00     77.23      0.00      0.00      0.00
12:06:17 PM       1     22.00      0.00     78.00      0.00      0.00      0.00
12:06:18 PM       1     20.00      0.00     80.00      0.00      0.00      0.00
12:06:19 PM       1     24.75      0.00     75.25      0.00      0.00      0.00
12:06:20 PM       1     24.24      0.00     75.76      0.00      0.00      0.00
12:06:21 PM       1     28.00      0.00     72.00      0.00      0.00      0.00
12:06:22 PM       1     22.00      0.00     78.00      0.00      0.00      0.00
12:06:23 PM       1     23.00      0.00     77.00      0.00      0.00      0.00
12:06:24 PM       1     23.00      0.00     77.00      0.00      0.00      0.00
12:06:25 PM       1     25.00      0.00     75.00      0.00      0.00      0.00
12:06:26 PM       1     24.00      0.00     76.00      0.00      0.00      0.00
12:06:27 PM       1     21.00      0.00     79.00      0.00      0.00      0.00
12:06:28 PM       1     19.00      0.00     81.00      0.00      0.00      0.00
12:06:29 PM       1     20.00      0.00     80.00      0.00      0.00      0.00
12:06:30 PM       1     21.00      0.00     79.00      0.00      0.00      0.00
12:06:31 PM       1     22.00      0.00     78.00      0.00      0.00      0.00
12:06:32 PM       1     19.00      0.00     81.00      0.00      0.00      0.00
Average:          1     22.10      0.00     77.90      0.00      0.00      0.00
