Linux 3.14.33-regular (node220-2) 	01/06/2017 	_x86_64_	(8 CPU)

09:17:35 AM     CPU     %user     %nice   %system   %iowait    %steal     %idle
09:17:36 AM       1     21.00      0.00     79.00      0.00      0.00      0.00
09:17:37 AM       1     21.00      0.00     79.00      0.00      0.00      0.00
09:17:38 AM       1     18.00      0.00     82.00      0.00      0.00      0.00
09:17:39 AM       1     24.00      0.00     76.00      0.00      0.00      0.00
09:17:40 AM       1     21.00      0.00     79.00      0.00      0.00      0.00
09:17:41 AM       1     24.00      0.00     76.00      0.00      0.00      0.00
09:17:42 AM       1     20.00      0.00     80.00      0.00      0.00      0.00
09:17:43 AM       1     24.00      0.00     76.00      0.00      0.00      0.00
09:17:44 AM       1     21.00      0.00     79.00      0.00      0.00      0.00
09:17:45 AM       1     21.00      0.00     79.00      0.00      0.00      0.00
09:17:46 AM       1     19.00      0.00     81.00      0.00      0.00      0.00
09:17:47 AM       1     19.19      0.00     80.81      0.00      0.00      0.00
09:17:48 AM       1     21.00      0.00     79.00      0.00      0.00      0.00
09:17:49 AM       1     20.00      0.00     80.00      0.00      0.00      0.00
09:17:50 AM       1     25.74      0.00     74.26      0.00      0.00      0.00
09:17:51 AM       1     21.21      0.00     78.79      0.00      0.00      0.00
09:17:52 AM       1     20.79      0.00     79.21      0.00      0.00      0.00
09:17:53 AM       1     22.00      0.00     78.00      0.00      0.00      0.00
09:17:54 AM       1     17.17      0.00     82.83      0.00      0.00      0.00
09:17:55 AM       1     23.00      0.00     77.00      0.00      0.00      0.00
Average:          1     21.21      0.00     78.79      0.00      0.00      0.00
