Linux 3.14.33-regular (node220-2) 	01/06/2017 	_x86_64_	(8 CPU)

02:39:45 AM     CPU     %user     %nice   %system   %iowait    %steal     %idle
02:39:46 AM       1     19.00      0.00     81.00      0.00      0.00      0.00
02:39:47 AM       1     19.00      0.00     81.00      0.00      0.00      0.00
02:39:48 AM       1     21.21      0.00     78.79      0.00      0.00      0.00
02:39:49 AM       1     20.00      0.00     80.00      0.00      0.00      0.00
02:39:50 AM       1     24.00      0.00     76.00      0.00      0.00      0.00
02:39:51 AM       1     23.00      0.00     77.00      0.00      0.00      0.00
02:39:52 AM       1     19.80      0.00     80.20      0.00      0.00      0.00
02:39:53 AM       1     21.21      0.00     78.79      0.00      0.00      0.00
02:39:54 AM       1     20.79      0.00     79.21      0.00      0.00      0.00
02:39:55 AM       1     23.23      0.00     76.77      0.00      0.00      0.00
02:39:56 AM       1     24.75      0.00     75.25      0.00      0.00      0.00
02:39:57 AM       1     21.00      0.00     79.00      0.00      0.00      0.00
02:39:58 AM       1     20.00      0.00     80.00      0.00      0.00      0.00
02:39:59 AM       1     17.17      0.00     82.83      0.00      0.00      0.00
02:40:00 AM       1     22.00      0.00     78.00      0.00      0.00      0.00
02:40:01 AM       1     20.00      0.00     80.00      0.00      0.00      0.00
02:40:02 AM       1     17.00      0.00     83.00      0.00      0.00      0.00
02:40:03 AM       1     23.00      0.00     77.00      0.00      0.00      0.00
02:40:04 AM       1     23.00      0.00     77.00      0.00      0.00      0.00
02:40:05 AM       1     21.00      0.00     79.00      0.00      0.00      0.00
Average:          1     21.01      0.00     78.99      0.00      0.00      0.00
