Linux 3.14.33-regular (node220-2) 	01/06/2017 	_x86_64_	(8 CPU)

11:38:38 AM     CPU     %user     %nice   %system   %iowait    %steal     %idle
11:38:39 AM       1     16.00      0.00     84.00      0.00      0.00      0.00
11:38:40 AM       1     18.00      0.00     82.00      0.00      0.00      0.00
11:38:41 AM       1     20.00      0.00     80.00      0.00      0.00      0.00
11:38:42 AM       1     18.00      0.00     82.00      0.00      0.00      0.00
11:38:43 AM       1     21.00      0.00     79.00      0.00      0.00      0.00
11:38:44 AM       1     19.00      0.00     81.00      0.00      0.00      0.00
11:38:45 AM       1     25.74      0.00     74.26      0.00      0.00      0.00
11:38:46 AM       1     18.18      0.00     81.82      0.00      0.00      0.00
11:38:47 AM       1     22.00      0.00     78.00      0.00      0.00      0.00
11:38:48 AM       1     16.83      0.00     83.17      0.00      0.00      0.00
11:38:49 AM       1     19.00      0.00     81.00      0.00      0.00      0.00
11:38:50 AM       1     22.22      0.00     77.78      0.00      0.00      0.00
11:38:51 AM       1     19.80      0.00     80.20      0.00      0.00      0.00
11:38:52 AM       1     18.18      0.00     81.82      0.00      0.00      0.00
11:38:53 AM       1     23.00      0.00     77.00      0.00      0.00      0.00
11:38:54 AM       1     17.00      0.00     83.00      0.00      0.00      0.00
11:38:55 AM       1     20.79      0.00     79.21      0.00      0.00      0.00
11:38:56 AM       1     22.00      0.00     78.00      0.00      0.00      0.00
11:38:57 AM       1     24.24      0.00     75.76      0.00      0.00      0.00
11:38:58 AM       1     22.00      0.00     78.00      0.00      0.00      0.00
Average:          1     20.15      0.00     79.85      0.00      0.00      0.00
