Linux 3.14.33-regular (node220-2) 	01/06/2017 	_x86_64_	(8 CPU)

04:22:11 AM     CPU     %user     %nice   %system   %iowait    %steal     %idle
04:22:12 AM       1     23.23      0.00     76.77      0.00      0.00      0.00
04:22:13 AM       1     19.80      0.00     80.20      0.00      0.00      0.00
04:22:14 AM       1     22.22      0.00     77.78      0.00      0.00      0.00
04:22:15 AM       1     22.00      0.00     78.00      0.00      0.00      0.00
04:22:16 AM       1     23.76      0.00     76.24      0.00      0.00      0.00
04:22:17 AM       1     20.20      0.00     79.80      0.00      0.00      0.00
04:22:18 AM       1     25.49      0.00     74.51      0.00      0.00      0.00
04:22:19 AM       1     24.00      0.00     76.00      0.00      0.00      0.00
04:22:20 AM       1     24.24      0.00     75.76      0.00      0.00      0.00
04:22:21 AM       1     22.77      0.00     77.23      0.00      0.00      0.00
04:22:22 AM       1     25.00      0.00     75.00      0.00      0.00      0.00
04:22:23 AM       1     20.20      0.00     79.80      0.00      0.00      0.00
04:22:24 AM       1     20.00      0.00     80.00      0.00      0.00      0.00
04:22:25 AM       1     21.00      0.00     79.00      0.00      0.00      0.00
04:22:26 AM       1     25.00      0.00     75.00      0.00      0.00      0.00
04:22:27 AM       1     25.00      0.00     75.00      0.00      0.00      0.00
04:22:28 AM       1     21.00      0.00     79.00      0.00      0.00      0.00
04:22:29 AM       1     26.00      0.00     74.00      0.00      0.00      0.00
04:22:30 AM       1     22.00      0.00     78.00      0.00      0.00      0.00
04:22:31 AM       1     22.00      0.00     78.00      0.00      0.00      0.00
Average:          1     22.75      0.00     77.25      0.00      0.00      0.00
