Linux 3.14.33-regular (node220-2) 	01/06/2017 	_x86_64_	(8 CPU)

06:38:02 AM     CPU     %user     %nice   %system   %iowait    %steal     %idle
06:38:03 AM       1     18.18      0.00     81.82      0.00      0.00      0.00
06:38:04 AM       1     25.00      0.00     75.00      0.00      0.00      0.00
06:38:05 AM       1     28.00      0.00     72.00      0.00      0.00      0.00
06:38:06 AM       1     24.00      0.00     76.00      0.00      0.00      0.00
06:38:07 AM       1     23.00      0.00     77.00      0.00      0.00      0.00
06:38:08 AM       1     22.00      0.00     78.00      0.00      0.00      0.00
06:38:09 AM       1     21.78      0.00     78.22      0.00      0.00      0.00
06:38:10 AM       1     23.00      0.00     77.00      0.00      0.00      0.00
06:38:11 AM       1     23.23      0.00     76.77      0.00      0.00      0.00
06:38:12 AM       1     20.79      0.00     79.21      0.00      0.00      0.00
06:38:13 AM       1     22.00      0.00     78.00      0.00      0.00      0.00
06:38:14 AM       1     21.00      0.00     79.00      0.00      0.00      0.00
06:38:15 AM       1     20.20      0.00     79.80      0.00      0.00      0.00
06:38:16 AM       1     20.79      0.00     79.21      0.00      0.00      0.00
06:38:17 AM       1     26.00      0.00     74.00      0.00      0.00      0.00
06:38:18 AM       1     20.00      0.00     80.00      0.00      0.00      0.00
06:38:19 AM       1     24.00      0.00     76.00      0.00      0.00      0.00
06:38:20 AM       1     22.00      0.00     78.00      0.00      0.00      0.00
06:38:21 AM       1     19.19      0.00     80.81      0.00      0.00      0.00
06:38:22 AM       1     24.75      0.00     75.25      0.00      0.00      0.00
Average:          1     22.45      0.00     77.55      0.00      0.00      0.00
