Linux 3.14.33-regular (node220-2) 	01/06/2017 	_x86_64_	(8 CPU)

02:18:36 AM     CPU     %user     %nice   %system   %iowait    %steal     %idle
02:18:37 AM       1     20.00      0.00     80.00      0.00      0.00      0.00
02:18:38 AM       1     19.00      0.00     81.00      0.00      0.00      0.00
02:18:39 AM       1     21.00      0.00     79.00      0.00      0.00      0.00
02:18:40 AM       1     26.00      0.00     74.00      0.00      0.00      0.00
02:18:41 AM       1     20.00      0.00     80.00      0.00      0.00      0.00
02:18:42 AM       1     23.00      0.00     77.00      0.00      0.00      0.00
02:18:43 AM       1     26.00      0.00     74.00      0.00      0.00      0.00
02:18:44 AM       1     25.00      0.00     75.00      0.00      0.00      0.00
02:18:45 AM       1     23.00      0.00     77.00      0.00      0.00      0.00
02:18:46 AM       1     22.00      0.00     78.00      0.00      0.00      0.00
02:18:47 AM       1     19.00      0.00     81.00      0.00      0.00      0.00
02:18:48 AM       1     21.00      0.00     79.00      0.00      0.00      0.00
02:18:49 AM       1     23.00      0.00     77.00      0.00      0.00      0.00
02:18:50 AM       1     25.00      0.00     75.00      0.00      0.00      0.00
02:18:51 AM       1     20.00      0.00     80.00      0.00      0.00      0.00
02:18:52 AM       1     26.00      0.00     74.00      0.00      0.00      0.00
02:18:53 AM       1     21.00      0.00     79.00      0.00      0.00      0.00
02:18:54 AM       1     26.00      0.00     74.00      0.00      0.00      0.00
02:18:55 AM       1     23.23      0.00     76.77      0.00      0.00      0.00
02:18:56 AM       1     22.00      0.00     78.00      0.00      0.00      0.00
Average:          1     22.56      0.00     77.44      0.00      0.00      0.00
