Linux 3.14.33-regular (node220-2) 	01/06/2017 	_x86_64_	(8 CPU)

09:55:58 AM     CPU     %user     %nice   %system   %iowait    %steal     %idle
09:55:59 AM       1     19.00      0.00     81.00      0.00      0.00      0.00
09:56:00 AM       1     26.73      0.00     73.27      0.00      0.00      0.00
09:56:01 AM       1     18.00      0.00     82.00      0.00      0.00      0.00
09:56:02 AM       1     20.00      0.00     80.00      0.00      0.00      0.00
09:56:03 AM       1     21.00      0.00     79.00      0.00      0.00      0.00
09:56:04 AM       1     22.22      0.00     77.78      0.00      0.00      0.00
09:56:05 AM       1     20.79      0.00     79.21      0.00      0.00      0.00
09:56:06 AM       1     20.20      0.00     79.80      0.00      0.00      0.00
09:56:07 AM       1     25.00      0.00     75.00      0.00      0.00      0.00
09:56:08 AM       1     25.74      0.00     74.26      0.00      0.00      0.00
09:56:09 AM       1     24.24      0.00     75.76      0.00      0.00      0.00
09:56:10 AM       1     23.76      0.00     76.24      0.00      0.00      0.00
09:56:11 AM       1     18.00      0.00     82.00      0.00      0.00      0.00
09:56:12 AM       1     26.26      0.00     73.74      0.00      0.00      0.00
09:56:13 AM       1     19.00      0.00     81.00      0.00      0.00      0.00
09:56:14 AM       1     20.00      0.00     80.00      0.00      0.00      0.00
09:56:15 AM       1     19.00      0.00     81.00      0.00      0.00      0.00
09:56:16 AM       1     19.80      0.00     80.20      0.00      0.00      0.00
09:56:17 AM       1     22.00      0.00     78.00      0.00      0.00      0.00
09:56:18 AM       1     20.20      0.00     79.80      0.00      0.00      0.00
Average:          1     21.55      0.00     78.45      0.00      0.00      0.00
