Linux 3.14.33-regular (node220-2) 	01/06/2017 	_x86_64_	(8 CPU)

02:28:13 AM     CPU     %user     %nice   %system   %iowait    %steal     %idle
02:28:14 AM       1     18.81      0.00     81.19      0.00      0.00      0.00
02:28:15 AM       1     26.00      0.00     74.00      0.00      0.00      0.00
02:28:16 AM       1     25.74      0.00     74.26      0.00      0.00      0.00
02:28:17 AM       1     22.22      0.00     77.78      0.00      0.00      0.00
02:28:18 AM       1     21.00      0.00     79.00      0.00      0.00      0.00
02:28:19 AM       1     24.00      0.00     76.00      0.00      0.00      0.00
02:28:20 AM       1     22.00      0.00     78.00      0.00      0.00      0.00
02:28:21 AM       1     21.00      0.00     79.00      0.00      0.00      0.00
02:28:22 AM       1     23.00      0.00     77.00      0.00      0.00      0.00
02:28:23 AM       1     18.00      0.00     82.00      0.00      0.00      0.00
02:28:24 AM       1     25.00      0.00     75.00      0.00      0.00      0.00
02:28:25 AM       1     20.20      0.00     79.80      0.00      0.00      0.00
02:28:26 AM       1     22.77      0.00     77.23      0.00      0.00      0.00
02:28:27 AM       1     19.00      0.00     81.00      0.00      0.00      0.00
02:28:28 AM       1     20.00      0.00     80.00      0.00      0.00      0.00
02:28:29 AM       1     21.00      0.00     79.00      0.00      0.00      0.00
02:28:30 AM       1     23.76      0.00     76.24      0.00      0.00      0.00
02:28:31 AM       1     21.21      0.00     78.79      0.00      0.00      0.00
02:28:32 AM       1     22.00      0.00     78.00      0.00      0.00      0.00
02:28:33 AM       1     21.78      0.00     78.22      0.00      0.00      0.00
Average:          1     21.93      0.00     78.07      0.00      0.00      0.00
