Linux 3.14.33-regular (node220-2) 	01/06/2017 	_x86_64_	(8 CPU)

10:49:13 AM     CPU     %user     %nice   %system   %iowait    %steal     %idle
10:49:14 AM       1     24.00      0.00     76.00      0.00      0.00      0.00
10:49:15 AM       1     24.00      0.00     76.00      0.00      0.00      0.00
10:49:16 AM       1     21.00      0.00     79.00      0.00      0.00      0.00
10:49:17 AM       1     26.00      0.00     74.00      0.00      0.00      0.00
10:49:18 AM       1     26.73      0.00     73.27      0.00      0.00      0.00
10:49:19 AM       1     21.21      0.00     78.79      0.00      0.00      0.00
10:49:20 AM       1     23.00      0.00     77.00      0.00      0.00      0.00
10:49:21 AM       1     16.83      0.00     83.17      0.00      0.00      0.00
10:49:22 AM       1     18.00      0.00     82.00      0.00      0.00      0.00
10:49:23 AM       1     25.00      0.00     75.00      0.00      0.00      0.00
10:49:24 AM       1     21.00      0.00     79.00      0.00      0.00      0.00
10:49:25 AM       1     22.00      0.00     78.00      0.00      0.00      0.00
10:49:26 AM       1     26.00      0.00     74.00      0.00      0.00      0.00
10:49:27 AM       1     26.00      0.00     74.00      0.00      0.00      0.00
10:49:28 AM       1     22.00      0.00     78.00      0.00      0.00      0.00
10:49:29 AM       1     25.00      0.00     75.00      0.00      0.00      0.00
10:49:30 AM       1     25.00      0.00     75.00      0.00      0.00      0.00
10:49:31 AM       1     18.00      0.00     82.00      0.00      0.00      0.00
10:49:32 AM       1     26.00      0.00     74.00      0.00      0.00      0.00
10:49:33 AM       1     23.00      0.00     77.00      0.00      0.00      0.00
Average:          1     22.99      0.00     77.01      0.00      0.00      0.00
