Linux 3.14.33-regular (node220-2) 	01/06/2017 	_x86_64_	(8 CPU)

02:19:16 AM     CPU     %user     %nice   %system   %iowait    %steal     %idle
02:19:17 AM       1     28.28      0.00     71.72      0.00      0.00      0.00
02:19:18 AM       1     23.00      0.00     77.00      0.00      0.00      0.00
02:19:19 AM       1     22.77      0.00     77.23      0.00      0.00      0.00
02:19:20 AM       1     20.00      0.00     80.00      0.00      0.00      0.00
02:19:21 AM       1     23.00      0.00     77.00      0.00      0.00      0.00
02:19:22 AM       1     22.00      0.00     78.00      0.00      0.00      0.00
02:19:23 AM       1     22.22      0.00     77.78      0.00      0.00      0.00
02:19:24 AM       1     18.00      0.00     82.00      0.00      0.00      0.00
02:19:25 AM       1     23.00      0.00     77.00      0.00      0.00      0.00
02:19:26 AM       1     24.75      0.00     75.25      0.00      0.00      0.00
02:19:27 AM       1     22.22      0.00     77.78      0.00      0.00      0.00
02:19:28 AM       1     26.00      0.00     74.00      0.00      0.00      0.00
02:19:29 AM       1     25.00      0.00     75.00      0.00      0.00      0.00
02:19:30 AM       1     23.00      0.00     77.00      0.00      0.00      0.00
02:19:31 AM       1     23.00      0.00     77.00      0.00      0.00      0.00
02:19:32 AM       1     24.75      0.00     75.25      0.00      0.00      0.00
02:19:33 AM       1     22.22      0.00     77.78      0.00      0.00      0.00
02:19:34 AM       1     23.76      0.00     76.24      0.00      0.00      0.00
02:19:35 AM       1     24.00      0.00     76.00      0.00      0.00      0.00
02:19:36 AM       1     21.00      0.00     79.00      0.00      0.00      0.00
Average:          1     23.10      0.00     76.90      0.00      0.00      0.00
