Linux 3.14.33-regular (node220-2) 	01/06/2017 	_x86_64_	(8 CPU)

06:17:28 AM     CPU     %user     %nice   %system   %iowait    %steal     %idle
06:17:29 AM       1     24.00      0.00     76.00      0.00      0.00      0.00
06:17:30 AM       1     24.00      0.00     76.00      0.00      0.00      0.00
06:17:31 AM       1     20.00      0.00     80.00      0.00      0.00      0.00
06:17:32 AM       1     24.24      0.00     75.76      0.00      0.00      0.00
06:17:33 AM       1     24.00      0.00     76.00      0.00      0.00      0.00
06:17:34 AM       1     21.00      0.00     79.00      0.00      0.00      0.00
06:17:35 AM       1     22.00      0.00     78.00      0.00      0.00      0.00
06:17:36 AM       1     25.00      0.00     75.00      0.00      0.00      0.00
06:17:37 AM       1     21.00      0.00     79.00      0.00      0.00      0.00
06:17:38 AM       1     24.75      0.00     75.25      0.00      0.00      0.00
06:17:39 AM       1     20.00      0.00     80.00      0.00      0.00      0.00
06:17:40 AM       1     19.00      0.00     81.00      0.00      0.00      0.00
06:17:41 AM       1     21.00      0.00     79.00      0.00      0.00      0.00
06:17:42 AM       1     20.20      0.00     79.80      0.00      0.00      0.00
06:17:43 AM       1     21.00      0.00     79.00      0.00      0.00      0.00
06:17:44 AM       1     23.00      0.00     77.00      0.00      0.00      0.00
06:17:45 AM       1     22.77      0.00     77.23      0.00      0.00      0.00
06:17:46 AM       1     21.21      0.00     78.79      0.00      0.00      0.00
06:17:47 AM       1     18.81      0.00     81.19      0.00      0.00      0.00
06:17:48 AM       1     21.00      0.00     79.00      0.00      0.00      0.00
Average:          1     21.90      0.00     78.10      0.00      0.00      0.00
