Linux 3.14.33-regular (node220-2) 	01/06/2017 	_x86_64_	(8 CPU)

11:09:48 AM     CPU     %user     %nice   %system   %iowait    %steal     %idle
11:09:49 AM       1     18.00      0.00     82.00      0.00      0.00      0.00
11:09:50 AM       1     22.00      0.00     78.00      0.00      0.00      0.00
11:09:51 AM       1     22.00      0.00     78.00      0.00      0.00      0.00
11:09:52 AM       1     22.00      0.00     78.00      0.00      0.00      0.00
11:09:53 AM       1     16.83      0.00     83.17      0.00      0.00      0.00
11:09:54 AM       1     18.18      0.00     81.82      0.00      0.00      0.00
11:09:55 AM       1     19.00      0.00     81.00      0.00      0.00      0.00
11:09:56 AM       1     21.00      0.00     79.00      0.00      0.00      0.00
11:09:57 AM       1     24.00      0.00     76.00      0.00      0.00      0.00
11:09:58 AM       1     24.00      0.00     76.00      0.00      0.00      0.00
11:09:59 AM       1     18.00      0.00     82.00      0.00      0.00      0.00
11:10:00 AM       1     27.00      0.00     73.00      0.00      0.00      0.00
11:10:01 AM       1     22.00      0.00     78.00      0.00      0.00      0.00
11:10:02 AM       1     24.00      0.00     76.00      0.00      0.00      0.00
11:10:03 AM       1     18.00      0.00     82.00      0.00      0.00      0.00
11:10:04 AM       1     25.00      0.00     75.00      0.00      0.00      0.00
11:10:05 AM       1     25.00      0.00     75.00      0.00      0.00      0.00
11:10:06 AM       1     22.00      0.00     78.00      0.00      0.00      0.00
11:10:07 AM       1     26.00      0.00     74.00      0.00      0.00      0.00
11:10:08 AM       1     22.00      0.00     78.00      0.00      0.00      0.00
Average:          1     21.80      0.00     78.20      0.00      0.00      0.00
