Linux 3.14.33-regular (node220-2) 	01/06/2017 	_x86_64_	(8 CPU)

03:11:47 AM     CPU     %user     %nice   %system   %iowait    %steal     %idle
03:11:48 AM       1     22.00      0.00     78.00      0.00      0.00      0.00
03:11:49 AM       1     25.00      0.00     75.00      0.00      0.00      0.00
03:11:50 AM       1     26.00      0.00     74.00      0.00      0.00      0.00
03:11:51 AM       1     21.00      0.00     79.00      0.00      0.00      0.00
03:11:52 AM       1     25.00      0.00     75.00      0.00      0.00      0.00
03:11:53 AM       1     20.20      0.00     79.80      0.00      0.00      0.00
03:11:54 AM       1     20.00      0.00     80.00      0.00      0.00      0.00
03:11:55 AM       1     24.00      0.00     76.00      0.00      0.00      0.00
03:11:56 AM       1     25.74      0.00     74.26      0.00      0.00      0.00
03:11:57 AM       1     24.00      0.00     76.00      0.00      0.00      0.00
03:11:58 AM       1     17.17      0.00     82.83      0.00      0.00      0.00
03:11:59 AM       1     25.00      0.00     75.00      0.00      0.00      0.00
03:12:00 AM       1     20.79      0.00     79.21      0.00      0.00      0.00
03:12:01 AM       1     23.00      0.00     77.00      0.00      0.00      0.00
03:12:02 AM       1     21.00      0.00     79.00      0.00      0.00      0.00
03:12:03 AM       1     22.00      0.00     78.00      0.00      0.00      0.00
03:12:04 AM       1     24.00      0.00     76.00      0.00      0.00      0.00
03:12:05 AM       1     20.00      0.00     80.00      0.00      0.00      0.00
03:12:06 AM       1     23.00      0.00     77.00      0.00      0.00      0.00
03:12:07 AM       1     25.00      0.00     75.00      0.00      0.00      0.00
Average:          1     22.70      0.00     77.30      0.00      0.00      0.00
