Linux 3.14.33-regular (node220-2) 	01/06/2017 	_x86_64_	(8 CPU)

03:17:33 AM     CPU     %user     %nice   %system   %iowait    %steal     %idle
03:17:34 AM       1     21.00      0.00     79.00      0.00      0.00      0.00
03:17:35 AM       1     26.00      0.00     74.00      0.00      0.00      0.00
03:17:36 AM       1     22.00      0.00     78.00      0.00      0.00      0.00
03:17:37 AM       1     22.00      0.00     78.00      0.00      0.00      0.00
03:17:38 AM       1     23.00      0.00     77.00      0.00      0.00      0.00
03:17:39 AM       1     22.00      0.00     78.00      0.00      0.00      0.00
03:17:40 AM       1     21.00      0.00     79.00      0.00      0.00      0.00
03:17:41 AM       1     27.00      0.00     73.00      0.00      0.00      0.00
03:17:42 AM       1     18.00      0.00     82.00      0.00      0.00      0.00
03:17:43 AM       1     22.00      0.00     78.00      0.00      0.00      0.00
03:17:44 AM       1     22.00      0.00     78.00      0.00      0.00      0.00
03:17:45 AM       1     20.00      0.00     80.00      0.00      0.00      0.00
03:17:46 AM       1     16.00      0.00     84.00      0.00      0.00      0.00
03:17:47 AM       1     22.00      0.00     78.00      0.00      0.00      0.00
03:17:48 AM       1     26.00      0.00     74.00      0.00      0.00      0.00
03:17:49 AM       1     24.00      0.00     76.00      0.00      0.00      0.00
03:17:50 AM       1     20.00      0.00     80.00      0.00      0.00      0.00
03:17:51 AM       1     22.00      0.00     78.00      0.00      0.00      0.00
03:17:52 AM       1     21.00      0.00     79.00      0.00      0.00      0.00
03:17:53 AM       1     23.00      0.00     77.00      0.00      0.00      0.00
Average:          1     22.00      0.00     78.00      0.00      0.00      0.00
