Linux 3.14.33-regular (node220-2) 	01/06/2017 	_x86_64_	(8 CPU)

07:09:25 AM     CPU     %user     %nice   %system   %iowait    %steal     %idle
07:09:26 AM       1     19.80      0.00     80.20      0.00      0.00      0.00
07:09:27 AM       1     20.00      0.00     80.00      0.00      0.00      0.00
07:09:28 AM       1     22.00      0.00     78.00      0.00      0.00      0.00
07:09:29 AM       1     20.20      0.00     79.80      0.00      0.00      0.00
07:09:30 AM       1     20.00      0.00     80.00      0.00      0.00      0.00
07:09:31 AM       1     21.00      0.00     79.00      0.00      0.00      0.00
07:09:32 AM       1     23.00      0.00     77.00      0.00      0.00      0.00
07:09:33 AM       1     26.00      0.00     74.00      0.00      0.00      0.00
07:09:34 AM       1     25.00      0.00     75.00      0.00      0.00      0.00
07:09:35 AM       1     23.00      0.00     77.00      0.00      0.00      0.00
07:09:36 AM       1     24.00      0.00     76.00      0.00      0.00      0.00
07:09:37 AM       1     25.74      0.00     74.26      0.00      0.00      0.00
07:09:38 AM       1     23.23      0.00     76.77      0.00      0.00      0.00
07:09:39 AM       1     21.00      0.00     79.00      0.00      0.00      0.00
07:09:40 AM       1     22.00      0.00     78.00      0.00      0.00      0.00
07:09:41 AM       1     22.00      0.00     78.00      0.00      0.00      0.00
07:09:42 AM       1     24.75      0.00     75.25      0.00      0.00      0.00
07:09:43 AM       1     23.23      0.00     76.77      0.00      0.00      0.00
07:09:44 AM       1     22.00      0.00     78.00      0.00      0.00      0.00
07:09:45 AM       1     21.78      0.00     78.22      0.00      0.00      0.00
Average:          1     22.49      0.00     77.51      0.00      0.00      0.00
