Linux 3.14.33-regular (node220-2) 	01/06/2017 	_x86_64_	(8 CPU)

11:32:15 AM     CPU     %user     %nice   %system   %iowait    %steal     %idle
11:32:16 AM       1     24.00      0.00     76.00      0.00      0.00      0.00
11:32:17 AM       1     21.00      0.00     79.00      0.00      0.00      0.00
11:32:18 AM       1     23.00      0.00     77.00      0.00      0.00      0.00
11:32:19 AM       1     24.75      0.00     75.25      0.00      0.00      0.00
11:32:20 AM       1     16.16      0.00     83.84      0.00      0.00      0.00
11:32:21 AM       1     23.76      0.00     76.24      0.00      0.00      0.00
11:32:22 AM       1     24.24      0.00     75.76      0.00      0.00      0.00
11:32:23 AM       1     19.00      0.00     81.00      0.00      0.00      0.00
11:32:24 AM       1     23.00      0.00     77.00      0.00      0.00      0.00
11:32:25 AM       1     24.00      0.00     76.00      0.00      0.00      0.00
11:32:26 AM       1     21.00      0.00     79.00      0.00      0.00      0.00
11:32:27 AM       1     16.00      0.00     84.00      0.00      0.00      0.00
11:32:28 AM       1     20.00      0.00     80.00      0.00      0.00      0.00
11:32:29 AM       1     20.00      0.00     80.00      0.00      0.00      0.00
11:32:30 AM       1     19.19      0.00     80.81      0.00      0.00      0.00
11:32:31 AM       1     22.77      0.00     77.23      0.00      0.00      0.00
11:32:32 AM       1     22.00      0.00     78.00      0.00      0.00      0.00
11:32:33 AM       1     23.23      0.00     76.77      0.00      0.00      0.00
11:32:34 AM       1     21.78      0.00     78.22      0.00      0.00      0.00
11:32:35 AM       1     24.00      0.00     76.00      0.00      0.00      0.00
Average:          1     21.65      0.00     78.35      0.00      0.00      0.00
