Linux 3.14.33-regular (node220-2) 	01/06/2017 	_x86_64_	(8 CPU)

04:50:22 AM     CPU     %user     %nice   %system   %iowait    %steal     %idle
04:50:23 AM       1     22.00      0.00     78.00      0.00      0.00      0.00
04:50:24 AM       1     19.00      0.00     81.00      0.00      0.00      0.00
04:50:25 AM       1     22.77      0.00     77.23      0.00      0.00      0.00
04:50:26 AM       1     22.22      0.00     77.78      0.00      0.00      0.00
04:50:27 AM       1     22.00      0.00     78.00      0.00      0.00      0.00
04:50:28 AM       1     26.00      0.00     74.00      0.00      0.00      0.00
04:50:29 AM       1     23.76      0.00     76.24      0.00      0.00      0.00
04:50:30 AM       1     22.22      0.00     77.78      0.00      0.00      0.00
04:50:31 AM       1     18.81      0.00     81.19      0.00      0.00      0.00
04:50:32 AM       1     24.00      0.00     76.00      0.00      0.00      0.00
04:50:33 AM       1     19.00      0.00     81.00      0.00      0.00      0.00
04:50:34 AM       1     18.00      0.00     82.00      0.00      0.00      0.00
04:50:35 AM       1     23.00      0.00     77.00      0.00      0.00      0.00
04:50:36 AM       1     19.19      0.00     80.81      0.00      0.00      0.00
04:50:37 AM       1     22.77      0.00     77.23      0.00      0.00      0.00
04:50:38 AM       1     22.00      0.00     78.00      0.00      0.00      0.00
04:50:39 AM       1     21.00      0.00     79.00      0.00      0.00      0.00
04:50:40 AM       1     18.18      0.00     81.82      0.00      0.00      0.00
04:50:41 AM       1     23.76      0.00     76.24      0.00      0.00      0.00
04:50:42 AM       1     20.20      0.00     79.80      0.00      0.00      0.00
Average:          1     21.50      0.00     78.50      0.00      0.00      0.00
