Linux 3.14.33-regular (node220-2) 	01/06/2017 	_x86_64_	(8 CPU)

10:35:04 AM     CPU     %user     %nice   %system   %iowait    %steal     %idle
10:35:05 AM       1     25.00      0.00     75.00      0.00      0.00      0.00
10:35:06 AM       1     18.81      0.00     81.19      0.00      0.00      0.00
10:35:07 AM       1     21.00      0.00     79.00      0.00      0.00      0.00
10:35:08 AM       1     21.00      0.00     79.00      0.00      0.00      0.00
10:35:09 AM       1     21.00      0.00     79.00      0.00      0.00      0.00
10:35:10 AM       1     27.00      0.00     73.00      0.00      0.00      0.00
10:35:11 AM       1     24.00      0.00     76.00      0.00      0.00      0.00
10:35:12 AM       1     21.00      0.00     79.00      0.00      0.00      0.00
10:35:13 AM       1     19.19      0.00     80.81      0.00      0.00      0.00
10:35:14 AM       1     19.00      0.00     81.00      0.00      0.00      0.00
10:35:15 AM       1     23.76      0.00     76.24      0.00      0.00      0.00
10:35:16 AM       1     18.18      0.00     81.82      0.00      0.00      0.00
10:35:17 AM       1     26.00      0.00     74.00      0.00      0.00      0.00
10:35:18 AM       1     19.00      0.00     81.00      0.00      0.00      0.00
10:35:19 AM       1     24.00      0.00     76.00      0.00      0.00      0.00
10:35:20 AM       1     27.00      0.00     73.00      0.00      0.00      0.00
10:35:21 AM       1     24.00      0.00     76.00      0.00      0.00      0.00
10:35:22 AM       1     20.00      0.00     80.00      0.00      0.00      0.00
10:35:23 AM       1     21.78      0.00     78.22      0.00      0.00      0.00
10:35:24 AM       1     21.21      0.00     78.79      0.00      0.00      0.00
Average:          1     22.10      0.00     77.90      0.00      0.00      0.00
