Linux 3.14.33-regular (node220-2) 	01/06/2017 	_x86_64_	(8 CPU)

06:41:14 AM     CPU     %user     %nice   %system   %iowait    %steal     %idle
06:41:15 AM       1     26.26      0.00     73.74      0.00      0.00      0.00
06:41:16 AM       1     25.74      0.00     74.26      0.00      0.00      0.00
06:41:17 AM       1     20.00      0.00     80.00      0.00      0.00      0.00
06:41:18 AM       1     21.00      0.00     79.00      0.00      0.00      0.00
06:41:19 AM       1     25.00      0.00     75.00      0.00      0.00      0.00
06:41:20 AM       1     23.00      0.00     77.00      0.00      0.00      0.00
06:41:21 AM       1     23.23      0.00     76.77      0.00      0.00      0.00
06:41:22 AM       1     23.00      0.00     77.00      0.00      0.00      0.00
06:41:23 AM       1     23.00      0.00     77.00      0.00      0.00      0.00
06:41:24 AM       1     24.75      0.00     75.25      0.00      0.00      0.00
06:41:25 AM       1     18.00      0.00     82.00      0.00      0.00      0.00
06:41:26 AM       1     24.00      0.00     76.00      0.00      0.00      0.00
06:41:27 AM       1     22.00      0.00     78.00      0.00      0.00      0.00
06:41:28 AM       1     19.00      0.00     81.00      0.00      0.00      0.00
06:41:29 AM       1     20.00      0.00     80.00      0.00      0.00      0.00
06:41:30 AM       1     23.00      0.00     77.00      0.00      0.00      0.00
06:41:31 AM       1     21.00      0.00     79.00      0.00      0.00      0.00
06:41:32 AM       1     23.76      0.00     76.24      0.00      0.00      0.00
06:41:33 AM       1     24.00      0.00     76.00      0.00      0.00      0.00
06:41:34 AM       1     20.20      0.00     79.80      0.00      0.00      0.00
Average:          1     22.50      0.00     77.50      0.00      0.00      0.00
