Linux 3.14.33-regular (node220-2) 	01/06/2017 	_x86_64_	(8 CPU)

08:03:54 AM     CPU     %user     %nice   %system   %iowait    %steal     %idle
08:03:55 AM       1     20.20      0.00     79.80      0.00      0.00      0.00
08:03:56 AM       1     24.00      0.00     76.00      0.00      0.00      0.00
08:03:57 AM       1     20.00      0.00     80.00      0.00      0.00      0.00
08:03:58 AM       1     22.00      0.00     78.00      0.00      0.00      0.00
08:03:59 AM       1     20.00      0.00     80.00      0.00      0.00      0.00
08:04:00 AM       1     20.00      0.00     80.00      0.00      0.00      0.00
08:04:01 AM       1     24.00      0.00     76.00      0.00      0.00      0.00
08:04:02 AM       1     23.23      0.00     76.77      0.00      0.00      0.00
08:04:03 AM       1     24.75      0.00     75.25      0.00      0.00      0.00
08:04:04 AM       1     18.18      0.00     81.82      0.00      0.00      0.00
08:04:05 AM       1     23.76      0.00     76.24      0.00      0.00      0.00
08:04:06 AM       1     22.00      0.00     78.00      0.00      0.00      0.00
08:04:07 AM       1     22.22      0.00     77.78      0.00      0.00      0.00
08:04:08 AM       1     21.78      0.00     78.22      0.00      0.00      0.00
08:04:09 AM       1     22.00      0.00     78.00      0.00      0.00      0.00
08:04:10 AM       1     26.00      0.00     74.00      0.00      0.00      0.00
08:04:11 AM       1     21.00      0.00     79.00      0.00      0.00      0.00
08:04:12 AM       1     24.00      0.00     76.00      0.00      0.00      0.00
08:04:13 AM       1     21.21      0.00     78.79      0.00      0.00      0.00
08:04:14 AM       1     18.81      0.00     81.19      0.00      0.00      0.00
Average:          1     21.96      0.00     78.04      0.00      0.00      0.00
