Linux 3.14.33-regular (node220-2) 	01/06/2017 	_x86_64_	(8 CPU)

08:00:04 AM     CPU     %user     %nice   %system   %iowait    %steal     %idle
08:00:05 AM       1     24.24      0.00     75.76      0.00      0.00      0.00
08:00:06 AM       1     21.78      0.00     78.22      0.00      0.00      0.00
08:00:07 AM       1     22.00      0.00     78.00      0.00      0.00      0.00
08:00:08 AM       1     21.00      0.00     79.00      0.00      0.00      0.00
08:00:09 AM       1     22.00      0.00     78.00      0.00      0.00      0.00
08:00:10 AM       1     23.00      0.00     77.00      0.00      0.00      0.00
08:00:11 AM       1     22.77      0.00     77.23      0.00      0.00      0.00
08:00:12 AM       1     19.19      0.00     80.81      0.00      0.00      0.00
08:00:13 AM       1     25.00      0.00     75.00      0.00      0.00      0.00
08:00:14 AM       1     22.77      0.00     77.23      0.00      0.00      0.00
08:00:15 AM       1     21.00      0.00     79.00      0.00      0.00      0.00
08:00:16 AM       1     25.25      0.00     74.75      0.00      0.00      0.00
08:00:17 AM       1     20.79      0.00     79.21      0.00      0.00      0.00
08:00:18 AM       1     23.23      0.00     76.77      0.00      0.00      0.00
08:00:19 AM       1     24.75      0.00     75.25      0.00      0.00      0.00
08:00:20 AM       1     24.24      0.00     75.76      0.00      0.00      0.00
08:00:21 AM       1     19.00      0.00     81.00      0.00      0.00      0.00
08:00:22 AM       1     21.00      0.00     79.00      0.00      0.00      0.00
08:00:23 AM       1     25.00      0.00     75.00      0.00      0.00      0.00
08:00:24 AM       1     26.00      0.00     74.00      0.00      0.00      0.00
Average:          1     22.70      0.00     77.30      0.00      0.00      0.00
