Linux 3.14.33-regular (node220-2) 	01/06/2017 	_x86_64_	(8 CPU)

10:15:50 AM     CPU     %user     %nice   %system   %iowait    %steal     %idle
10:15:51 AM       1     23.76      0.00     76.24      0.00      0.00      0.00
10:15:52 AM       1     20.20      0.00     79.80      0.00      0.00      0.00
10:15:53 AM       1     26.00      0.00     74.00      0.00      0.00      0.00
10:15:54 AM       1     24.00      0.00     76.00      0.00      0.00      0.00
10:15:55 AM       1     20.00      0.00     80.00      0.00      0.00      0.00
10:15:56 AM       1     24.75      0.00     75.25      0.00      0.00      0.00
10:15:57 AM       1     19.19      0.00     80.81      0.00      0.00      0.00
10:15:58 AM       1     23.76      0.00     76.24      0.00      0.00      0.00
10:15:59 AM       1     24.24      0.00     75.76      0.00      0.00      0.00
10:16:00 AM       1     18.00      0.00     82.00      0.00      0.00      0.00
10:16:01 AM       1     20.00      0.00     80.00      0.00      0.00      0.00
10:16:02 AM       1     22.77      0.00     77.23      0.00      0.00      0.00
10:16:03 AM       1     20.20      0.00     79.80      0.00      0.00      0.00
10:16:04 AM       1     21.78      0.00     78.22      0.00      0.00      0.00
10:16:05 AM       1     25.00      0.00     75.00      0.00      0.00      0.00
10:16:06 AM       1     22.00      0.00     78.00      0.00      0.00      0.00
10:16:07 AM       1     19.00      0.00     81.00      0.00      0.00      0.00
10:16:08 AM       1     24.00      0.00     76.00      0.00      0.00      0.00
10:16:09 AM       1     23.00      0.00     77.00      0.00      0.00      0.00
10:16:10 AM       1     21.00      0.00     79.00      0.00      0.00      0.00
Average:          1     22.14      0.00     77.86      0.00      0.00      0.00
