Linux 3.14.33-regular (node220-2) 	01/06/2017 	_x86_64_	(8 CPU)

08:06:27 AM     CPU     %user     %nice   %system   %iowait    %steal     %idle
08:06:28 AM       1     16.83      0.00     83.17      0.00      0.00      0.00
08:06:29 AM       1     20.20      0.00     79.80      0.00      0.00      0.00
08:06:30 AM       1     25.00      0.00     75.00      0.00      0.00      0.00
08:06:31 AM       1     24.75      0.00     75.25      0.00      0.00      0.00
08:06:32 AM       1     24.00      0.00     76.00      0.00      0.00      0.00
08:06:33 AM       1     23.00      0.00     77.00      0.00      0.00      0.00
08:06:34 AM       1     19.19      0.00     80.81      0.00      0.00      0.00
08:06:35 AM       1     22.00      0.00     78.00      0.00      0.00      0.00
08:06:36 AM       1     23.00      0.00     77.00      0.00      0.00      0.00
08:06:37 AM       1     25.00      0.00     75.00      0.00      0.00      0.00
08:06:38 AM       1     14.00      0.00     86.00      0.00      0.00      0.00
08:06:39 AM       1     22.00      0.00     78.00      0.00      0.00      0.00
08:06:40 AM       1     22.00      0.00     78.00      0.00      0.00      0.00
08:06:41 AM       1     20.00      0.00     80.00      0.00      0.00      0.00
08:06:42 AM       1     22.00      0.00     78.00      0.00      0.00      0.00
08:06:43 AM       1     23.00      0.00     77.00      0.00      0.00      0.00
08:06:44 AM       1     23.00      0.00     77.00      0.00      0.00      0.00
08:06:45 AM       1     27.00      0.00     73.00      0.00      0.00      0.00
08:06:46 AM       1     17.00      0.00     83.00      0.00      0.00      0.00
08:06:47 AM       1     25.00      0.00     75.00      0.00      0.00      0.00
Average:          1     21.90      0.00     78.10      0.00      0.00      0.00
