Linux 3.14.33-regular (node220-2) 	01/06/2017 	_x86_64_	(8 CPU)

12:25:24 PM     CPU     %user     %nice   %system   %iowait    %steal     %idle
12:25:25 PM       1     23.00      0.00     77.00      0.00      0.00      0.00
12:25:26 PM       1     24.24      0.00     75.76      0.00      0.00      0.00
12:25:27 PM       1     22.77      0.00     77.23      0.00      0.00      0.00
12:25:28 PM       1     22.22      0.00     77.78      0.00      0.00      0.00
12:25:29 PM       1     22.00      0.00     78.00      0.00      0.00      0.00
12:25:30 PM       1     24.00      0.00     76.00      0.00      0.00      0.00
12:25:31 PM       1     21.78      0.00     78.22      0.00      0.00      0.00
12:25:32 PM       1     24.00      0.00     76.00      0.00      0.00      0.00
12:25:33 PM       1     23.00      0.00     77.00      0.00      0.00      0.00
12:25:34 PM       1     26.00      0.00     74.00      0.00      0.00      0.00
12:25:35 PM       1     21.00      0.00     79.00      0.00      0.00      0.00
12:25:36 PM       1     22.22      0.00     77.78      0.00      0.00      0.00
12:25:37 PM       1     23.76      0.00     76.24      0.00      0.00      0.00
12:25:38 PM       1     20.20      0.00     79.80      0.00      0.00      0.00
12:25:39 PM       1     25.00      0.00     75.00      0.00      0.00      0.00
12:25:40 PM       1     22.77      0.00     77.23      0.00      0.00      0.00
12:25:41 PM       1     21.21      0.00     78.79      0.00      0.00      0.00
12:25:42 PM       1     20.79      0.00     79.21      0.00      0.00      0.00
12:25:43 PM       1     20.00      0.00     80.00      0.00      0.00      0.00
12:25:44 PM       1     20.20      0.00     79.80      0.00      0.00      0.00
Average:          1     22.51      0.00     77.49      0.00      0.00      0.00
