Linux 3.14.33-regular (node220-2) 	01/06/2017 	_x86_64_	(8 CPU)

05:51:13 AM     CPU     %user     %nice   %system   %iowait    %steal     %idle
05:51:14 AM       1     17.00      0.00     83.00      0.00      0.00      0.00
05:51:15 AM       1     22.00      0.00     78.00      0.00      0.00      0.00
05:51:16 AM       1     21.00      0.00     79.00      0.00      0.00      0.00
05:51:17 AM       1     23.00      0.00     77.00      0.00      0.00      0.00
05:51:18 AM       1     21.00      0.00     79.00      0.00      0.00      0.00
05:51:19 AM       1     20.79      0.00     79.21      0.00      0.00      0.00
05:51:20 AM       1     21.21      0.00     78.79      0.00      0.00      0.00
05:51:21 AM       1     24.00      0.00     76.00      0.00      0.00      0.00
05:51:22 AM       1     21.00      0.00     79.00      0.00      0.00      0.00
05:51:23 AM       1     20.00      0.00     80.00      0.00      0.00      0.00
05:51:24 AM       1     24.00      0.00     76.00      0.00      0.00      0.00
05:51:25 AM       1     23.00      0.00     77.00      0.00      0.00      0.00
05:51:26 AM       1     22.77      0.00     77.23      0.00      0.00      0.00
05:51:27 AM       1     24.24      0.00     75.76      0.00      0.00      0.00
05:51:28 AM       1     23.00      0.00     77.00      0.00      0.00      0.00
05:51:29 AM       1     25.00      0.00     75.00      0.00      0.00      0.00
05:51:30 AM       1     23.00      0.00     77.00      0.00      0.00      0.00
05:51:31 AM       1     22.00      0.00     78.00      0.00      0.00      0.00
05:51:32 AM       1     19.00      0.00     81.00      0.00      0.00      0.00
05:51:33 AM       1     25.74      0.00     74.26      0.00      0.00      0.00
Average:          1     22.14      0.00     77.86      0.00      0.00      0.00
