Linux 3.14.33-regular (node220-2) 	01/06/2017 	_x86_64_	(8 CPU)

07:39:34 AM     CPU     %user     %nice   %system   %iowait    %steal     %idle
07:39:35 AM       1     20.79      0.00     79.21      0.00      0.00      0.00
07:39:36 AM       1     18.18      0.00     81.82      0.00      0.00      0.00
07:39:37 AM       1     20.79      0.00     79.21      0.00      0.00      0.00
07:39:38 AM       1     22.00      0.00     78.00      0.00      0.00      0.00
07:39:39 AM       1     21.00      0.00     79.00      0.00      0.00      0.00
07:39:40 AM       1     21.00      0.00     79.00      0.00      0.00      0.00
07:39:41 AM       1     25.00      0.00     75.00      0.00      0.00      0.00
07:39:42 AM       1     19.19      0.00     80.81      0.00      0.00      0.00
07:39:43 AM       1     23.76      0.00     76.24      0.00      0.00      0.00
07:39:44 AM       1     22.22      0.00     77.78      0.00      0.00      0.00
07:39:45 AM       1     26.00      0.00     74.00      0.00      0.00      0.00
07:39:46 AM       1     23.00      0.00     77.00      0.00      0.00      0.00
07:39:47 AM       1     24.00      0.00     76.00      0.00      0.00      0.00
07:39:48 AM       1     24.00      0.00     76.00      0.00      0.00      0.00
07:39:49 AM       1     24.00      0.00     76.00      0.00      0.00      0.00
07:39:50 AM       1     22.00      0.00     78.00      0.00      0.00      0.00
07:39:51 AM       1     25.00      0.00     75.00      0.00      0.00      0.00
07:39:52 AM       1     18.00      0.00     82.00      0.00      0.00      0.00
07:39:53 AM       1     19.80      0.00     80.20      0.00      0.00      0.00
07:39:54 AM       1     23.00      0.00     77.00      0.00      0.00      0.00
Average:          1     22.14      0.00     77.86      0.00      0.00      0.00
