Linux 3.14.33-regular (node220-2) 	01/06/2017 	_x86_64_	(8 CPU)

02:16:01 AM     CPU     %user     %nice   %system   %iowait    %steal     %idle
02:16:02 AM       1     25.00      0.00     75.00      0.00      0.00      0.00
02:16:03 AM       1     23.00      0.00     77.00      0.00      0.00      0.00
02:16:04 AM       1     23.23      0.00     76.77      0.00      0.00      0.00
02:16:05 AM       1     19.00      0.00     81.00      0.00      0.00      0.00
02:16:06 AM       1     27.72      0.00     72.28      0.00      0.00      0.00
02:16:07 AM       1     24.00      0.00     76.00      0.00      0.00      0.00
02:16:08 AM       1     22.00      0.00     78.00      0.00      0.00      0.00
02:16:09 AM       1     21.00      0.00     79.00      0.00      0.00      0.00
02:16:10 AM       1     23.00      0.00     77.00      0.00      0.00      0.00
02:16:11 AM       1     20.00      0.00     80.00      0.00      0.00      0.00
02:16:12 AM       1     21.00      0.00     79.00      0.00      0.00      0.00
02:16:13 AM       1     21.00      0.00     79.00      0.00      0.00      0.00
02:16:14 AM       1     22.22      0.00     77.78      0.00      0.00      0.00
02:16:15 AM       1     20.79      0.00     79.21      0.00      0.00      0.00
02:16:16 AM       1     20.00      0.00     80.00      0.00      0.00      0.00
02:16:17 AM       1     24.00      0.00     76.00      0.00      0.00      0.00
02:16:18 AM       1     20.00      0.00     80.00      0.00      0.00      0.00
02:16:19 AM       1     20.20      0.00     79.80      0.00      0.00      0.00
02:16:20 AM       1     21.00      0.00     79.00      0.00      0.00      0.00
02:16:21 AM       1     22.00      0.00     78.00      0.00      0.00      0.00
Average:          1     22.01      0.00     77.99      0.00      0.00      0.00
