Linux 3.14.33-regular (node220-2) 	01/06/2017 	_x86_64_	(8 CPU)

08:55:49 AM     CPU     %user     %nice   %system   %iowait    %steal     %idle
08:55:50 AM       1     24.00      0.00     76.00      0.00      0.00      0.00
08:55:51 AM       1     21.00      0.00     79.00      0.00      0.00      0.00
08:55:52 AM       1     24.00      0.00     76.00      0.00      0.00      0.00
08:55:53 AM       1     19.00      0.00     81.00      0.00      0.00      0.00
08:55:54 AM       1     22.00      0.00     78.00      0.00      0.00      0.00
08:55:55 AM       1     24.24      0.00     75.76      0.00      0.00      0.00
08:55:56 AM       1     22.00      0.00     78.00      0.00      0.00      0.00
08:55:57 AM       1     20.79      0.00     79.21      0.00      0.00      0.00
08:55:58 AM       1     23.23      0.00     76.77      0.00      0.00      0.00
08:55:59 AM       1     17.82      0.00     82.18      0.00      0.00      0.00
08:56:00 AM       1     24.24      0.00     75.76      0.00      0.00      0.00
08:56:01 AM       1     22.00      0.00     78.00      0.00      0.00      0.00
08:56:02 AM       1     25.00      0.00     75.00      0.00      0.00      0.00
08:56:03 AM       1     20.79      0.00     79.21      0.00      0.00      0.00
08:56:04 AM       1     28.00      0.00     72.00      0.00      0.00      0.00
08:56:05 AM       1     20.00      0.00     80.00      0.00      0.00      0.00
08:56:06 AM       1     22.00      0.00     78.00      0.00      0.00      0.00
08:56:07 AM       1     17.00      0.00     83.00      0.00      0.00      0.00
08:56:08 AM       1     25.00      0.00     75.00      0.00      0.00      0.00
08:56:09 AM       1     24.00      0.00     76.00      0.00      0.00      0.00
Average:          1     22.30      0.00     77.70      0.00      0.00      0.00
