Linux 3.14.33-regular (node220-2) 	01/06/2017 	_x86_64_	(8 CPU)

02:21:49 AM     CPU     %user     %nice   %system   %iowait    %steal     %idle
02:21:50 AM       1     22.00      0.00     78.00      0.00      0.00      0.00
02:21:51 AM       1     19.00      0.00     81.00      0.00      0.00      0.00
02:21:52 AM       1     22.00      0.00     78.00      0.00      0.00      0.00
02:21:53 AM       1     23.00      0.00     77.00      0.00      0.00      0.00
02:21:54 AM       1     23.00      0.00     77.00      0.00      0.00      0.00
02:21:55 AM       1     21.00      0.00     79.00      0.00      0.00      0.00
02:21:56 AM       1     22.00      0.00     78.00      0.00      0.00      0.00
02:21:57 AM       1     23.76      0.00     76.24      0.00      0.00      0.00
02:21:58 AM       1     20.20      0.00     79.80      0.00      0.00      0.00
02:21:59 AM       1     24.00      0.00     76.00      0.00      0.00      0.00
02:22:00 AM       1     24.00      0.00     76.00      0.00      0.00      0.00
02:22:01 AM       1     22.00      0.00     78.00      0.00      0.00      0.00
02:22:02 AM       1     20.00      0.00     80.00      0.00      0.00      0.00
02:22:03 AM       1     21.78      0.00     78.22      0.00      0.00      0.00
02:22:04 AM       1     21.00      0.00     79.00      0.00      0.00      0.00
02:22:05 AM       1     19.00      0.00     81.00      0.00      0.00      0.00
02:22:06 AM       1     24.24      0.00     75.76      0.00      0.00      0.00
02:22:07 AM       1     23.76      0.00     76.24      0.00      0.00      0.00
02:22:08 AM       1     24.24      0.00     75.76      0.00      0.00      0.00
02:22:09 AM       1     22.77      0.00     77.23      0.00      0.00      0.00
Average:          1     22.14      0.00     77.86      0.00      0.00      0.00
