Linux 3.14.33-regular (node220-2) 	01/06/2017 	_x86_64_	(8 CPU)

06:18:46 AM     CPU     %user     %nice   %system   %iowait    %steal     %idle
06:18:47 AM       1     23.00      0.00     77.00      0.00      0.00      0.00
06:18:48 AM       1     22.00      0.00     78.00      0.00      0.00      0.00
06:18:49 AM       1     21.00      0.00     79.00      0.00      0.00      0.00
06:18:50 AM       1     24.00      0.00     76.00      0.00      0.00      0.00
06:18:51 AM       1     23.00      0.00     77.00      0.00      0.00      0.00
06:18:52 AM       1     21.00      0.00     79.00      0.00      0.00      0.00
06:18:53 AM       1     21.00      0.00     79.00      0.00      0.00      0.00
06:18:54 AM       1     18.00      0.00     82.00      0.00      0.00      0.00
06:18:55 AM       1     25.00      0.00     75.00      0.00      0.00      0.00
06:18:56 AM       1     25.00      0.00     75.00      0.00      0.00      0.00
06:18:57 AM       1     18.00      0.00     82.00      0.00      0.00      0.00
06:18:58 AM       1     18.00      0.00     82.00      0.00      0.00      0.00
06:18:59 AM       1     21.00      0.00     79.00      0.00      0.00      0.00
06:19:00 AM       1     20.00      0.00     80.00      0.00      0.00      0.00
06:19:01 AM       1     23.00      0.00     77.00      0.00      0.00      0.00
06:19:02 AM       1     23.00      0.00     77.00      0.00      0.00      0.00
06:19:03 AM       1     21.78      0.00     78.22      0.00      0.00      0.00
06:19:04 AM       1     25.00      0.00     75.00      0.00      0.00      0.00
06:19:05 AM       1     20.20      0.00     79.80      0.00      0.00      0.00
06:19:06 AM       1     22.00      0.00     78.00      0.00      0.00      0.00
Average:          1     21.75      0.00     78.25      0.00      0.00      0.00
