Linux 3.14.33-regular (node220-2) 	01/06/2017 	_x86_64_	(8 CPU)

06:02:44 AM     CPU     %user     %nice   %system   %iowait    %steal     %idle
06:02:45 AM       1     21.00      0.00     79.00      0.00      0.00      0.00
06:02:46 AM       1     22.00      0.00     78.00      0.00      0.00      0.00
06:02:47 AM       1     25.25      0.00     74.75      0.00      0.00      0.00
06:02:48 AM       1     17.00      0.00     83.00      0.00      0.00      0.00
06:02:49 AM       1     25.74      0.00     74.26      0.00      0.00      0.00
06:02:50 AM       1     22.00      0.00     78.00      0.00      0.00      0.00
06:02:51 AM       1     22.00      0.00     78.00      0.00      0.00      0.00
06:02:52 AM       1     20.00      0.00     80.00      0.00      0.00      0.00
06:02:53 AM       1     25.00      0.00     75.00      0.00      0.00      0.00
06:02:54 AM       1     22.00      0.00     78.00      0.00      0.00      0.00
06:02:55 AM       1     24.00      0.00     76.00      0.00      0.00      0.00
06:02:56 AM       1     22.00      0.00     78.00      0.00      0.00      0.00
06:02:57 AM       1     23.00      0.00     77.00      0.00      0.00      0.00
06:02:58 AM       1     24.00      0.00     76.00      0.00      0.00      0.00
06:02:59 AM       1     24.00      0.00     76.00      0.00      0.00      0.00
06:03:00 AM       1     22.00      0.00     78.00      0.00      0.00      0.00
06:03:01 AM       1     24.00      0.00     76.00      0.00      0.00      0.00
06:03:02 AM       1     23.00      0.00     77.00      0.00      0.00      0.00
06:03:03 AM       1     26.00      0.00     74.00      0.00      0.00      0.00
06:03:04 AM       1     19.00      0.00     81.00      0.00      0.00      0.00
Average:          1     22.65      0.00     77.35      0.00      0.00      0.00
