Linux 3.14.33-regular (node220-2) 	01/06/2017 	_x86_64_	(8 CPU)

07:40:50 AM     CPU     %user     %nice   %system   %iowait    %steal     %idle
07:40:51 AM       1     20.00      0.00     80.00      0.00      0.00      0.00
07:40:52 AM       1     20.00      0.00     80.00      0.00      0.00      0.00
07:40:53 AM       1     24.00      0.00     76.00      0.00      0.00      0.00
07:40:54 AM       1     21.00      0.00     79.00      0.00      0.00      0.00
07:40:55 AM       1     22.00      0.00     78.00      0.00      0.00      0.00
07:40:56 AM       1     20.00      0.00     80.00      0.00      0.00      0.00
07:40:57 AM       1     20.00      0.00     80.00      0.00      0.00      0.00
07:40:58 AM       1     21.00      0.00     79.00      0.00      0.00      0.00
07:40:59 AM       1     24.00      0.00     76.00      0.00      0.00      0.00
07:41:00 AM       1     25.00      0.00     75.00      0.00      0.00      0.00
07:41:01 AM       1     23.00      0.00     77.00      0.00      0.00      0.00
07:41:02 AM       1     25.25      0.00     74.75      0.00      0.00      0.00
07:41:03 AM       1     21.78      0.00     78.22      0.00      0.00      0.00
07:41:04 AM       1     26.26      0.00     73.74      0.00      0.00      0.00
07:41:05 AM       1     22.77      0.00     77.23      0.00      0.00      0.00
07:41:06 AM       1     20.20      0.00     79.80      0.00      0.00      0.00
07:41:07 AM       1     28.00      0.00     72.00      0.00      0.00      0.00
07:41:08 AM       1     23.76      0.00     76.24      0.00      0.00      0.00
07:41:09 AM       1     22.00      0.00     78.00      0.00      0.00      0.00
07:41:10 AM       1     27.27      0.00     72.73      0.00      0.00      0.00
Average:          1     22.86      0.00     77.14      0.00      0.00      0.00
