Linux 3.14.33-regular (node220-2) 	01/06/2017 	_x86_64_	(8 CPU)

07:15:51 AM     CPU     %user     %nice   %system   %iowait    %steal     %idle
07:15:52 AM       1     19.80      0.00     80.20      0.00      0.00      0.00
07:15:53 AM       1     24.24      0.00     75.76      0.00      0.00      0.00
07:15:54 AM       1     22.77      0.00     77.23      0.00      0.00      0.00
07:15:55 AM       1     24.24      0.00     75.76      0.00      0.00      0.00
07:15:56 AM       1     21.78      0.00     78.22      0.00      0.00      0.00
07:15:57 AM       1     21.00      0.00     79.00      0.00      0.00      0.00
07:15:58 AM       1     24.24      0.00     75.76      0.00      0.00      0.00
07:15:59 AM       1     22.00      0.00     78.00      0.00      0.00      0.00
07:16:00 AM       1     20.00      0.00     80.00      0.00      0.00      0.00
07:16:01 AM       1     16.00      0.00     84.00      0.00      0.00      0.00
07:16:02 AM       1     22.00      0.00     78.00      0.00      0.00      0.00
07:16:03 AM       1     22.00      0.00     78.00      0.00      0.00      0.00
07:16:04 AM       1     22.00      0.00     78.00      0.00      0.00      0.00
07:16:05 AM       1     24.00      0.00     76.00      0.00      0.00      0.00
07:16:06 AM       1     26.00      0.00     74.00      0.00      0.00      0.00
07:16:07 AM       1     18.81      0.00     81.19      0.00      0.00      0.00
07:16:08 AM       1     22.00      0.00     78.00      0.00      0.00      0.00
07:16:09 AM       1     23.23      0.00     76.77      0.00      0.00      0.00
07:16:10 AM       1     22.00      0.00     78.00      0.00      0.00      0.00
07:16:11 AM       1     24.00      0.00     76.00      0.00      0.00      0.00
Average:          1     22.10      0.00     77.90      0.00      0.00      0.00
