Linux 3.14.33-regular (node220-2) 	01/06/2017 	_x86_64_	(8 CPU)

05:35:51 AM     CPU     %user     %nice   %system   %iowait    %steal     %idle
05:35:52 AM       1     21.78      0.00     78.22      0.00      0.00      0.00
05:35:53 AM       1     23.00      0.00     77.00      0.00      0.00      0.00
05:35:54 AM       1     24.00      0.00     76.00      0.00      0.00      0.00
05:35:55 AM       1     27.00      0.00     73.00      0.00      0.00      0.00
05:35:56 AM       1     19.00      0.00     81.00      0.00      0.00      0.00
05:35:57 AM       1     21.00      0.00     79.00      0.00      0.00      0.00
05:35:58 AM       1     20.00      0.00     80.00      0.00      0.00      0.00
05:35:59 AM       1     23.00      0.00     77.00      0.00      0.00      0.00
05:36:00 AM       1     25.25      0.00     74.75      0.00      0.00      0.00
05:36:01 AM       1     24.75      0.00     75.25      0.00      0.00      0.00
05:36:02 AM       1     22.22      0.00     77.78      0.00      0.00      0.00
05:36:03 AM       1     22.77      0.00     77.23      0.00      0.00      0.00
05:36:04 AM       1     18.00      0.00     82.00      0.00      0.00      0.00
05:36:05 AM       1     21.78      0.00     78.22      0.00      0.00      0.00
05:36:06 AM       1     22.22      0.00     77.78      0.00      0.00      0.00
05:36:07 AM       1     19.00      0.00     81.00      0.00      0.00      0.00
05:36:08 AM       1     22.00      0.00     78.00      0.00      0.00      0.00
05:36:09 AM       1     28.00      0.00     72.00      0.00      0.00      0.00
05:36:10 AM       1     21.00      0.00     79.00      0.00      0.00      0.00
05:36:11 AM       1     20.00      0.00     80.00      0.00      0.00      0.00
Average:          1     22.29      0.00     77.71      0.00      0.00      0.00
