Linux 3.14.33-regular (node220-2) 	01/06/2017 	_x86_64_	(8 CPU)

03:32:15 AM     CPU     %user     %nice   %system   %iowait    %steal     %idle
03:32:16 AM       1     25.74      0.00     74.26      0.00      0.00      0.00
03:32:17 AM       1     19.19      0.00     80.81      0.00      0.00      0.00
03:32:18 AM       1     24.00      0.00     76.00      0.00      0.00      0.00
03:32:19 AM       1     18.00      0.00     82.00      0.00      0.00      0.00
03:32:20 AM       1     21.00      0.00     79.00      0.00      0.00      0.00
03:32:21 AM       1     20.00      0.00     80.00      0.00      0.00      0.00
03:32:22 AM       1     25.00      0.00     75.00      0.00      0.00      0.00
03:32:23 AM       1     20.00      0.00     80.00      0.00      0.00      0.00
03:32:24 AM       1     25.00      0.00     75.00      0.00      0.00      0.00
03:32:25 AM       1     23.00      0.00     77.00      0.00      0.00      0.00
03:32:26 AM       1     24.00      0.00     76.00      0.00      0.00      0.00
03:32:27 AM       1     18.00      0.00     82.00      0.00      0.00      0.00
03:32:28 AM       1     28.00      0.00     72.00      0.00      0.00      0.00
03:32:29 AM       1     24.75      0.00     75.25      0.00      0.00      0.00
03:32:30 AM       1     20.00      0.00     80.00      0.00      0.00      0.00
03:32:31 AM       1     24.00      0.00     76.00      0.00      0.00      0.00
03:32:32 AM       1     20.20      0.00     79.80      0.00      0.00      0.00
03:32:33 AM       1     22.00      0.00     78.00      0.00      0.00      0.00
03:32:34 AM       1     23.00      0.00     77.00      0.00      0.00      0.00
03:32:35 AM       1     18.81      0.00     81.19      0.00      0.00      0.00
Average:          1     22.19      0.00     77.81      0.00      0.00      0.00
