Linux 3.14.33-regular (node220-2) 	01/06/2017 	_x86_64_	(8 CPU)

07:26:06 AM     CPU     %user     %nice   %system   %iowait    %steal     %idle
07:26:07 AM       1     23.00      0.00     77.00      0.00      0.00      0.00
07:26:08 AM       1     23.00      0.00     77.00      0.00      0.00      0.00
07:26:09 AM       1     20.00      0.00     80.00      0.00      0.00      0.00
07:26:10 AM       1     21.00      0.00     79.00      0.00      0.00      0.00
07:26:11 AM       1     24.00      0.00     76.00      0.00      0.00      0.00
07:26:12 AM       1     26.00      0.00     74.00      0.00      0.00      0.00
07:26:13 AM       1     17.82      0.00     82.18      0.00      0.00      0.00
07:26:14 AM       1     23.23      0.00     76.77      0.00      0.00      0.00
07:26:15 AM       1     23.76      0.00     76.24      0.00      0.00      0.00
07:26:16 AM       1     20.00      0.00     80.00      0.00      0.00      0.00
07:26:17 AM       1     20.20      0.00     79.80      0.00      0.00      0.00
07:26:18 AM       1     19.80      0.00     80.20      0.00      0.00      0.00
07:26:19 AM       1     24.24      0.00     75.76      0.00      0.00      0.00
07:26:20 AM       1     22.77      0.00     77.23      0.00      0.00      0.00
07:26:21 AM       1     24.00      0.00     76.00      0.00      0.00      0.00
07:26:22 AM       1     18.00      0.00     82.00      0.00      0.00      0.00
07:26:23 AM       1     23.00      0.00     77.00      0.00      0.00      0.00
07:26:24 AM       1     18.00      0.00     82.00      0.00      0.00      0.00
07:26:25 AM       1     22.00      0.00     78.00      0.00      0.00      0.00
07:26:26 AM       1     23.00      0.00     77.00      0.00      0.00      0.00
Average:          1     21.84      0.00     78.16      0.00      0.00      0.00
