Linux 3.14.33-regular (node220-2) 	01/06/2017 	_x86_64_	(8 CPU)

05:05:43 AM     CPU     %user     %nice   %system   %iowait    %steal     %idle
05:05:44 AM       1     24.00      0.00     76.00      0.00      0.00      0.00
05:05:45 AM       1     22.00      0.00     78.00      0.00      0.00      0.00
05:05:46 AM       1     21.00      0.00     79.00      0.00      0.00      0.00
05:05:47 AM       1     23.00      0.00     77.00      0.00      0.00      0.00
05:05:48 AM       1     21.78      0.00     78.22      0.00      0.00      0.00
05:05:49 AM       1     23.00      0.00     77.00      0.00      0.00      0.00
05:05:50 AM       1     26.00      0.00     74.00      0.00      0.00      0.00
05:05:51 AM       1     21.21      0.00     78.79      0.00      0.00      0.00
05:05:52 AM       1     21.78      0.00     78.22      0.00      0.00      0.00
05:05:53 AM       1     19.19      0.00     80.81      0.00      0.00      0.00
05:05:54 AM       1     22.00      0.00     78.00      0.00      0.00      0.00
05:05:55 AM       1     22.00      0.00     78.00      0.00      0.00      0.00
05:05:56 AM       1     15.00      0.00     85.00      0.00      0.00      0.00
05:05:57 AM       1     20.00      0.00     80.00      0.00      0.00      0.00
05:05:58 AM       1     24.75      0.00     75.25      0.00      0.00      0.00
05:05:59 AM       1     23.00      0.00     77.00      0.00      0.00      0.00
05:06:00 AM       1     22.00      0.00     78.00      0.00      0.00      0.00
05:06:01 AM       1     26.00      0.00     74.00      0.00      0.00      0.00
05:06:02 AM       1     24.00      0.00     76.00      0.00      0.00      0.00
05:06:03 AM       1     21.00      0.00     79.00      0.00      0.00      0.00
Average:          1     22.14      0.00     77.86      0.00      0.00      0.00
