Linux 3.14.33-regular (node220-2) 	01/06/2017 	_x86_64_	(8 CPU)

10:44:40 AM     CPU     %user     %nice   %system   %iowait    %steal     %idle
10:44:41 AM       1     21.00      0.00     79.00      0.00      0.00      0.00
10:44:42 AM       1     24.00      0.00     76.00      0.00      0.00      0.00
10:44:43 AM       1     25.74      0.00     74.26      0.00      0.00      0.00
10:44:44 AM       1     21.21      0.00     78.79      0.00      0.00      0.00
10:44:45 AM       1     22.77      0.00     77.23      0.00      0.00      0.00
10:44:46 AM       1     24.24      0.00     75.76      0.00      0.00      0.00
10:44:47 AM       1     18.81      0.00     81.19      0.00      0.00      0.00
10:44:48 AM       1     23.23      0.00     76.77      0.00      0.00      0.00
10:44:49 AM       1     22.00      0.00     78.00      0.00      0.00      0.00
10:44:50 AM       1     22.00      0.00     78.00      0.00      0.00      0.00
10:44:51 AM       1     22.00      0.00     78.00      0.00      0.00      0.00
10:44:52 AM       1     24.00      0.00     76.00      0.00      0.00      0.00
10:44:53 AM       1     20.00      0.00     80.00      0.00      0.00      0.00
10:44:54 AM       1     21.00      0.00     79.00      0.00      0.00      0.00
10:44:55 AM       1     23.00      0.00     77.00      0.00      0.00      0.00
10:44:56 AM       1     26.00      0.00     74.00      0.00      0.00      0.00
10:44:57 AM       1     19.00      0.00     81.00      0.00      0.00      0.00
10:44:58 AM       1     27.00      0.00     73.00      0.00      0.00      0.00
10:44:59 AM       1     20.00      0.00     80.00      0.00      0.00      0.00
10:45:00 AM       1     23.00      0.00     77.00      0.00      0.00      0.00
Average:          1     22.50      0.00     77.50      0.00      0.00      0.00
