Linux 3.14.33-regular (node220-2) 	01/06/2017 	_x86_64_	(8 CPU)

10:42:45 AM     CPU     %user     %nice   %system   %iowait    %steal     %idle
10:42:46 AM       1     20.00      0.00     80.00      0.00      0.00      0.00
10:42:47 AM       1     23.00      0.00     77.00      0.00      0.00      0.00
10:42:48 AM       1     18.81      0.00     81.19      0.00      0.00      0.00
10:42:49 AM       1     25.25      0.00     74.75      0.00      0.00      0.00
10:42:50 AM       1     21.00      0.00     79.00      0.00      0.00      0.00
10:42:51 AM       1     22.00      0.00     78.00      0.00      0.00      0.00
10:42:52 AM       1     21.00      0.00     79.00      0.00      0.00      0.00
10:42:53 AM       1     21.00      0.00     79.00      0.00      0.00      0.00
10:42:54 AM       1     17.00      0.00     83.00      0.00      0.00      0.00
10:42:55 AM       1     24.00      0.00     76.00      0.00      0.00      0.00
10:42:56 AM       1     18.00      0.00     82.00      0.00      0.00      0.00
10:42:57 AM       1     22.77      0.00     77.23      0.00      0.00      0.00
10:42:58 AM       1     24.00      0.00     76.00      0.00      0.00      0.00
10:42:59 AM       1     25.25      0.00     74.75      0.00      0.00      0.00
10:43:00 AM       1     23.00      0.00     77.00      0.00      0.00      0.00
10:43:01 AM       1     19.80      0.00     80.20      0.00      0.00      0.00
10:43:02 AM       1     24.00      0.00     76.00      0.00      0.00      0.00
10:43:03 AM       1     24.00      0.00     76.00      0.00      0.00      0.00
10:43:04 AM       1     25.25      0.00     74.75      0.00      0.00      0.00
10:43:05 AM       1     24.75      0.00     75.25      0.00      0.00      0.00
Average:          1     22.19      0.00     77.81      0.00      0.00      0.00
