Linux 3.14.33-regular (node220-2) 	01/06/2017 	_x86_64_	(8 CPU)

07:56:50 AM     CPU     %user     %nice   %system   %iowait    %steal     %idle
07:56:51 AM       1     18.00      0.00     82.00      0.00      0.00      0.00
07:56:52 AM       1     23.00      0.00     77.00      0.00      0.00      0.00
07:56:53 AM       1     23.00      0.00     77.00      0.00      0.00      0.00
07:56:54 AM       1     24.00      0.00     76.00      0.00      0.00      0.00
07:56:55 AM       1     25.00      0.00     75.00      0.00      0.00      0.00
07:56:56 AM       1     25.00      0.00     75.00      0.00      0.00      0.00
07:56:57 AM       1     17.00      0.00     83.00      0.00      0.00      0.00
07:56:58 AM       1     22.00      0.00     78.00      0.00      0.00      0.00
07:56:59 AM       1     27.72      0.00     72.28      0.00      0.00      0.00
07:57:00 AM       1     21.21      0.00     78.79      0.00      0.00      0.00
07:57:01 AM       1     20.79      0.00     79.21      0.00      0.00      0.00
07:57:02 AM       1     21.00      0.00     79.00      0.00      0.00      0.00
07:57:03 AM       1     25.00      0.00     75.00      0.00      0.00      0.00
07:57:04 AM       1     23.00      0.00     77.00      0.00      0.00      0.00
07:57:05 AM       1     22.00      0.00     78.00      0.00      0.00      0.00
07:57:06 AM       1     24.24      0.00     75.76      0.00      0.00      0.00
07:57:07 AM       1     18.81      0.00     81.19      0.00      0.00      0.00
07:57:08 AM       1     21.00      0.00     79.00      0.00      0.00      0.00
07:57:09 AM       1     17.17      0.00     82.83      0.00      0.00      0.00
07:57:10 AM       1     19.00      0.00     81.00      0.00      0.00      0.00
Average:          1     21.90      0.00     78.10      0.00      0.00      0.00
