Linux 3.14.33-regular (node220-2) 	01/06/2017 	_x86_64_	(8 CPU)

03:47:35 AM     CPU     %user     %nice   %system   %iowait    %steal     %idle
03:47:36 AM       1     23.00      0.00     77.00      0.00      0.00      0.00
03:47:37 AM       1     21.00      0.00     79.00      0.00      0.00      0.00
03:47:38 AM       1     24.00      0.00     76.00      0.00      0.00      0.00
03:47:39 AM       1     25.00      0.00     75.00      0.00      0.00      0.00
03:47:40 AM       1     25.00      0.00     75.00      0.00      0.00      0.00
03:47:41 AM       1     19.00      0.00     81.00      0.00      0.00      0.00
03:47:42 AM       1     24.00      0.00     76.00      0.00      0.00      0.00
03:47:43 AM       1     23.00      0.00     77.00      0.00      0.00      0.00
03:47:44 AM       1     23.00      0.00     77.00      0.00      0.00      0.00
03:47:45 AM       1     24.75      0.00     75.25      0.00      0.00      0.00
03:47:46 AM       1     17.17      0.00     82.83      0.00      0.00      0.00
03:47:47 AM       1     19.00      0.00     81.00      0.00      0.00      0.00
03:47:48 AM       1     23.00      0.00     77.00      0.00      0.00      0.00
03:47:49 AM       1     19.00      0.00     81.00      0.00      0.00      0.00
03:47:50 AM       1     25.74      0.00     74.26      0.00      0.00      0.00
03:47:51 AM       1     19.19      0.00     80.81      0.00      0.00      0.00
03:47:52 AM       1     23.00      0.00     77.00      0.00      0.00      0.00
03:47:53 AM       1     24.00      0.00     76.00      0.00      0.00      0.00
03:47:54 AM       1     19.00      0.00     81.00      0.00      0.00      0.00
03:47:55 AM       1     20.00      0.00     80.00      0.00      0.00      0.00
Average:          1     22.05      0.00     77.95      0.00      0.00      0.00
