Linux 3.14.33-regular (node220-2) 	01/06/2017 	_x86_64_	(8 CPU)

09:54:03 AM     CPU     %user     %nice   %system   %iowait    %steal     %idle
09:54:04 AM       1     22.00      0.00     78.00      0.00      0.00      0.00
09:54:05 AM       1     27.27      0.00     72.73      0.00      0.00      0.00
09:54:06 AM       1     20.00      0.00     80.00      0.00      0.00      0.00
09:54:07 AM       1     18.81      0.00     81.19      0.00      0.00      0.00
09:54:08 AM       1     18.37      0.00     81.63      0.00      0.00      0.00
09:54:09 AM       1     24.00      0.00     76.00      0.00      0.00      0.00
09:54:10 AM       1     18.81      0.00     81.19      0.00      0.00      0.00
09:54:11 AM       1     18.00      0.00     82.00      0.00      0.00      0.00
09:54:12 AM       1     22.00      0.00     78.00      0.00      0.00      0.00
09:54:13 AM       1     19.19      0.00     80.81      0.00      0.00      0.00
09:54:14 AM       1     21.78      0.00     78.22      0.00      0.00      0.00
09:54:15 AM       1     26.73      0.00     73.27      0.00      0.00      0.00
09:54:16 AM       1     24.24      0.00     75.76      0.00      0.00      0.00
09:54:17 AM       1     25.00      0.00     75.00      0.00      0.00      0.00
09:54:18 AM       1     22.77      0.00     77.23      0.00      0.00      0.00
09:54:19 AM       1     25.25      0.00     74.75      0.00      0.00      0.00
09:54:20 AM       1     23.00      0.00     77.00      0.00      0.00      0.00
09:54:21 AM       1     20.79      0.00     79.21      0.00      0.00      0.00
09:54:22 AM       1     23.23      0.00     76.77      0.00      0.00      0.00
09:54:23 AM       1     22.77      0.00     77.23      0.00      0.00      0.00
Average:          1     22.20      0.00     77.80      0.00      0.00      0.00
