Linux 3.14.33-regular (node220-2) 	01/06/2017 	_x86_64_	(8 CPU)

02:30:08 AM     CPU     %user     %nice   %system   %iowait    %steal     %idle
02:30:09 AM       1     21.00      0.00     79.00      0.00      0.00      0.00
02:30:10 AM       1     21.78      0.00     78.22      0.00      0.00      0.00
02:30:11 AM       1     21.00      0.00     79.00      0.00      0.00      0.00
02:30:12 AM       1     21.21      0.00     78.79      0.00      0.00      0.00
02:30:13 AM       1     24.75      0.00     75.25      0.00      0.00      0.00
02:30:14 AM       1     20.00      0.00     80.00      0.00      0.00      0.00
02:30:15 AM       1     23.00      0.00     77.00      0.00      0.00      0.00
02:30:16 AM       1     21.21      0.00     78.79      0.00      0.00      0.00
02:30:17 AM       1     24.00      0.00     76.00      0.00      0.00      0.00
02:30:18 AM       1     20.79      0.00     79.21      0.00      0.00      0.00
02:30:19 AM       1     24.24      0.00     75.76      0.00      0.00      0.00
02:30:20 AM       1     22.77      0.00     77.23      0.00      0.00      0.00
02:30:21 AM       1     23.00      0.00     77.00      0.00      0.00      0.00
02:30:22 AM       1     22.00      0.00     78.00      0.00      0.00      0.00
02:30:23 AM       1     18.00      0.00     82.00      0.00      0.00      0.00
02:30:24 AM       1     18.00      0.00     82.00      0.00      0.00      0.00
02:30:25 AM       1     21.00      0.00     79.00      0.00      0.00      0.00
02:30:26 AM       1     21.00      0.00     79.00      0.00      0.00      0.00
02:30:27 AM       1     22.22      0.00     77.78      0.00      0.00      0.00
02:30:28 AM       1     24.00      0.00     76.00      0.00      0.00      0.00
Average:          1     21.75      0.00     78.25      0.00      0.00      0.00
