Linux 3.14.33-regular (node220-2) 	01/06/2017 	_x86_64_	(8 CPU)

09:54:42 AM     CPU     %user     %nice   %system   %iowait    %steal     %idle
09:54:43 AM       1     20.00      0.00     80.00      0.00      0.00      0.00
09:54:44 AM       1     23.00      0.00     77.00      0.00      0.00      0.00
09:54:45 AM       1     23.00      0.00     77.00      0.00      0.00      0.00
09:54:46 AM       1     26.00      0.00     74.00      0.00      0.00      0.00
09:54:47 AM       1     19.80      0.00     80.20      0.00      0.00      0.00
09:54:48 AM       1     23.00      0.00     77.00      0.00      0.00      0.00
09:54:49 AM       1     23.23      0.00     76.77      0.00      0.00      0.00
09:54:50 AM       1     25.00      0.00     75.00      0.00      0.00      0.00
09:54:51 AM       1     24.75      0.00     75.25      0.00      0.00      0.00
09:54:52 AM       1     27.27      0.00     72.73      0.00      0.00      0.00
09:54:53 AM       1     23.00      0.00     77.00      0.00      0.00      0.00
09:54:54 AM       1     20.79      0.00     79.21      0.00      0.00      0.00
09:54:55 AM       1     22.22      0.00     77.78      0.00      0.00      0.00
09:54:56 AM       1     20.79      0.00     79.21      0.00      0.00      0.00
09:54:57 AM       1     22.00      0.00     78.00      0.00      0.00      0.00
09:54:58 AM       1     18.18      0.00     81.82      0.00      0.00      0.00
09:54:59 AM       1     18.81      0.00     81.19      0.00      0.00      0.00
09:55:00 AM       1     23.00      0.00     77.00      0.00      0.00      0.00
09:55:01 AM       1     22.00      0.00     78.00      0.00      0.00      0.00
09:55:02 AM       1     20.00      0.00     80.00      0.00      0.00      0.00
Average:          1     22.29      0.00     77.71      0.00      0.00      0.00
