Linux 3.14.33-regular (node220-2) 	01/06/2017 	_x86_64_	(8 CPU)

08:48:06 AM     CPU     %user     %nice   %system   %iowait    %steal     %idle
08:48:07 AM       1     22.00      0.00     78.00      0.00      0.00      0.00
08:48:08 AM       1     22.00      0.00     78.00      0.00      0.00      0.00
08:48:09 AM       1     23.76      0.00     76.24      0.00      0.00      0.00
08:48:10 AM       1     24.24      0.00     75.76      0.00      0.00      0.00
08:48:11 AM       1     20.00      0.00     80.00      0.00      0.00      0.00
08:48:12 AM       1     21.00      0.00     79.00      0.00      0.00      0.00
08:48:13 AM       1     21.00      0.00     79.00      0.00      0.00      0.00
08:48:14 AM       1     24.00      0.00     76.00      0.00      0.00      0.00
08:48:15 AM       1     18.00      0.00     82.00      0.00      0.00      0.00
08:48:16 AM       1     18.00      0.00     82.00      0.00      0.00      0.00
08:48:17 AM       1     21.00      0.00     79.00      0.00      0.00      0.00
08:48:18 AM       1     24.00      0.00     76.00      0.00      0.00      0.00
08:48:19 AM       1     20.00      0.00     80.00      0.00      0.00      0.00
08:48:20 AM       1     21.00      0.00     79.00      0.00      0.00      0.00
08:48:21 AM       1     27.00      0.00     73.00      0.00      0.00      0.00
08:48:22 AM       1     21.00      0.00     79.00      0.00      0.00      0.00
08:48:23 AM       1     21.00      0.00     79.00      0.00      0.00      0.00
08:48:24 AM       1     21.00      0.00     79.00      0.00      0.00      0.00
08:48:25 AM       1     24.00      0.00     76.00      0.00      0.00      0.00
08:48:26 AM       1     25.00      0.00     75.00      0.00      0.00      0.00
Average:          1     21.95      0.00     78.05      0.00      0.00      0.00
