Linux 3.14.33-regular (node220-2) 	01/06/2017 	_x86_64_	(8 CPU)

03:45:01 AM     CPU     %user     %nice   %system   %iowait    %steal     %idle
03:45:02 AM       1     22.00      0.00     78.00      0.00      0.00      0.00
03:45:03 AM       1     20.00      0.00     80.00      0.00      0.00      0.00
03:45:04 AM       1     20.00      0.00     80.00      0.00      0.00      0.00
03:45:05 AM       1     25.00      0.00     75.00      0.00      0.00      0.00
03:45:06 AM       1     23.00      0.00     77.00      0.00      0.00      0.00
03:45:07 AM       1     23.00      0.00     77.00      0.00      0.00      0.00
03:45:08 AM       1     18.81      0.00     81.19      0.00      0.00      0.00
03:45:09 AM       1     17.00      0.00     83.00      0.00      0.00      0.00
03:45:10 AM       1     22.00      0.00     78.00      0.00      0.00      0.00
03:45:11 AM       1     22.00      0.00     78.00      0.00      0.00      0.00
03:45:12 AM       1     18.00      0.00     82.00      0.00      0.00      0.00
03:45:13 AM       1     22.00      0.00     78.00      0.00      0.00      0.00
03:45:14 AM       1     17.00      0.00     83.00      0.00      0.00      0.00
03:45:15 AM       1     24.24      0.00     75.76      0.00      0.00      0.00
03:45:16 AM       1     22.77      0.00     77.23      0.00      0.00      0.00
03:45:17 AM       1     23.00      0.00     77.00      0.00      0.00      0.00
03:45:18 AM       1     25.25      0.00     74.75      0.00      0.00      0.00
03:45:19 AM       1     23.76      0.00     76.24      0.00      0.00      0.00
03:45:20 AM       1     23.00      0.00     77.00      0.00      0.00      0.00
03:45:21 AM       1     19.00      0.00     81.00      0.00      0.00      0.00
Average:          1     21.54      0.00     78.46      0.00      0.00      0.00
