Linux 3.14.33-regular (node220-2) 	01/06/2017 	_x86_64_	(8 CPU)

02:57:03 AM     CPU     %user     %nice   %system   %iowait    %steal     %idle
02:57:04 AM       1     20.00      0.00     80.00      0.00      0.00      0.00
02:57:05 AM       1     22.00      0.00     78.00      0.00      0.00      0.00
02:57:06 AM       1     19.00      0.00     81.00      0.00      0.00      0.00
02:57:07 AM       1     19.19      0.00     80.81      0.00      0.00      0.00
02:57:08 AM       1     23.76      0.00     76.24      0.00      0.00      0.00
02:57:09 AM       1     24.00      0.00     76.00      0.00      0.00      0.00
02:57:10 AM       1     28.00      0.00     72.00      0.00      0.00      0.00
02:57:11 AM       1     19.80      0.00     80.20      0.00      0.00      0.00
02:57:12 AM       1     20.20      0.00     79.80      0.00      0.00      0.00
02:57:13 AM       1     21.78      0.00     78.22      0.00      0.00      0.00
02:57:14 AM       1     20.20      0.00     79.80      0.00      0.00      0.00
02:57:15 AM       1     22.00      0.00     78.00      0.00      0.00      0.00
02:57:16 AM       1     22.00      0.00     78.00      0.00      0.00      0.00
02:57:17 AM       1     23.76      0.00     76.24      0.00      0.00      0.00
02:57:18 AM       1     24.00      0.00     76.00      0.00      0.00      0.00
02:57:19 AM       1     22.00      0.00     78.00      0.00      0.00      0.00
02:57:20 AM       1     25.00      0.00     75.00      0.00      0.00      0.00
02:57:21 AM       1     26.00      0.00     74.00      0.00      0.00      0.00
02:57:22 AM       1     23.00      0.00     77.00      0.00      0.00      0.00
02:57:23 AM       1     19.00      0.00     81.00      0.00      0.00      0.00
Average:          1     22.24      0.00     77.76      0.00      0.00      0.00
