Linux 3.14.33-regular (node220-2) 	01/06/2017 	_x86_64_	(8 CPU)

03:20:06 AM     CPU     %user     %nice   %system   %iowait    %steal     %idle
03:20:07 AM       1     23.23      0.00     76.77      0.00      0.00      0.00
03:20:08 AM       1     15.00      0.00     85.00      0.00      0.00      0.00
03:20:09 AM       1     23.76      0.00     76.24      0.00      0.00      0.00
03:20:10 AM       1     22.00      0.00     78.00      0.00      0.00      0.00
03:20:11 AM       1     23.00      0.00     77.00      0.00      0.00      0.00
03:20:12 AM       1     23.00      0.00     77.00      0.00      0.00      0.00
03:20:13 AM       1     22.00      0.00     78.00      0.00      0.00      0.00
03:20:14 AM       1     20.00      0.00     80.00      0.00      0.00      0.00
03:20:15 AM       1     26.26      0.00     73.74      0.00      0.00      0.00
03:20:16 AM       1     21.78      0.00     78.22      0.00      0.00      0.00
03:20:17 AM       1     20.20      0.00     79.80      0.00      0.00      0.00
03:20:18 AM       1     22.77      0.00     77.23      0.00      0.00      0.00
03:20:19 AM       1     19.00      0.00     81.00      0.00      0.00      0.00
03:20:20 AM       1     22.00      0.00     78.00      0.00      0.00      0.00
03:20:21 AM       1     22.00      0.00     78.00      0.00      0.00      0.00
03:20:22 AM       1     22.00      0.00     78.00      0.00      0.00      0.00
03:20:23 AM       1     24.24      0.00     75.76      0.00      0.00      0.00
03:20:24 AM       1     25.74      0.00     74.26      0.00      0.00      0.00
03:20:25 AM       1     20.00      0.00     80.00      0.00      0.00      0.00
03:20:26 AM       1     22.22      0.00     77.78      0.00      0.00      0.00
Average:          1     22.01      0.00     77.99      0.00      0.00      0.00
