Linux 3.14.33-regular (node220-2) 	01/06/2017 	_x86_64_	(8 CPU)

07:54:17 AM     CPU     %user     %nice   %system   %iowait    %steal     %idle
07:54:18 AM       1     25.74      0.00     74.26      0.00      0.00      0.00
07:54:19 AM       1     20.20      0.00     79.80      0.00      0.00      0.00
07:54:20 AM       1     24.00      0.00     76.00      0.00      0.00      0.00
07:54:21 AM       1     22.00      0.00     78.00      0.00      0.00      0.00
07:54:22 AM       1     22.00      0.00     78.00      0.00      0.00      0.00
07:54:23 AM       1     22.00      0.00     78.00      0.00      0.00      0.00
07:54:24 AM       1     21.78      0.00     78.22      0.00      0.00      0.00
07:54:25 AM       1     21.21      0.00     78.79      0.00      0.00      0.00
07:54:26 AM       1     18.00      0.00     82.00      0.00      0.00      0.00
07:54:27 AM       1     26.00      0.00     74.00      0.00      0.00      0.00
07:54:28 AM       1     25.00      0.00     75.00      0.00      0.00      0.00
07:54:29 AM       1     21.00      0.00     79.00      0.00      0.00      0.00
07:54:30 AM       1     24.00      0.00     76.00      0.00      0.00      0.00
07:54:31 AM       1     21.00      0.00     79.00      0.00      0.00      0.00
07:54:32 AM       1     23.00      0.00     77.00      0.00      0.00      0.00
07:54:33 AM       1     20.79      0.00     79.21      0.00      0.00      0.00
07:54:34 AM       1     22.00      0.00     78.00      0.00      0.00      0.00
07:54:35 AM       1     21.21      0.00     78.79      0.00      0.00      0.00
07:54:36 AM       1     23.00      0.00     77.00      0.00      0.00      0.00
07:54:37 AM       1     22.00      0.00     78.00      0.00      0.00      0.00
Average:          1     22.30      0.00     77.70      0.00      0.00      0.00
