Linux 3.14.33-regular (node220-2) 	01/06/2017 	_x86_64_	(8 CPU)

12:45:53 PM     CPU     %user     %nice   %system   %iowait    %steal     %idle
12:45:54 PM       1     20.79      0.00     79.21      0.00      0.00      0.00
12:45:55 PM       1     22.00      0.00     78.00      0.00      0.00      0.00
12:45:56 PM       1     27.00      0.00     73.00      0.00      0.00      0.00
12:45:57 PM       1     20.79      0.00     79.21      0.00      0.00      0.00
12:45:58 PM       1     24.00      0.00     76.00      0.00      0.00      0.00
12:45:59 PM       1     22.22      0.00     77.78      0.00      0.00      0.00
12:46:00 PM       1     20.79      0.00     79.21      0.00      0.00      0.00
12:46:01 PM       1     22.22      0.00     77.78      0.00      0.00      0.00
12:46:02 PM       1     18.00      0.00     82.00      0.00      0.00      0.00
12:46:03 PM       1     22.00      0.00     78.00      0.00      0.00      0.00
12:46:04 PM       1     24.00      0.00     76.00      0.00      0.00      0.00
12:46:05 PM       1     21.00      0.00     79.00      0.00      0.00      0.00
12:46:06 PM       1     23.00      0.00     77.00      0.00      0.00      0.00
12:46:07 PM       1     21.00      0.00     79.00      0.00      0.00      0.00
12:46:08 PM       1     20.20      0.00     79.80      0.00      0.00      0.00
12:46:09 PM       1     20.00      0.00     80.00      0.00      0.00      0.00
12:46:10 PM       1     24.00      0.00     76.00      0.00      0.00      0.00
12:46:11 PM       1     21.00      0.00     79.00      0.00      0.00      0.00
12:46:12 PM       1     23.76      0.00     76.24      0.00      0.00      0.00
12:46:13 PM       1     21.21      0.00     78.79      0.00      0.00      0.00
Average:          1     21.95      0.00     78.05      0.00      0.00      0.00
