Linux 3.14.33-regular (node220-2) 	01/06/2017 	_x86_64_	(8 CPU)

09:31:37 AM     CPU     %user     %nice   %system   %iowait    %steal     %idle
09:31:38 AM       1     21.00      0.00     79.00      0.00      0.00      0.00
09:31:39 AM       1     22.00      0.00     78.00      0.00      0.00      0.00
09:31:40 AM       1     18.00      0.00     82.00      0.00      0.00      0.00
09:31:41 AM       1     20.00      0.00     80.00      0.00      0.00      0.00
09:31:42 AM       1     22.00      0.00     78.00      0.00      0.00      0.00
09:31:43 AM       1     22.00      0.00     78.00      0.00      0.00      0.00
09:31:44 AM       1     24.00      0.00     76.00      0.00      0.00      0.00
09:31:45 AM       1     23.00      0.00     77.00      0.00      0.00      0.00
09:31:46 AM       1     17.00      0.00     83.00      0.00      0.00      0.00
09:31:47 AM       1     22.00      0.00     78.00      0.00      0.00      0.00
09:31:48 AM       1     19.00      0.00     81.00      0.00      0.00      0.00
09:31:49 AM       1     17.00      0.00     83.00      0.00      0.00      0.00
09:31:50 AM       1     23.00      0.00     77.00      0.00      0.00      0.00
09:31:51 AM       1     26.00      0.00     74.00      0.00      0.00      0.00
09:31:52 AM       1     21.00      0.00     79.00      0.00      0.00      0.00
09:31:53 AM       1     21.00      0.00     79.00      0.00      0.00      0.00
09:31:54 AM       1     21.00      0.00     79.00      0.00      0.00      0.00
09:31:55 AM       1     19.00      0.00     81.00      0.00      0.00      0.00
09:31:56 AM       1     22.00      0.00     78.00      0.00      0.00      0.00
09:31:57 AM       1     16.16      0.00     83.84      0.00      0.00      0.00
Average:          1     20.81      0.00     79.19      0.00      0.00      0.00
