Linux 3.14.33-regular (node220-2) 	01/06/2017 	_x86_64_	(8 CPU)

11:16:14 AM     CPU     %user     %nice   %system   %iowait    %steal     %idle
11:16:15 AM       1     25.00      0.00     75.00      0.00      0.00      0.00
11:16:16 AM       1     25.00      0.00     75.00      0.00      0.00      0.00
11:16:17 AM       1     23.00      0.00     77.00      0.00      0.00      0.00
11:16:18 AM       1     25.74      0.00     74.26      0.00      0.00      0.00
11:16:19 AM       1     22.22      0.00     77.78      0.00      0.00      0.00
11:16:20 AM       1     21.00      0.00     79.00      0.00      0.00      0.00
11:16:21 AM       1     25.00      0.00     75.00      0.00      0.00      0.00
11:16:22 AM       1     20.00      0.00     80.00      0.00      0.00      0.00
11:16:23 AM       1     27.00      0.00     73.00      0.00      0.00      0.00
11:16:24 AM       1     19.00      0.00     81.00      0.00      0.00      0.00
11:16:25 AM       1     21.00      0.00     79.00      0.00      0.00      0.00
11:16:26 AM       1     25.00      0.00     75.00      0.00      0.00      0.00
11:16:27 AM       1     22.00      0.00     78.00      0.00      0.00      0.00
11:16:28 AM       1     25.00      0.00     75.00      0.00      0.00      0.00
11:16:29 AM       1     26.00      0.00     74.00      0.00      0.00      0.00
11:16:30 AM       1     25.00      0.00     75.00      0.00      0.00      0.00
11:16:31 AM       1     20.00      0.00     80.00      0.00      0.00      0.00
11:16:32 AM       1     25.00      0.00     75.00      0.00      0.00      0.00
11:16:33 AM       1     18.81      0.00     81.19      0.00      0.00      0.00
11:16:34 AM       1     25.25      0.00     74.75      0.00      0.00      0.00
Average:          1     23.30      0.00     76.70      0.00      0.00      0.00
