Linux 3.14.33-regular (node220-2) 	01/06/2017 	_x86_64_	(8 CPU)

04:33:05 AM     CPU     %user     %nice   %system   %iowait    %steal     %idle
04:33:06 AM       1     22.77      0.00     77.23      0.00      0.00      0.00
04:33:07 AM       1     19.19      0.00     80.81      0.00      0.00      0.00
04:33:08 AM       1     23.00      0.00     77.00      0.00      0.00      0.00
04:33:09 AM       1     22.00      0.00     78.00      0.00      0.00      0.00
04:33:10 AM       1     22.00      0.00     78.00      0.00      0.00      0.00
04:33:11 AM       1     24.00      0.00     76.00      0.00      0.00      0.00
04:33:12 AM       1     22.00      0.00     78.00      0.00      0.00      0.00
04:33:13 AM       1     24.00      0.00     76.00      0.00      0.00      0.00
04:33:14 AM       1     22.00      0.00     78.00      0.00      0.00      0.00
04:33:15 AM       1     20.00      0.00     80.00      0.00      0.00      0.00
04:33:16 AM       1     22.00      0.00     78.00      0.00      0.00      0.00
04:33:17 AM       1     21.00      0.00     79.00      0.00      0.00      0.00
04:33:18 AM       1     20.00      0.00     80.00      0.00      0.00      0.00
04:33:19 AM       1     26.00      0.00     74.00      0.00      0.00      0.00
04:33:20 AM       1     22.00      0.00     78.00      0.00      0.00      0.00
04:33:21 AM       1     20.00      0.00     80.00      0.00      0.00      0.00
04:33:22 AM       1     23.00      0.00     77.00      0.00      0.00      0.00
04:33:23 AM       1     24.00      0.00     76.00      0.00      0.00      0.00
04:33:24 AM       1     20.00      0.00     80.00      0.00      0.00      0.00
04:33:25 AM       1     18.00      0.00     82.00      0.00      0.00      0.00
Average:          1     21.85      0.00     78.15      0.00      0.00      0.00
