Linux 3.14.33-regular (node220-2) 	01/06/2017 	_x86_64_	(8 CPU)

12:46:31 PM     CPU     %user     %nice   %system   %iowait    %steal     %idle
12:46:32 PM       1     21.00      0.00     79.00      0.00      0.00      0.00
12:46:33 PM       1     24.00      0.00     76.00      0.00      0.00      0.00
12:46:34 PM       1     19.80      0.00     80.20      0.00      0.00      0.00
12:46:35 PM       1     25.25      0.00     74.75      0.00      0.00      0.00
12:46:36 PM       1     28.00      0.00     72.00      0.00      0.00      0.00
12:46:37 PM       1     22.00      0.00     78.00      0.00      0.00      0.00
12:46:38 PM       1     21.00      0.00     79.00      0.00      0.00      0.00
12:46:39 PM       1     24.00      0.00     76.00      0.00      0.00      0.00
12:46:40 PM       1     18.00      0.00     82.00      0.00      0.00      0.00
12:46:41 PM       1     27.00      0.00     73.00      0.00      0.00      0.00
12:46:42 PM       1     23.00      0.00     77.00      0.00      0.00      0.00
12:46:43 PM       1     23.76      0.00     76.24      0.00      0.00      0.00
12:46:44 PM       1     23.00      0.00     77.00      0.00      0.00      0.00
12:46:45 PM       1     25.00      0.00     75.00      0.00      0.00      0.00
12:46:46 PM       1     26.26      0.00     73.74      0.00      0.00      0.00
12:46:47 PM       1     24.00      0.00     76.00      0.00      0.00      0.00
12:46:48 PM       1     21.00      0.00     79.00      0.00      0.00      0.00
12:46:49 PM       1     22.77      0.00     77.23      0.00      0.00      0.00
12:46:50 PM       1     19.19      0.00     80.81      0.00      0.00      0.00
12:46:51 PM       1     22.00      0.00     78.00      0.00      0.00      0.00
Average:          1     23.00      0.00     77.00      0.00      0.00      0.00
