Linux 3.14.33-regular (node220-2) 	01/06/2017 	_x86_64_	(8 CPU)

11:50:12 AM     CPU     %user     %nice   %system   %iowait    %steal     %idle
11:50:13 AM       1     25.00      0.00     75.00      0.00      0.00      0.00
11:50:14 AM       1     24.00      0.00     76.00      0.00      0.00      0.00
11:50:15 AM       1     23.00      0.00     77.00      0.00      0.00      0.00
11:50:16 AM       1     25.00      0.00     75.00      0.00      0.00      0.00
11:50:17 AM       1     22.00      0.00     78.00      0.00      0.00      0.00
11:50:18 AM       1     21.00      0.00     79.00      0.00      0.00      0.00
11:50:19 AM       1     17.00      0.00     83.00      0.00      0.00      0.00
11:50:20 AM       1     27.27      0.00     72.73      0.00      0.00      0.00
11:50:21 AM       1     23.76      0.00     76.24      0.00      0.00      0.00
11:50:22 AM       1     24.00      0.00     76.00      0.00      0.00      0.00
11:50:23 AM       1     24.00      0.00     76.00      0.00      0.00      0.00
11:50:24 AM       1     20.20      0.00     79.80      0.00      0.00      0.00
11:50:25 AM       1     18.81      0.00     81.19      0.00      0.00      0.00
11:50:26 AM       1     21.00      0.00     79.00      0.00      0.00      0.00
11:50:27 AM       1     24.00      0.00     76.00      0.00      0.00      0.00
11:50:28 AM       1     24.75      0.00     75.25      0.00      0.00      0.00
11:50:29 AM       1     19.00      0.00     81.00      0.00      0.00      0.00
11:50:30 AM       1     24.24      0.00     75.76      0.00      0.00      0.00
11:50:31 AM       1     27.00      0.00     73.00      0.00      0.00      0.00
11:50:32 AM       1     21.00      0.00     79.00      0.00      0.00      0.00
Average:          1     22.80      0.00     77.20      0.00      0.00      0.00
