Linux 3.14.33-regular (node220-2) 	01/06/2017 	_x86_64_	(8 CPU)

02:51:17 AM     CPU     %user     %nice   %system   %iowait    %steal     %idle
02:51:18 AM       1     25.74      0.00     74.26      0.00      0.00      0.00
02:51:19 AM       1     25.00      0.00     75.00      0.00      0.00      0.00
02:51:20 AM       1     23.00      0.00     77.00      0.00      0.00      0.00
02:51:21 AM       1     19.00      0.00     81.00      0.00      0.00      0.00
02:51:22 AM       1     25.00      0.00     75.00      0.00      0.00      0.00
02:51:23 AM       1     25.00      0.00     75.00      0.00      0.00      0.00
02:51:24 AM       1     24.24      0.00     75.76      0.00      0.00      0.00
02:51:25 AM       1     20.79      0.00     79.21      0.00      0.00      0.00
02:51:26 AM       1     24.00      0.00     76.00      0.00      0.00      0.00
02:51:27 AM       1     23.23      0.00     76.77      0.00      0.00      0.00
02:51:28 AM       1     21.00      0.00     79.00      0.00      0.00      0.00
02:51:29 AM       1     21.78      0.00     78.22      0.00      0.00      0.00
02:51:30 AM       1     24.24      0.00     75.76      0.00      0.00      0.00
02:51:31 AM       1     24.75      0.00     75.25      0.00      0.00      0.00
02:51:32 AM       1     22.00      0.00     78.00      0.00      0.00      0.00
02:51:33 AM       1     23.00      0.00     77.00      0.00      0.00      0.00
02:51:34 AM       1     19.00      0.00     81.00      0.00      0.00      0.00
02:51:35 AM       1     24.00      0.00     76.00      0.00      0.00      0.00
02:51:36 AM       1     21.00      0.00     79.00      0.00      0.00      0.00
02:51:37 AM       1     20.00      0.00     80.00      0.00      0.00      0.00
Average:          1     22.79      0.00     77.21      0.00      0.00      0.00
