Linux 3.14.33-regular (node220-2) 	01/06/2017 	_x86_64_	(8 CPU)

11:30:58 AM     CPU     %user     %nice   %system   %iowait    %steal     %idle
11:30:59 AM       1     21.00      0.00     79.00      0.00      0.00      0.00
11:31:00 AM       1     25.74      0.00     74.26      0.00      0.00      0.00
11:31:01 AM       1     26.00      0.00     74.00      0.00      0.00      0.00
11:31:02 AM       1     18.18      0.00     81.82      0.00      0.00      0.00
11:31:03 AM       1     20.00      0.00     80.00      0.00      0.00      0.00
11:31:04 AM       1     20.00      0.00     80.00      0.00      0.00      0.00
11:31:05 AM       1     22.00      0.00     78.00      0.00      0.00      0.00
11:31:06 AM       1     21.78      0.00     78.22      0.00      0.00      0.00
11:31:07 AM       1     22.22      0.00     77.78      0.00      0.00      0.00
11:31:08 AM       1     20.00      0.00     80.00      0.00      0.00      0.00
11:31:09 AM       1     18.81      0.00     81.19      0.00      0.00      0.00
11:31:10 AM       1     26.00      0.00     74.00      0.00      0.00      0.00
11:31:11 AM       1     19.19      0.00     80.81      0.00      0.00      0.00
11:31:12 AM       1     22.77      0.00     77.23      0.00      0.00      0.00
11:31:13 AM       1     24.00      0.00     76.00      0.00      0.00      0.00
11:31:14 AM       1     22.00      0.00     78.00      0.00      0.00      0.00
11:31:15 AM       1     21.21      0.00     78.79      0.00      0.00      0.00
11:31:16 AM       1     22.00      0.00     78.00      0.00      0.00      0.00
11:31:17 AM       1     24.75      0.00     75.25      0.00      0.00      0.00
11:31:18 AM       1     25.25      0.00     74.75      0.00      0.00      0.00
Average:          1     22.15      0.00     77.85      0.00      0.00      0.00
