Linux 3.14.33-regular (node220-2) 	01/06/2017 	_x86_64_	(8 CPU)

04:06:08 AM     CPU     %user     %nice   %system   %iowait    %steal     %idle
04:06:09 AM       1     20.00      0.00     80.00      0.00      0.00      0.00
04:06:10 AM       1     22.22      0.00     77.78      0.00      0.00      0.00
04:06:11 AM       1     18.81      0.00     81.19      0.00      0.00      0.00
04:06:12 AM       1     23.00      0.00     77.00      0.00      0.00      0.00
04:06:13 AM       1     20.20      0.00     79.80      0.00      0.00      0.00
04:06:14 AM       1     19.00      0.00     81.00      0.00      0.00      0.00
04:06:15 AM       1     21.78      0.00     78.22      0.00      0.00      0.00
04:06:16 AM       1     23.00      0.00     77.00      0.00      0.00      0.00
04:06:17 AM       1     18.00      0.00     82.00      0.00      0.00      0.00
04:06:18 AM       1     23.00      0.00     77.00      0.00      0.00      0.00
04:06:19 AM       1     27.00      0.00     73.00      0.00      0.00      0.00
04:06:20 AM       1     20.00      0.00     80.00      0.00      0.00      0.00
04:06:21 AM       1     29.00      0.00     71.00      0.00      0.00      0.00
04:06:22 AM       1     23.00      0.00     77.00      0.00      0.00      0.00
04:06:23 AM       1     26.00      0.00     74.00      0.00      0.00      0.00
04:06:24 AM       1     22.00      0.00     78.00      0.00      0.00      0.00
04:06:25 AM       1     19.00      0.00     81.00      0.00      0.00      0.00
04:06:26 AM       1     25.00      0.00     75.00      0.00      0.00      0.00
04:06:27 AM       1     24.00      0.00     76.00      0.00      0.00      0.00
04:06:28 AM       1     23.00      0.00     77.00      0.00      0.00      0.00
Average:          1     22.35      0.00     77.65      0.00      0.00      0.00
