Linux 3.14.33-regular (node220-2) 	01/06/2017 	_x86_64_	(8 CPU)

10:56:56 AM     CPU     %user     %nice   %system   %iowait    %steal     %idle
10:56:57 AM       1     23.00      0.00     77.00      0.00      0.00      0.00
10:56:58 AM       1     23.23      0.00     76.77      0.00      0.00      0.00
10:56:59 AM       1     20.00      0.00     80.00      0.00      0.00      0.00
10:57:00 AM       1     23.76      0.00     76.24      0.00      0.00      0.00
10:57:01 AM       1     23.00      0.00     77.00      0.00      0.00      0.00
10:57:02 AM       1     22.00      0.00     78.00      0.00      0.00      0.00
10:57:03 AM       1     20.20      0.00     79.80      0.00      0.00      0.00
10:57:04 AM       1     21.00      0.00     79.00      0.00      0.00      0.00
10:57:05 AM       1     19.00      0.00     81.00      0.00      0.00      0.00
10:57:06 AM       1     20.00      0.00     80.00      0.00      0.00      0.00
10:57:07 AM       1     25.00      0.00     75.00      0.00      0.00      0.00
10:57:08 AM       1     23.00      0.00     77.00      0.00      0.00      0.00
10:57:09 AM       1     25.74      0.00     74.26      0.00      0.00      0.00
10:57:10 AM       1     22.00      0.00     78.00      0.00      0.00      0.00
10:57:11 AM       1     22.22      0.00     77.78      0.00      0.00      0.00
10:57:12 AM       1     24.00      0.00     76.00      0.00      0.00      0.00
10:57:13 AM       1     21.00      0.00     79.00      0.00      0.00      0.00
10:57:14 AM       1     17.00      0.00     83.00      0.00      0.00      0.00
10:57:15 AM       1     21.78      0.00     78.22      0.00      0.00      0.00
10:57:16 AM       1     27.27      0.00     72.73      0.00      0.00      0.00
Average:          1     22.21      0.00     77.79      0.00      0.00      0.00
