Linux 3.14.33-regular (node220-2) 	01/06/2017 	_x86_64_	(8 CPU)

11:19:26 AM     CPU     %user     %nice   %system   %iowait    %steal     %idle
11:19:27 AM       1     22.77      0.00     77.23      0.00      0.00      0.00
11:19:28 AM       1     19.00      0.00     81.00      0.00      0.00      0.00
11:19:29 AM       1     28.00      0.00     72.00      0.00      0.00      0.00
11:19:30 AM       1     21.00      0.00     79.00      0.00      0.00      0.00
11:19:31 AM       1     25.00      0.00     75.00      0.00      0.00      0.00
11:19:32 AM       1     24.00      0.00     76.00      0.00      0.00      0.00
11:19:33 AM       1     20.20      0.00     79.80      0.00      0.00      0.00
11:19:34 AM       1     21.00      0.00     79.00      0.00      0.00      0.00
11:19:35 AM       1     21.00      0.00     79.00      0.00      0.00      0.00
11:19:36 AM       1     19.00      0.00     81.00      0.00      0.00      0.00
11:19:37 AM       1     23.00      0.00     77.00      0.00      0.00      0.00
11:19:38 AM       1     21.00      0.00     79.00      0.00      0.00      0.00
11:19:39 AM       1     24.00      0.00     76.00      0.00      0.00      0.00
11:19:40 AM       1     21.00      0.00     79.00      0.00      0.00      0.00
11:19:41 AM       1     23.00      0.00     77.00      0.00      0.00      0.00
11:19:42 AM       1     24.00      0.00     76.00      0.00      0.00      0.00
11:19:43 AM       1     23.76      0.00     76.24      0.00      0.00      0.00
11:19:44 AM       1     19.19      0.00     80.81      0.00      0.00      0.00
11:19:45 AM       1     19.00      0.00     81.00      0.00      0.00      0.00
11:19:46 AM       1     23.00      0.00     77.00      0.00      0.00      0.00
Average:          1     22.10      0.00     77.90      0.00      0.00      0.00
