Linux 3.14.33-regular (node220-2) 	01/06/2017 	_x86_64_	(8 CPU)

06:41:52 AM     CPU     %user     %nice   %system   %iowait    %steal     %idle
06:41:53 AM       1     23.76      0.00     76.24      0.00      0.00      0.00
06:41:54 AM       1     23.00      0.00     77.00      0.00      0.00      0.00
06:41:55 AM       1     23.00      0.00     77.00      0.00      0.00      0.00
06:41:56 AM       1     22.00      0.00     78.00      0.00      0.00      0.00
06:41:57 AM       1     24.00      0.00     76.00      0.00      0.00      0.00
06:41:58 AM       1     20.00      0.00     80.00      0.00      0.00      0.00
06:41:59 AM       1     24.24      0.00     75.76      0.00      0.00      0.00
06:42:00 AM       1     22.77      0.00     77.23      0.00      0.00      0.00
06:42:01 AM       1     23.23      0.00     76.77      0.00      0.00      0.00
06:42:02 AM       1     19.80      0.00     80.20      0.00      0.00      0.00
06:42:03 AM       1     18.00      0.00     82.00      0.00      0.00      0.00
06:42:04 AM       1     23.00      0.00     77.00      0.00      0.00      0.00
06:42:05 AM       1     25.00      0.00     75.00      0.00      0.00      0.00
06:42:06 AM       1     25.00      0.00     75.00      0.00      0.00      0.00
06:42:07 AM       1     23.23      0.00     76.77      0.00      0.00      0.00
06:42:08 AM       1     21.78      0.00     78.22      0.00      0.00      0.00
06:42:09 AM       1     22.77      0.00     77.23      0.00      0.00      0.00
06:42:10 AM       1     21.21      0.00     78.79      0.00      0.00      0.00
06:42:11 AM       1     22.00      0.00     78.00      0.00      0.00      0.00
06:42:12 AM       1     16.00      0.00     84.00      0.00      0.00      0.00
Average:          1     22.19      0.00     77.81      0.00      0.00      0.00
