Linux 3.14.33-regular (node220-2) 	01/06/2017 	_x86_64_	(8 CPU)

08:36:32 AM     CPU     %user     %nice   %system   %iowait    %steal     %idle
08:36:33 AM       1     20.20      0.00     79.80      0.00      0.00      0.00
08:36:34 AM       1     21.00      0.00     79.00      0.00      0.00      0.00
08:36:35 AM       1     21.00      0.00     79.00      0.00      0.00      0.00
08:36:36 AM       1     23.00      0.00     77.00      0.00      0.00      0.00
08:36:37 AM       1     25.00      0.00     75.00      0.00      0.00      0.00
08:36:38 AM       1     21.00      0.00     79.00      0.00      0.00      0.00
08:36:39 AM       1     23.00      0.00     77.00      0.00      0.00      0.00
08:36:40 AM       1     21.00      0.00     79.00      0.00      0.00      0.00
08:36:41 AM       1     25.00      0.00     75.00      0.00      0.00      0.00
08:36:42 AM       1     22.22      0.00     77.78      0.00      0.00      0.00
08:36:43 AM       1     18.00      0.00     82.00      0.00      0.00      0.00
08:36:44 AM       1     21.78      0.00     78.22      0.00      0.00      0.00
08:36:45 AM       1     18.18      0.00     81.82      0.00      0.00      0.00
08:36:46 AM       1     20.00      0.00     80.00      0.00      0.00      0.00
08:36:47 AM       1     22.77      0.00     77.23      0.00      0.00      0.00
08:36:48 AM       1     23.00      0.00     77.00      0.00      0.00      0.00
08:36:49 AM       1     22.00      0.00     78.00      0.00      0.00      0.00
08:36:50 AM       1     18.00      0.00     82.00      0.00      0.00      0.00
08:36:51 AM       1     24.24      0.00     75.76      0.00      0.00      0.00
08:36:52 AM       1     26.73      0.00     73.27      0.00      0.00      0.00
Average:          1     21.86      0.00     78.14      0.00      0.00      0.00
