Linux 3.14.33-regular (node220-2) 	01/06/2017 	_x86_64_	(8 CPU)

03:12:25 AM     CPU     %user     %nice   %system   %iowait    %steal     %idle
03:12:26 AM       1     25.00      0.00     75.00      0.00      0.00      0.00
03:12:27 AM       1     23.23      0.00     76.77      0.00      0.00      0.00
03:12:28 AM       1     20.79      0.00     79.21      0.00      0.00      0.00
03:12:29 AM       1     20.00      0.00     80.00      0.00      0.00      0.00
03:12:30 AM       1     23.00      0.00     77.00      0.00      0.00      0.00
03:12:31 AM       1     19.00      0.00     81.00      0.00      0.00      0.00
03:12:32 AM       1     24.00      0.00     76.00      0.00      0.00      0.00
03:12:33 AM       1     20.20      0.00     79.80      0.00      0.00      0.00
03:12:34 AM       1     20.00      0.00     80.00      0.00      0.00      0.00
03:12:35 AM       1     23.76      0.00     76.24      0.00      0.00      0.00
03:12:36 AM       1     19.19      0.00     80.81      0.00      0.00      0.00
03:12:37 AM       1     24.00      0.00     76.00      0.00      0.00      0.00
03:12:38 AM       1     22.77      0.00     77.23      0.00      0.00      0.00
03:12:39 AM       1     20.20      0.00     79.80      0.00      0.00      0.00
03:12:40 AM       1     23.00      0.00     77.00      0.00      0.00      0.00
03:12:41 AM       1     20.00      0.00     80.00      0.00      0.00      0.00
03:12:42 AM       1     20.79      0.00     79.21      0.00      0.00      0.00
03:12:43 AM       1     22.22      0.00     77.78      0.00      0.00      0.00
03:12:44 AM       1     19.00      0.00     81.00      0.00      0.00      0.00
03:12:45 AM       1     26.00      0.00     74.00      0.00      0.00      0.00
Average:          1     21.81      0.00     78.19      0.00      0.00      0.00
