Linux 3.14.33-regular (node220-2) 	01/06/2017 	_x86_64_	(8 CPU)

08:53:16 AM     CPU     %user     %nice   %system   %iowait    %steal     %idle
08:53:17 AM       1     16.00      0.00     84.00      0.00      0.00      0.00
08:53:18 AM       1     24.00      0.00     76.00      0.00      0.00      0.00
08:53:19 AM       1     22.77      0.00     77.23      0.00      0.00      0.00
08:53:20 AM       1     23.00      0.00     77.00      0.00      0.00      0.00
08:53:21 AM       1     19.00      0.00     81.00      0.00      0.00      0.00
08:53:22 AM       1     24.00      0.00     76.00      0.00      0.00      0.00
08:53:23 AM       1     20.00      0.00     80.00      0.00      0.00      0.00
08:53:24 AM       1     22.00      0.00     78.00      0.00      0.00      0.00
08:53:25 AM       1     26.00      0.00     74.00      0.00      0.00      0.00
08:53:26 AM       1     23.00      0.00     77.00      0.00      0.00      0.00
08:53:27 AM       1     28.00      0.00     72.00      0.00      0.00      0.00
08:53:28 AM       1     18.18      0.00     81.82      0.00      0.00      0.00
08:53:29 AM       1     21.78      0.00     78.22      0.00      0.00      0.00
08:53:30 AM       1     20.20      0.00     79.80      0.00      0.00      0.00
08:53:31 AM       1     23.00      0.00     77.00      0.00      0.00      0.00
08:53:32 AM       1     19.80      0.00     80.20      0.00      0.00      0.00
08:53:33 AM       1     21.21      0.00     78.79      0.00      0.00      0.00
08:53:34 AM       1     23.00      0.00     77.00      0.00      0.00      0.00
08:53:35 AM       1     20.00      0.00     80.00      0.00      0.00      0.00
08:53:36 AM       1     23.76      0.00     76.24      0.00      0.00      0.00
Average:          1     21.94      0.00     78.06      0.00      0.00      0.00
