Linux 3.14.33-regular (node220-2) 	01/06/2017 	_x86_64_	(8 CPU)

07:34:26 AM     CPU     %user     %nice   %system   %iowait    %steal     %idle
07:34:27 AM       1     21.00      0.00     79.00      0.00      0.00      0.00
07:34:28 AM       1     24.75      0.00     75.25      0.00      0.00      0.00
07:34:29 AM       1     18.18      0.00     81.82      0.00      0.00      0.00
07:34:30 AM       1     20.00      0.00     80.00      0.00      0.00      0.00
07:34:31 AM       1     24.00      0.00     76.00      0.00      0.00      0.00
07:34:32 AM       1     20.00      0.00     80.00      0.00      0.00      0.00
07:34:33 AM       1     25.74      0.00     74.26      0.00      0.00      0.00
07:34:34 AM       1     18.18      0.00     81.82      0.00      0.00      0.00
07:34:35 AM       1     20.79      0.00     79.21      0.00      0.00      0.00
07:34:36 AM       1     22.00      0.00     78.00      0.00      0.00      0.00
07:34:37 AM       1     21.00      0.00     79.00      0.00      0.00      0.00
07:34:38 AM       1     25.00      0.00     75.00      0.00      0.00      0.00
07:34:39 AM       1     17.17      0.00     82.83      0.00      0.00      0.00
07:34:40 AM       1     20.00      0.00     80.00      0.00      0.00      0.00
07:34:41 AM       1     23.00      0.00     77.00      0.00      0.00      0.00
07:34:42 AM       1     25.00      0.00     75.00      0.00      0.00      0.00
07:34:43 AM       1     18.81      0.00     81.19      0.00      0.00      0.00
07:34:44 AM       1     23.23      0.00     76.77      0.00      0.00      0.00
07:34:45 AM       1     19.80      0.00     80.20      0.00      0.00      0.00
07:34:46 AM       1     21.21      0.00     78.79      0.00      0.00      0.00
Average:          1     21.45      0.00     78.55      0.00      0.00      0.00
