Linux 3.14.33-regular (node220-2) 	01/06/2017 	_x86_64_	(8 CPU)

09:30:59 AM     CPU     %user     %nice   %system   %iowait    %steal     %idle
09:31:00 AM       1     22.00      0.00     78.00      0.00      0.00      0.00
09:31:01 AM       1     23.00      0.00     77.00      0.00      0.00      0.00
09:31:02 AM       1     26.00      0.00     74.00      0.00      0.00      0.00
09:31:03 AM       1     22.00      0.00     78.00      0.00      0.00      0.00
09:31:04 AM       1     21.00      0.00     79.00      0.00      0.00      0.00
09:31:05 AM       1     23.00      0.00     77.00      0.00      0.00      0.00
09:31:06 AM       1     21.00      0.00     79.00      0.00      0.00      0.00
09:31:07 AM       1     20.00      0.00     80.00      0.00      0.00      0.00
09:31:08 AM       1     21.00      0.00     79.00      0.00      0.00      0.00
09:31:09 AM       1     23.00      0.00     77.00      0.00      0.00      0.00
09:31:10 AM       1     22.00      0.00     78.00      0.00      0.00      0.00
09:31:11 AM       1     19.00      0.00     81.00      0.00      0.00      0.00
09:31:12 AM       1     20.20      0.00     79.80      0.00      0.00      0.00
09:31:13 AM       1     18.81      0.00     81.19      0.00      0.00      0.00
09:31:14 AM       1     21.21      0.00     78.79      0.00      0.00      0.00
09:31:15 AM       1     26.00      0.00     74.00      0.00      0.00      0.00
09:31:16 AM       1     30.69      0.00     69.31      0.00      0.00      0.00
09:31:17 AM       1     18.00      0.00     82.00      0.00      0.00      0.00
09:31:18 AM       1     17.82      0.00     82.18      0.00      0.00      0.00
09:31:19 AM       1     18.18      0.00     81.82      0.00      0.00      0.00
Average:          1     21.70      0.00     78.30      0.00      0.00      0.00
