Linux 3.14.33-regular (node220-2) 	01/06/2017 	_x86_64_	(8 CPU)

11:28:24 AM     CPU     %user     %nice   %system   %iowait    %steal     %idle
11:28:25 AM       1     23.00      0.00     77.00      0.00      0.00      0.00
11:28:26 AM       1     24.00      0.00     76.00      0.00      0.00      0.00
11:28:27 AM       1     21.78      0.00     78.22      0.00      0.00      0.00
11:28:28 AM       1     20.20      0.00     79.80      0.00      0.00      0.00
11:28:29 AM       1     20.00      0.00     80.00      0.00      0.00      0.00
11:28:30 AM       1     23.76      0.00     76.24      0.00      0.00      0.00
11:28:31 AM       1     28.28      0.00     71.72      0.00      0.00      0.00
11:28:32 AM       1     21.00      0.00     79.00      0.00      0.00      0.00
11:28:33 AM       1     21.00      0.00     79.00      0.00      0.00      0.00
11:28:34 AM       1     26.00      0.00     74.00      0.00      0.00      0.00
11:28:35 AM       1     20.00      0.00     80.00      0.00      0.00      0.00
11:28:36 AM       1     25.00      0.00     75.00      0.00      0.00      0.00
11:28:37 AM       1     21.00      0.00     79.00      0.00      0.00      0.00
11:28:38 AM       1     22.00      0.00     78.00      0.00      0.00      0.00
11:28:39 AM       1     20.79      0.00     79.21      0.00      0.00      0.00
11:28:40 AM       1     20.20      0.00     79.80      0.00      0.00      0.00
11:28:41 AM       1     18.00      0.00     82.00      0.00      0.00      0.00
11:28:42 AM       1     21.00      0.00     79.00      0.00      0.00      0.00
11:28:43 AM       1     20.79      0.00     79.21      0.00      0.00      0.00
11:28:44 AM       1     20.20      0.00     79.80      0.00      0.00      0.00
Average:          1     21.90      0.00     78.10      0.00      0.00      0.00
