Linux 3.14.33-regular (node220-2) 	01/06/2017 	_x86_64_	(8 CPU)

10:38:17 AM     CPU     %user     %nice   %system   %iowait    %steal     %idle
10:38:18 AM       1     22.00      0.00     78.00      0.00      0.00      0.00
10:38:19 AM       1     24.24      0.00     75.76      0.00      0.00      0.00
10:38:20 AM       1     19.80      0.00     80.20      0.00      0.00      0.00
10:38:21 AM       1     23.00      0.00     77.00      0.00      0.00      0.00
10:38:22 AM       1     24.24      0.00     75.76      0.00      0.00      0.00
10:38:23 AM       1     27.00      0.00     73.00      0.00      0.00      0.00
10:38:24 AM       1     21.00      0.00     79.00      0.00      0.00      0.00
10:38:25 AM       1     18.00      0.00     82.00      0.00      0.00      0.00
10:38:26 AM       1     22.00      0.00     78.00      0.00      0.00      0.00
10:38:27 AM       1     21.00      0.00     79.00      0.00      0.00      0.00
10:38:28 AM       1     23.00      0.00     77.00      0.00      0.00      0.00
10:38:29 AM       1     18.81      0.00     81.19      0.00      0.00      0.00
10:38:30 AM       1     22.22      0.00     77.78      0.00      0.00      0.00
10:38:31 AM       1     22.00      0.00     78.00      0.00      0.00      0.00
10:38:32 AM       1     25.74      0.00     74.26      0.00      0.00      0.00
10:38:33 AM       1     26.26      0.00     73.74      0.00      0.00      0.00
10:38:34 AM       1     24.00      0.00     76.00      0.00      0.00      0.00
10:38:35 AM       1     24.75      0.00     75.25      0.00      0.00      0.00
10:38:36 AM       1     15.00      0.00     85.00      0.00      0.00      0.00
10:38:37 AM       1     20.00      0.00     80.00      0.00      0.00      0.00
Average:          1     22.20      0.00     77.80      0.00      0.00      0.00
