Linux 3.14.33-regular (node220-2) 	01/06/2017 	_x86_64_	(8 CPU)

02:26:56 AM     CPU     %user     %nice   %system   %iowait    %steal     %idle
02:26:57 AM       1     25.00      0.00     75.00      0.00      0.00      0.00
02:26:58 AM       1     20.00      0.00     80.00      0.00      0.00      0.00
02:26:59 AM       1     21.00      0.00     79.00      0.00      0.00      0.00
02:27:00 AM       1     20.00      0.00     80.00      0.00      0.00      0.00
02:27:01 AM       1     21.00      0.00     79.00      0.00      0.00      0.00
02:27:02 AM       1     23.23      0.00     76.77      0.00      0.00      0.00
02:27:03 AM       1     19.80      0.00     80.20      0.00      0.00      0.00
02:27:04 AM       1     23.23      0.00     76.77      0.00      0.00      0.00
02:27:05 AM       1     20.79      0.00     79.21      0.00      0.00      0.00
02:27:06 AM       1     19.00      0.00     81.00      0.00      0.00      0.00
02:27:07 AM       1     20.00      0.00     80.00      0.00      0.00      0.00
02:27:08 AM       1     23.23      0.00     76.77      0.00      0.00      0.00
02:27:09 AM       1     18.00      0.00     82.00      0.00      0.00      0.00
02:27:10 AM       1     22.77      0.00     77.23      0.00      0.00      0.00
02:27:11 AM       1     23.23      0.00     76.77      0.00      0.00      0.00
02:27:12 AM       1     18.81      0.00     81.19      0.00      0.00      0.00
02:27:13 AM       1     23.00      0.00     77.00      0.00      0.00      0.00
02:27:14 AM       1     19.00      0.00     81.00      0.00      0.00      0.00
02:27:15 AM       1     23.00      0.00     77.00      0.00      0.00      0.00
02:27:16 AM       1     28.00      0.00     72.00      0.00      0.00      0.00
Average:          1     21.60      0.00     78.40      0.00      0.00      0.00
