Linux 3.14.33-regular (node220-2) 	01/06/2017 	_x86_64_	(8 CPU)

09:22:03 AM     CPU     %user     %nice   %system   %iowait    %steal     %idle
09:22:04 AM       1     22.22      0.00     77.78      0.00      0.00      0.00
09:22:05 AM       1     23.00      0.00     77.00      0.00      0.00      0.00
09:22:06 AM       1     24.75      0.00     75.25      0.00      0.00      0.00
09:22:07 AM       1     24.00      0.00     76.00      0.00      0.00      0.00
09:22:08 AM       1     20.00      0.00     80.00      0.00      0.00      0.00
09:22:09 AM       1     27.00      0.00     73.00      0.00      0.00      0.00
09:22:10 AM       1     22.77      0.00     77.23      0.00      0.00      0.00
09:22:11 AM       1     21.21      0.00     78.79      0.00      0.00      0.00
09:22:12 AM       1     25.00      0.00     75.00      0.00      0.00      0.00
09:22:13 AM       1     24.00      0.00     76.00      0.00      0.00      0.00
09:22:14 AM       1     23.00      0.00     77.00      0.00      0.00      0.00
09:22:15 AM       1     21.00      0.00     79.00      0.00      0.00      0.00
09:22:16 AM       1     20.00      0.00     80.00      0.00      0.00      0.00
09:22:17 AM       1     25.00      0.00     75.00      0.00      0.00      0.00
09:22:18 AM       1     24.00      0.00     76.00      0.00      0.00      0.00
09:22:19 AM       1     17.17      0.00     82.83      0.00      0.00      0.00
09:22:20 AM       1     22.77      0.00     77.23      0.00      0.00      0.00
09:22:21 AM       1     24.00      0.00     76.00      0.00      0.00      0.00
09:22:22 AM       1     22.00      0.00     78.00      0.00      0.00      0.00
09:22:23 AM       1     21.21      0.00     78.79      0.00      0.00      0.00
Average:          1     22.71      0.00     77.29      0.00      0.00      0.00
