Linux 3.14.33-regular (node220-2) 	01/06/2017 	_x86_64_	(8 CPU)

06:05:56 AM     CPU     %user     %nice   %system   %iowait    %steal     %idle
06:05:57 AM       1     22.77      0.00     77.23      0.00      0.00      0.00
06:05:58 AM       1     20.20      0.00     79.80      0.00      0.00      0.00
06:05:59 AM       1     26.00      0.00     74.00      0.00      0.00      0.00
06:06:00 AM       1     23.76      0.00     76.24      0.00      0.00      0.00
06:06:01 AM       1     21.00      0.00     79.00      0.00      0.00      0.00
06:06:02 AM       1     24.24      0.00     75.76      0.00      0.00      0.00
06:06:03 AM       1     23.00      0.00     77.00      0.00      0.00      0.00
06:06:04 AM       1     23.76      0.00     76.24      0.00      0.00      0.00
06:06:05 AM       1     21.00      0.00     79.00      0.00      0.00      0.00
06:06:06 AM       1     21.21      0.00     78.79      0.00      0.00      0.00
06:06:07 AM       1     23.00      0.00     77.00      0.00      0.00      0.00
06:06:08 AM       1     21.78      0.00     78.22      0.00      0.00      0.00
06:06:09 AM       1     23.00      0.00     77.00      0.00      0.00      0.00
06:06:10 AM       1     23.00      0.00     77.00      0.00      0.00      0.00
06:06:11 AM       1     19.19      0.00     80.81      0.00      0.00      0.00
06:06:12 AM       1     25.74      0.00     74.26      0.00      0.00      0.00
06:06:13 AM       1     21.78      0.00     78.22      0.00      0.00      0.00
06:06:14 AM       1     20.20      0.00     79.80      0.00      0.00      0.00
06:06:15 AM       1     25.00      0.00     75.00      0.00      0.00      0.00
06:06:16 AM       1     24.00      0.00     76.00      0.00      0.00      0.00
Average:          1     22.69      0.00     77.31      0.00      0.00      0.00
