Linux 3.14.33-regular (node220-2) 	01/06/2017 	_x86_64_	(8 CPU)

11:21:21 AM     CPU     %user     %nice   %system   %iowait    %steal     %idle
11:21:22 AM       1     23.00      0.00     77.00      0.00      0.00      0.00
11:21:23 AM       1     24.00      0.00     76.00      0.00      0.00      0.00
11:21:24 AM       1     27.00      0.00     73.00      0.00      0.00      0.00
11:21:25 AM       1     23.00      0.00     77.00      0.00      0.00      0.00
11:21:26 AM       1     20.00      0.00     80.00      0.00      0.00      0.00
11:21:27 AM       1     23.00      0.00     77.00      0.00      0.00      0.00
11:21:28 AM       1     19.00      0.00     81.00      0.00      0.00      0.00
11:21:29 AM       1     24.00      0.00     76.00      0.00      0.00      0.00
11:21:30 AM       1     22.00      0.00     78.00      0.00      0.00      0.00
11:21:31 AM       1     24.00      0.00     76.00      0.00      0.00      0.00
11:21:32 AM       1     22.00      0.00     78.00      0.00      0.00      0.00
11:21:33 AM       1     23.00      0.00     77.00      0.00      0.00      0.00
11:21:34 AM       1     17.00      0.00     83.00      0.00      0.00      0.00
11:21:35 AM       1     21.00      0.00     79.00      0.00      0.00      0.00
11:21:36 AM       1     23.00      0.00     77.00      0.00      0.00      0.00
11:21:37 AM       1     23.00      0.00     77.00      0.00      0.00      0.00
11:21:38 AM       1     21.00      0.00     79.00      0.00      0.00      0.00
11:21:39 AM       1     21.00      0.00     79.00      0.00      0.00      0.00
11:21:40 AM       1     19.00      0.00     81.00      0.00      0.00      0.00
11:21:41 AM       1     21.78      0.00     78.22      0.00      0.00      0.00
Average:          1     22.04      0.00     77.96      0.00      0.00      0.00
