Linux 3.14.33-regular (node220-2) 	01/06/2017 	_x86_64_	(8 CPU)

10:40:52 AM     CPU     %user     %nice   %system   %iowait    %steal     %idle
10:40:53 AM       1     18.00      0.00     82.00      0.00      0.00      0.00
10:40:54 AM       1     26.00      0.00     74.00      0.00      0.00      0.00
10:40:55 AM       1     23.76      0.00     76.24      0.00      0.00      0.00
10:40:56 AM       1     22.22      0.00     77.78      0.00      0.00      0.00
10:40:57 AM       1     22.00      0.00     78.00      0.00      0.00      0.00
10:40:58 AM       1     22.00      0.00     78.00      0.00      0.00      0.00
10:40:59 AM       1     28.00      0.00     72.00      0.00      0.00      0.00
10:41:00 AM       1     23.00      0.00     77.00      0.00      0.00      0.00
10:41:01 AM       1     23.00      0.00     77.00      0.00      0.00      0.00
10:41:02 AM       1     24.00      0.00     76.00      0.00      0.00      0.00
10:41:03 AM       1     24.24      0.00     75.76      0.00      0.00      0.00
10:41:04 AM       1     19.80      0.00     80.20      0.00      0.00      0.00
10:41:05 AM       1     21.21      0.00     78.79      0.00      0.00      0.00
10:41:06 AM       1     20.79      0.00     79.21      0.00      0.00      0.00
10:41:07 AM       1     23.23      0.00     76.77      0.00      0.00      0.00
10:41:08 AM       1     18.81      0.00     81.19      0.00      0.00      0.00
10:41:09 AM       1     22.00      0.00     78.00      0.00      0.00      0.00
10:41:10 AM       1     21.00      0.00     79.00      0.00      0.00      0.00
10:41:11 AM       1     24.00      0.00     76.00      0.00      0.00      0.00
10:41:12 AM       1     21.00      0.00     79.00      0.00      0.00      0.00
Average:          1     22.40      0.00     77.60      0.00      0.00      0.00
