Linux 3.14.33-regular (node220-2) 	01/06/2017 	_x86_64_	(8 CPU)

02:56:25 AM     CPU     %user     %nice   %system   %iowait    %steal     %idle
02:56:26 AM       1     20.00      0.00     80.00      0.00      0.00      0.00
02:56:27 AM       1     23.00      0.00     77.00      0.00      0.00      0.00
02:56:28 AM       1     22.00      0.00     78.00      0.00      0.00      0.00
02:56:29 AM       1     20.00      0.00     80.00      0.00      0.00      0.00
02:56:30 AM       1     20.79      0.00     79.21      0.00      0.00      0.00
02:56:31 AM       1     24.24      0.00     75.76      0.00      0.00      0.00
02:56:32 AM       1     21.00      0.00     79.00      0.00      0.00      0.00
02:56:33 AM       1     23.76      0.00     76.24      0.00      0.00      0.00
02:56:34 AM       1     21.00      0.00     79.00      0.00      0.00      0.00
02:56:35 AM       1     25.00      0.00     75.00      0.00      0.00      0.00
02:56:36 AM       1     23.00      0.00     77.00      0.00      0.00      0.00
02:56:37 AM       1     25.25      0.00     74.75      0.00      0.00      0.00
02:56:38 AM       1     21.78      0.00     78.22      0.00      0.00      0.00
02:56:39 AM       1     16.00      0.00     84.00      0.00      0.00      0.00
02:56:40 AM       1     24.00      0.00     76.00      0.00      0.00      0.00
02:56:41 AM       1     26.26      0.00     73.74      0.00      0.00      0.00
02:56:42 AM       1     23.76      0.00     76.24      0.00      0.00      0.00
02:56:43 AM       1     22.22      0.00     77.78      0.00      0.00      0.00
02:56:44 AM       1     17.00      0.00     83.00      0.00      0.00      0.00
02:56:45 AM       1     19.00      0.00     81.00      0.00      0.00      0.00
Average:          1     21.95      0.00     78.05      0.00      0.00      0.00
