Linux 3.14.33-regular (node220-2) 	01/06/2017 	_x86_64_	(8 CPU)

11:01:26 AM     CPU     %user     %nice   %system   %iowait    %steal     %idle
11:01:27 AM       1     25.74      0.00     74.26      0.00      0.00      0.00
11:01:28 AM       1     24.00      0.00     76.00      0.00      0.00      0.00
11:01:29 AM       1     20.00      0.00     80.00      0.00      0.00      0.00
11:01:30 AM       1     25.00      0.00     75.00      0.00      0.00      0.00
11:01:31 AM       1     23.23      0.00     76.77      0.00      0.00      0.00
11:01:32 AM       1     25.00      0.00     75.00      0.00      0.00      0.00
11:01:33 AM       1     19.00      0.00     81.00      0.00      0.00      0.00
11:01:34 AM       1     26.00      0.00     74.00      0.00      0.00      0.00
11:01:35 AM       1     25.74      0.00     74.26      0.00      0.00      0.00
11:01:36 AM       1     22.22      0.00     77.78      0.00      0.00      0.00
11:01:37 AM       1     22.77      0.00     77.23      0.00      0.00      0.00
11:01:38 AM       1     23.00      0.00     77.00      0.00      0.00      0.00
11:01:39 AM       1     21.00      0.00     79.00      0.00      0.00      0.00
11:01:40 AM       1     20.00      0.00     80.00      0.00      0.00      0.00
11:01:41 AM       1     17.17      0.00     82.83      0.00      0.00      0.00
11:01:42 AM       1     17.82      0.00     82.18      0.00      0.00      0.00
11:01:43 AM       1     22.22      0.00     77.78      0.00      0.00      0.00
11:01:44 AM       1     20.79      0.00     79.21      0.00      0.00      0.00
11:01:45 AM       1     27.27      0.00     72.73      0.00      0.00      0.00
11:01:46 AM       1     26.00      0.00     74.00      0.00      0.00      0.00
Average:          1     22.70      0.00     77.30      0.00      0.00      0.00
