Linux 3.14.33-regular (node220-2) 	01/06/2017 	_x86_64_	(8 CPU)

12:19:39 PM     CPU     %user     %nice   %system   %iowait    %steal     %idle
12:19:40 PM       1     20.79      0.00     79.21      0.00      0.00      0.00
12:19:41 PM       1     18.00      0.00     82.00      0.00      0.00      0.00
12:19:42 PM       1     22.00      0.00     78.00      0.00      0.00      0.00
12:19:43 PM       1     20.20      0.00     79.80      0.00      0.00      0.00
12:19:44 PM       1     26.73      0.00     73.27      0.00      0.00      0.00
12:19:45 PM       1     23.00      0.00     77.00      0.00      0.00      0.00
12:19:46 PM       1     27.00      0.00     73.00      0.00      0.00      0.00
12:19:47 PM       1     23.00      0.00     77.00      0.00      0.00      0.00
12:19:48 PM       1     22.22      0.00     77.78      0.00      0.00      0.00
12:19:49 PM       1     24.00      0.00     76.00      0.00      0.00      0.00
12:19:50 PM       1     22.00      0.00     78.00      0.00      0.00      0.00
12:19:51 PM       1     20.00      0.00     80.00      0.00      0.00      0.00
12:19:52 PM       1     19.00      0.00     81.00      0.00      0.00      0.00
12:19:53 PM       1     21.00      0.00     79.00      0.00      0.00      0.00
12:19:54 PM       1     20.79      0.00     79.21      0.00      0.00      0.00
12:19:55 PM       1     22.22      0.00     77.78      0.00      0.00      0.00
12:19:56 PM       1     21.00      0.00     79.00      0.00      0.00      0.00
12:19:57 PM       1     22.00      0.00     78.00      0.00      0.00      0.00
12:19:58 PM       1     16.00      0.00     84.00      0.00      0.00      0.00
12:19:59 PM       1     22.00      0.00     78.00      0.00      0.00      0.00
Average:          1     21.65      0.00     78.35      0.00      0.00      0.00
