Linux 3.14.33-regular (node220-2) 	01/06/2017 	_x86_64_	(8 CPU)

07:08:46 AM     CPU     %user     %nice   %system   %iowait    %steal     %idle
07:08:47 AM       1     20.00      0.00     80.00      0.00      0.00      0.00
07:08:48 AM       1     23.76      0.00     76.24      0.00      0.00      0.00
07:08:49 AM       1     21.21      0.00     78.79      0.00      0.00      0.00
07:08:50 AM       1     22.00      0.00     78.00      0.00      0.00      0.00
07:08:51 AM       1     22.00      0.00     78.00      0.00      0.00      0.00
07:08:52 AM       1     16.83      0.00     83.17      0.00      0.00      0.00
07:08:53 AM       1     22.22      0.00     77.78      0.00      0.00      0.00
07:08:54 AM       1     26.00      0.00     74.00      0.00      0.00      0.00
07:08:55 AM       1     21.78      0.00     78.22      0.00      0.00      0.00
07:08:56 AM       1     25.25      0.00     74.75      0.00      0.00      0.00
07:08:57 AM       1     24.00      0.00     76.00      0.00      0.00      0.00
07:08:58 AM       1     21.00      0.00     79.00      0.00      0.00      0.00
07:08:59 AM       1     20.00      0.00     80.00      0.00      0.00      0.00
07:09:00 AM       1     22.00      0.00     78.00      0.00      0.00      0.00
07:09:01 AM       1     18.00      0.00     82.00      0.00      0.00      0.00
07:09:02 AM       1     23.76      0.00     76.24      0.00      0.00      0.00
07:09:03 AM       1     22.22      0.00     77.78      0.00      0.00      0.00
07:09:04 AM       1     23.00      0.00     77.00      0.00      0.00      0.00
07:09:05 AM       1     24.75      0.00     75.25      0.00      0.00      0.00
07:09:06 AM       1     22.00      0.00     78.00      0.00      0.00      0.00
Average:          1     22.09      0.00     77.91      0.00      0.00      0.00
