Linux 3.14.33-regular (node220-2) 	01/06/2017 	_x86_64_	(8 CPU)

10:51:48 AM     CPU     %user     %nice   %system   %iowait    %steal     %idle
10:51:49 AM       1     23.76      0.00     76.24      0.00      0.00      0.00
10:51:50 AM       1     24.00      0.00     76.00      0.00      0.00      0.00
10:51:51 AM       1     20.20      0.00     79.80      0.00      0.00      0.00
10:51:52 AM       1     22.22      0.00     77.78      0.00      0.00      0.00
10:51:53 AM       1     21.78      0.00     78.22      0.00      0.00      0.00
10:51:54 AM       1     24.00      0.00     76.00      0.00      0.00      0.00
10:51:55 AM       1     19.00      0.00     81.00      0.00      0.00      0.00
10:51:56 AM       1     21.00      0.00     79.00      0.00      0.00      0.00
10:51:57 AM       1     21.00      0.00     79.00      0.00      0.00      0.00
10:51:58 AM       1     20.00      0.00     80.00      0.00      0.00      0.00
10:51:59 AM       1     24.00      0.00     76.00      0.00      0.00      0.00
10:52:00 AM       1     23.00      0.00     77.00      0.00      0.00      0.00
10:52:01 AM       1     26.00      0.00     74.00      0.00      0.00      0.00
10:52:02 AM       1     19.00      0.00     81.00      0.00      0.00      0.00
10:52:03 AM       1     21.21      0.00     78.79      0.00      0.00      0.00
10:52:04 AM       1     25.00      0.00     75.00      0.00      0.00      0.00
10:52:05 AM       1     21.00      0.00     79.00      0.00      0.00      0.00
10:52:06 AM       1     19.80      0.00     80.20      0.00      0.00      0.00
10:52:07 AM       1     18.18      0.00     81.82      0.00      0.00      0.00
10:52:08 AM       1     21.00      0.00     79.00      0.00      0.00      0.00
Average:          1     21.76      0.00     78.24      0.00      0.00      0.00
