Linux 3.14.33-regular (node220-2) 	01/06/2017 	_x86_64_	(8 CPU)

12:22:12 PM     CPU     %user     %nice   %system   %iowait    %steal     %idle
12:22:13 PM       1     24.00      0.00     76.00      0.00      0.00      0.00
12:22:14 PM       1     22.00      0.00     78.00      0.00      0.00      0.00
12:22:15 PM       1     21.00      0.00     79.00      0.00      0.00      0.00
12:22:16 PM       1     22.22      0.00     77.78      0.00      0.00      0.00
12:22:17 PM       1     19.80      0.00     80.20      0.00      0.00      0.00
12:22:18 PM       1     16.83      0.00     83.17      0.00      0.00      0.00
12:22:19 PM       1     23.23      0.00     76.77      0.00      0.00      0.00
12:22:20 PM       1     18.81      0.00     81.19      0.00      0.00      0.00
12:22:21 PM       1     22.00      0.00     78.00      0.00      0.00      0.00
12:22:22 PM       1     21.21      0.00     78.79      0.00      0.00      0.00
12:22:23 PM       1     24.75      0.00     75.25      0.00      0.00      0.00
12:22:24 PM       1     23.23      0.00     76.77      0.00      0.00      0.00
12:22:25 PM       1     21.00      0.00     79.00      0.00      0.00      0.00
12:22:26 PM       1     21.00      0.00     79.00      0.00      0.00      0.00
12:22:27 PM       1     22.00      0.00     78.00      0.00      0.00      0.00
12:22:28 PM       1     22.00      0.00     78.00      0.00      0.00      0.00
12:22:29 PM       1     20.00      0.00     80.00      0.00      0.00      0.00
12:22:30 PM       1     20.00      0.00     80.00      0.00      0.00      0.00
12:22:31 PM       1     24.00      0.00     76.00      0.00      0.00      0.00
12:22:32 PM       1     20.00      0.00     80.00      0.00      0.00      0.00
Average:          1     21.45      0.00     78.55      0.00      0.00      0.00
