Linux 3.14.33-regular (node220-2) 	01/06/2017 	_x86_64_	(8 CPU)

06:22:38 AM     CPU     %user     %nice   %system   %iowait    %steal     %idle
06:22:39 AM       1     22.22      0.00     77.78      0.00      0.00      0.00
06:22:40 AM       1     22.22      0.00     77.78      0.00      0.00      0.00
06:22:41 AM       1     22.00      0.00     78.00      0.00      0.00      0.00
06:22:42 AM       1     24.00      0.00     76.00      0.00      0.00      0.00
06:22:43 AM       1     20.79      0.00     79.21      0.00      0.00      0.00
06:22:44 AM       1     23.23      0.00     76.77      0.00      0.00      0.00
06:22:45 AM       1     21.78      0.00     78.22      0.00      0.00      0.00
06:22:46 AM       1     20.20      0.00     79.80      0.00      0.00      0.00
06:22:47 AM       1     20.79      0.00     79.21      0.00      0.00      0.00
06:22:48 AM       1     23.23      0.00     76.77      0.00      0.00      0.00
06:22:49 AM       1     24.75      0.00     75.25      0.00      0.00      0.00
06:22:50 AM       1     24.00      0.00     76.00      0.00      0.00      0.00
06:22:51 AM       1     20.00      0.00     80.00      0.00      0.00      0.00
06:22:52 AM       1     19.00      0.00     81.00      0.00      0.00      0.00
06:22:53 AM       1     18.18      0.00     81.82      0.00      0.00      0.00
06:22:54 AM       1     22.77      0.00     77.23      0.00      0.00      0.00
06:22:55 AM       1     19.19      0.00     80.81      0.00      0.00      0.00
06:22:56 AM       1     22.77      0.00     77.23      0.00      0.00      0.00
06:22:57 AM       1     22.00      0.00     78.00      0.00      0.00      0.00
06:22:58 AM       1     22.00      0.00     78.00      0.00      0.00      0.00
Average:          1     21.76      0.00     78.24      0.00      0.00      0.00
