Linux 3.14.33-regular (node220-2) 	01/06/2017 	_x86_64_	(8 CPU)

08:46:10 AM     CPU     %user     %nice   %system   %iowait    %steal     %idle
08:46:11 AM       1     23.23      0.00     76.77      0.00      0.00      0.00
08:46:12 AM       1     20.79      0.00     79.21      0.00      0.00      0.00
08:46:13 AM       1     23.23      0.00     76.77      0.00      0.00      0.00
08:46:14 AM       1     22.77      0.00     77.23      0.00      0.00      0.00
08:46:15 AM       1     21.00      0.00     79.00      0.00      0.00      0.00
08:46:16 AM       1     21.21      0.00     78.79      0.00      0.00      0.00
08:46:17 AM       1     22.77      0.00     77.23      0.00      0.00      0.00
08:46:18 AM       1     24.24      0.00     75.76      0.00      0.00      0.00
08:46:19 AM       1     26.00      0.00     74.00      0.00      0.00      0.00
08:46:20 AM       1     19.00      0.00     81.00      0.00      0.00      0.00
08:46:21 AM       1     23.00      0.00     77.00      0.00      0.00      0.00
08:46:22 AM       1     18.00      0.00     82.00      0.00      0.00      0.00
08:46:23 AM       1     22.00      0.00     78.00      0.00      0.00      0.00
08:46:24 AM       1     19.00      0.00     81.00      0.00      0.00      0.00
08:46:25 AM       1     26.00      0.00     74.00      0.00      0.00      0.00
08:46:26 AM       1     18.00      0.00     82.00      0.00      0.00      0.00
08:46:27 AM       1     21.00      0.00     79.00      0.00      0.00      0.00
08:46:28 AM       1     21.00      0.00     79.00      0.00      0.00      0.00
08:46:29 AM       1     17.82      0.00     82.18      0.00      0.00      0.00
08:46:30 AM       1     25.25      0.00     74.75      0.00      0.00      0.00
Average:          1     21.76      0.00     78.24      0.00      0.00      0.00
