Linux 3.14.33-regular (node220-2) 	01/06/2017 	_x86_64_	(8 CPU)

09:55:20 AM     CPU     %user     %nice   %system   %iowait    %steal     %idle
09:55:21 AM       1     22.00      0.00     78.00      0.00      0.00      0.00
09:55:22 AM       1     24.00      0.00     76.00      0.00      0.00      0.00
09:55:23 AM       1     25.00      0.00     75.00      0.00      0.00      0.00
09:55:24 AM       1     25.00      0.00     75.00      0.00      0.00      0.00
09:55:25 AM       1     26.00      0.00     74.00      0.00      0.00      0.00
09:55:26 AM       1     19.00      0.00     81.00      0.00      0.00      0.00
09:55:27 AM       1     23.00      0.00     77.00      0.00      0.00      0.00
09:55:28 AM       1     22.77      0.00     77.23      0.00      0.00      0.00
09:55:29 AM       1     20.00      0.00     80.00      0.00      0.00      0.00
09:55:30 AM       1     23.00      0.00     77.00      0.00      0.00      0.00
09:55:31 AM       1     20.00      0.00     80.00      0.00      0.00      0.00
09:55:32 AM       1     24.00      0.00     76.00      0.00      0.00      0.00
09:55:33 AM       1     22.00      0.00     78.00      0.00      0.00      0.00
09:55:34 AM       1     24.24      0.00     75.76      0.00      0.00      0.00
09:55:35 AM       1     26.00      0.00     74.00      0.00      0.00      0.00
09:55:36 AM       1     23.00      0.00     77.00      0.00      0.00      0.00
09:55:37 AM       1     26.73      0.00     73.27      0.00      0.00      0.00
09:55:38 AM       1     21.21      0.00     78.79      0.00      0.00      0.00
09:55:39 AM       1     16.00      0.00     84.00      0.00      0.00      0.00
09:55:40 AM       1     22.77      0.00     77.23      0.00      0.00      0.00
Average:          1     22.79      0.00     77.21      0.00      0.00      0.00
