Linux 3.14.33-regular (node220-2) 	01/06/2017 	_x86_64_	(8 CPU)

10:10:05 AM     CPU     %user     %nice   %system   %iowait    %steal     %idle
10:10:06 AM       1     22.22      0.00     77.78      0.00      0.00      0.00
10:10:07 AM       1     20.00      0.00     80.00      0.00      0.00      0.00
10:10:08 AM       1     23.00      0.00     77.00      0.00      0.00      0.00
10:10:09 AM       1     19.00      0.00     81.00      0.00      0.00      0.00
10:10:10 AM       1     21.00      0.00     79.00      0.00      0.00      0.00
10:10:11 AM       1     24.00      0.00     76.00      0.00      0.00      0.00
10:10:12 AM       1     24.00      0.00     76.00      0.00      0.00      0.00
10:10:13 AM       1     22.00      0.00     78.00      0.00      0.00      0.00
10:10:14 AM       1     23.00      0.00     77.00      0.00      0.00      0.00
10:10:15 AM       1     25.00      0.00     75.00      0.00      0.00      0.00
10:10:16 AM       1     21.00      0.00     79.00      0.00      0.00      0.00
10:10:17 AM       1     23.76      0.00     76.24      0.00      0.00      0.00
10:10:18 AM       1     18.00      0.00     82.00      0.00      0.00      0.00
10:10:19 AM       1     23.23      0.00     76.77      0.00      0.00      0.00
10:10:20 AM       1     23.00      0.00     77.00      0.00      0.00      0.00
10:10:21 AM       1     24.00      0.00     76.00      0.00      0.00      0.00
10:10:22 AM       1     24.00      0.00     76.00      0.00      0.00      0.00
10:10:23 AM       1     22.00      0.00     78.00      0.00      0.00      0.00
10:10:24 AM       1     18.00      0.00     82.00      0.00      0.00      0.00
10:10:25 AM       1     21.78      0.00     78.22      0.00      0.00      0.00
Average:          1     22.10      0.00     77.90      0.00      0.00      0.00
