Linux 3.14.33-regular (node220-2) 	01/06/2017 	_x86_64_	(8 CPU)

11:42:28 AM     CPU     %user     %nice   %system   %iowait    %steal     %idle
11:42:29 AM       1     27.00      0.00     73.00      0.00      0.00      0.00
11:42:30 AM       1     20.79      0.00     79.21      0.00      0.00      0.00
11:42:31 AM       1     21.00      0.00     79.00      0.00      0.00      0.00
11:42:32 AM       1     23.00      0.00     77.00      0.00      0.00      0.00
11:42:33 AM       1     26.00      0.00     74.00      0.00      0.00      0.00
11:42:34 AM       1     22.00      0.00     78.00      0.00      0.00      0.00
11:42:35 AM       1     22.22      0.00     77.78      0.00      0.00      0.00
11:42:36 AM       1     24.00      0.00     76.00      0.00      0.00      0.00
11:42:37 AM       1     21.00      0.00     79.00      0.00      0.00      0.00
11:42:38 AM       1     23.00      0.00     77.00      0.00      0.00      0.00
11:42:39 AM       1     19.00      0.00     81.00      0.00      0.00      0.00
11:42:40 AM       1     22.77      0.00     77.23      0.00      0.00      0.00
11:42:41 AM       1     16.00      0.00     84.00      0.00      0.00      0.00
11:42:42 AM       1     18.00      0.00     82.00      0.00      0.00      0.00
11:42:43 AM       1     22.00      0.00     78.00      0.00      0.00      0.00
11:42:44 AM       1     27.00      0.00     73.00      0.00      0.00      0.00
11:42:45 AM       1     21.21      0.00     78.79      0.00      0.00      0.00
11:42:46 AM       1     21.78      0.00     78.22      0.00      0.00      0.00
11:42:47 AM       1     20.20      0.00     79.80      0.00      0.00      0.00
11:42:48 AM       1     26.73      0.00     73.27      0.00      0.00      0.00
Average:          1     22.24      0.00     77.76      0.00      0.00      0.00
