Linux 3.14.33-regular (node220-2) 	01/06/2017 	_x86_64_	(8 CPU)

09:41:14 AM     CPU     %user     %nice   %system   %iowait    %steal     %idle
09:41:15 AM       1     19.80      0.00     80.20      0.00      0.00      0.00
09:41:16 AM       1     21.00      0.00     79.00      0.00      0.00      0.00
09:41:17 AM       1     22.77      0.00     77.23      0.00      0.00      0.00
09:41:18 AM       1     20.20      0.00     79.80      0.00      0.00      0.00
09:41:19 AM       1     22.77      0.00     77.23      0.00      0.00      0.00
09:41:20 AM       1     16.16      0.00     83.84      0.00      0.00      0.00
09:41:21 AM       1     19.00      0.00     81.00      0.00      0.00      0.00
09:41:22 AM       1     27.00      0.00     73.00      0.00      0.00      0.00
09:41:23 AM       1     24.00      0.00     76.00      0.00      0.00      0.00
09:41:24 AM       1     26.00      0.00     74.00      0.00      0.00      0.00
09:41:25 AM       1     20.79      0.00     79.21      0.00      0.00      0.00
09:41:26 AM       1     19.19      0.00     80.81      0.00      0.00      0.00
09:41:27 AM       1     28.00      0.00     72.00      0.00      0.00      0.00
09:41:28 AM       1     23.76      0.00     76.24      0.00      0.00      0.00
09:41:29 AM       1     23.23      0.00     76.77      0.00      0.00      0.00
09:41:30 AM       1     20.00      0.00     80.00      0.00      0.00      0.00
09:41:31 AM       1     20.00      0.00     80.00      0.00      0.00      0.00
09:41:32 AM       1     22.77      0.00     77.23      0.00      0.00      0.00
09:41:33 AM       1     17.17      0.00     82.83      0.00      0.00      0.00
09:41:34 AM       1     23.76      0.00     76.24      0.00      0.00      0.00
Average:          1     21.88      0.00     78.12      0.00      0.00      0.00
