Linux 3.14.33-regular (node220-2) 	01/06/2017 	_x86_64_	(8 CPU)

07:37:37 AM     CPU     %user     %nice   %system   %iowait    %steal     %idle
07:37:38 AM       1     28.00      0.00     72.00      0.00      0.00      0.00
07:37:39 AM       1     24.00      0.00     76.00      0.00      0.00      0.00
07:37:40 AM       1     21.00      0.00     79.00      0.00      0.00      0.00
07:37:41 AM       1     17.82      0.00     82.18      0.00      0.00      0.00
07:37:42 AM       1     22.22      0.00     77.78      0.00      0.00      0.00
07:37:43 AM       1     23.00      0.00     77.00      0.00      0.00      0.00
07:37:44 AM       1     20.00      0.00     80.00      0.00      0.00      0.00
07:37:45 AM       1     22.00      0.00     78.00      0.00      0.00      0.00
07:37:46 AM       1     18.81      0.00     81.19      0.00      0.00      0.00
07:37:47 AM       1     21.21      0.00     78.79      0.00      0.00      0.00
07:37:48 AM       1     22.77      0.00     77.23      0.00      0.00      0.00
07:37:49 AM       1     22.22      0.00     77.78      0.00      0.00      0.00
07:37:50 AM       1     24.00      0.00     76.00      0.00      0.00      0.00
07:37:51 AM       1     16.83      0.00     83.17      0.00      0.00      0.00
07:37:52 AM       1     19.00      0.00     81.00      0.00      0.00      0.00
07:37:53 AM       1     23.00      0.00     77.00      0.00      0.00      0.00
07:37:54 AM       1     24.00      0.00     76.00      0.00      0.00      0.00
07:37:55 AM       1     22.00      0.00     78.00      0.00      0.00      0.00
07:37:56 AM       1     21.00      0.00     79.00      0.00      0.00      0.00
07:37:57 AM       1     21.00      0.00     79.00      0.00      0.00      0.00
Average:          1     21.69      0.00     78.31      0.00      0.00      0.00
