Linux 3.14.33-regular (node220-2) 	01/06/2017 	_x86_64_	(8 CPU)

07:06:13 AM     CPU     %user     %nice   %system   %iowait    %steal     %idle
07:06:14 AM       1     22.00      0.00     78.00      0.00      0.00      0.00
07:06:15 AM       1     24.00      0.00     76.00      0.00      0.00      0.00
07:06:16 AM       1     22.00      0.00     78.00      0.00      0.00      0.00
07:06:17 AM       1     23.00      0.00     77.00      0.00      0.00      0.00
07:06:18 AM       1     25.00      0.00     75.00      0.00      0.00      0.00
07:06:19 AM       1     19.00      0.00     81.00      0.00      0.00      0.00
07:06:20 AM       1     23.00      0.00     77.00      0.00      0.00      0.00
07:06:21 AM       1     24.00      0.00     76.00      0.00      0.00      0.00
07:06:22 AM       1     17.00      0.00     83.00      0.00      0.00      0.00
07:06:23 AM       1     23.00      0.00     77.00      0.00      0.00      0.00
07:06:24 AM       1     18.00      0.00     82.00      0.00      0.00      0.00
07:06:25 AM       1     20.00      0.00     80.00      0.00      0.00      0.00
07:06:26 AM       1     26.00      0.00     74.00      0.00      0.00      0.00
07:06:27 AM       1     19.00      0.00     81.00      0.00      0.00      0.00
07:06:28 AM       1     20.79      0.00     79.21      0.00      0.00      0.00
07:06:29 AM       1     24.24      0.00     75.76      0.00      0.00      0.00
07:06:30 AM       1     21.00      0.00     79.00      0.00      0.00      0.00
07:06:31 AM       1     26.73      0.00     73.27      0.00      0.00      0.00
07:06:32 AM       1     22.00      0.00     78.00      0.00      0.00      0.00
07:06:33 AM       1     25.25      0.00     74.75      0.00      0.00      0.00
Average:          1     22.25      0.00     77.75      0.00      0.00      0.00
