Linux 3.14.33-regular (node220-2) 	01/06/2017 	_x86_64_	(8 CPU)

08:07:05 AM     CPU     %user     %nice   %system   %iowait    %steal     %idle
08:07:06 AM       1     21.00      0.00     79.00      0.00      0.00      0.00
08:07:07 AM       1     21.78      0.00     78.22      0.00      0.00      0.00
08:07:08 AM       1     22.22      0.00     77.78      0.00      0.00      0.00
08:07:09 AM       1     23.76      0.00     76.24      0.00      0.00      0.00
08:07:10 AM       1     20.20      0.00     79.80      0.00      0.00      0.00
08:07:11 AM       1     24.75      0.00     75.25      0.00      0.00      0.00
08:07:12 AM       1     21.00      0.00     79.00      0.00      0.00      0.00
08:07:13 AM       1     28.28      0.00     71.72      0.00      0.00      0.00
08:07:14 AM       1     22.00      0.00     78.00      0.00      0.00      0.00
08:07:15 AM       1     26.00      0.00     74.00      0.00      0.00      0.00
08:07:16 AM       1     18.00      0.00     82.00      0.00      0.00      0.00
08:07:17 AM       1     22.77      0.00     77.23      0.00      0.00      0.00
08:07:18 AM       1     24.00      0.00     76.00      0.00      0.00      0.00
08:07:19 AM       1     23.23      0.00     76.77      0.00      0.00      0.00
08:07:20 AM       1     22.00      0.00     78.00      0.00      0.00      0.00
08:07:21 AM       1     22.00      0.00     78.00      0.00      0.00      0.00
08:07:22 AM       1     30.00      0.00     70.00      0.00      0.00      0.00
08:07:23 AM       1     23.76      0.00     76.24      0.00      0.00      0.00
08:07:24 AM       1     24.00      0.00     76.00      0.00      0.00      0.00
08:07:25 AM       1     20.00      0.00     80.00      0.00      0.00      0.00
Average:          1     23.04      0.00     76.96      0.00      0.00      0.00
