Linux 3.14.33-regular (node220-2) 	01/06/2017 	_x86_64_	(8 CPU)

03:43:45 AM     CPU     %user     %nice   %system   %iowait    %steal     %idle
03:43:46 AM       1     19.00      0.00     81.00      0.00      0.00      0.00
03:43:47 AM       1     23.00      0.00     77.00      0.00      0.00      0.00
03:43:48 AM       1     19.00      0.00     81.00      0.00      0.00      0.00
03:43:49 AM       1     22.00      0.00     78.00      0.00      0.00      0.00
03:43:50 AM       1     24.00      0.00     76.00      0.00      0.00      0.00
03:43:51 AM       1     26.00      0.00     74.00      0.00      0.00      0.00
03:43:52 AM       1     20.00      0.00     80.00      0.00      0.00      0.00
03:43:53 AM       1     24.00      0.00     76.00      0.00      0.00      0.00
03:43:54 AM       1     25.00      0.00     75.00      0.00      0.00      0.00
03:43:55 AM       1     20.00      0.00     80.00      0.00      0.00      0.00
03:43:56 AM       1     23.00      0.00     77.00      0.00      0.00      0.00
03:43:57 AM       1     19.00      0.00     81.00      0.00      0.00      0.00
03:43:58 AM       1     24.00      0.00     76.00      0.00      0.00      0.00
03:43:59 AM       1     22.00      0.00     78.00      0.00      0.00      0.00
03:44:00 AM       1     22.00      0.00     78.00      0.00      0.00      0.00
03:44:01 AM       1     23.00      0.00     77.00      0.00      0.00      0.00
03:44:02 AM       1     22.00      0.00     78.00      0.00      0.00      0.00
03:44:03 AM       1     24.00      0.00     76.00      0.00      0.00      0.00
03:44:04 AM       1     23.00      0.00     77.00      0.00      0.00      0.00
03:44:05 AM       1     19.00      0.00     81.00      0.00      0.00      0.00
Average:          1     22.15      0.00     77.85      0.00      0.00      0.00
