Linux 3.14.33-regular (node220-2) 	01/06/2017 	_x86_64_	(8 CPU)

08:54:33 AM     CPU     %user     %nice   %system   %iowait    %steal     %idle
08:54:34 AM       1     23.00      0.00     77.00      0.00      0.00      0.00
08:54:35 AM       1     20.20      0.00     79.80      0.00      0.00      0.00
08:54:36 AM       1     20.79      0.00     79.21      0.00      0.00      0.00
08:54:37 AM       1     26.26      0.00     73.74      0.00      0.00      0.00
08:54:38 AM       1     22.00      0.00     78.00      0.00      0.00      0.00
08:54:39 AM       1     21.78      0.00     78.22      0.00      0.00      0.00
08:54:40 AM       1     24.00      0.00     76.00      0.00      0.00      0.00
08:54:41 AM       1     26.00      0.00     74.00      0.00      0.00      0.00
08:54:42 AM       1     22.00      0.00     78.00      0.00      0.00      0.00
08:54:43 AM       1     19.00      0.00     81.00      0.00      0.00      0.00
08:54:44 AM       1     23.00      0.00     77.00      0.00      0.00      0.00
08:54:45 AM       1     20.20      0.00     79.80      0.00      0.00      0.00
08:54:46 AM       1     20.79      0.00     79.21      0.00      0.00      0.00
08:54:47 AM       1     23.00      0.00     77.00      0.00      0.00      0.00
08:54:48 AM       1     23.23      0.00     76.77      0.00      0.00      0.00
08:54:49 AM       1     21.00      0.00     79.00      0.00      0.00      0.00
08:54:50 AM       1     24.00      0.00     76.00      0.00      0.00      0.00
08:54:51 AM       1     23.76      0.00     76.24      0.00      0.00      0.00
08:54:52 AM       1     22.00      0.00     78.00      0.00      0.00      0.00
08:54:53 AM       1     24.24      0.00     75.76      0.00      0.00      0.00
Average:          1     22.51      0.00     77.49      0.00      0.00      0.00
