Linux 3.14.33-regular (node220-2) 	01/06/2017 	_x86_64_	(8 CPU)

09:48:17 AM     CPU     %user     %nice   %system   %iowait    %steal     %idle
09:48:18 AM       1     21.21      0.00     78.79      0.00      0.00      0.00
09:48:19 AM       1     20.00      0.00     80.00      0.00      0.00      0.00
09:48:20 AM       1     20.00      0.00     80.00      0.00      0.00      0.00
09:48:21 AM       1     18.00      0.00     82.00      0.00      0.00      0.00
09:48:22 AM       1     20.79      0.00     79.21      0.00      0.00      0.00
09:48:23 AM       1     25.25      0.00     74.75      0.00      0.00      0.00
09:48:24 AM       1     24.00      0.00     76.00      0.00      0.00      0.00
09:48:25 AM       1     20.00      0.00     80.00      0.00      0.00      0.00
09:48:26 AM       1     26.00      0.00     74.00      0.00      0.00      0.00
09:48:27 AM       1     18.81      0.00     81.19      0.00      0.00      0.00
09:48:28 AM       1     21.00      0.00     79.00      0.00      0.00      0.00
09:48:29 AM       1     26.00      0.00     74.00      0.00      0.00      0.00
09:48:30 AM       1     20.00      0.00     80.00      0.00      0.00      0.00
09:48:31 AM       1     24.00      0.00     76.00      0.00      0.00      0.00
09:48:32 AM       1     22.77      0.00     77.23      0.00      0.00      0.00
09:48:33 AM       1     23.23      0.00     76.77      0.00      0.00      0.00
09:48:34 AM       1     21.00      0.00     79.00      0.00      0.00      0.00
09:48:35 AM       1     21.00      0.00     79.00      0.00      0.00      0.00
09:48:36 AM       1     24.00      0.00     76.00      0.00      0.00      0.00
09:48:37 AM       1     18.00      0.00     82.00      0.00      0.00      0.00
Average:          1     21.75      0.00     78.25      0.00      0.00      0.00
