Linux 3.14.33-regular (node220-2) 	01/06/2017 	_x86_64_	(8 CPU)

05:40:21 AM     CPU     %user     %nice   %system   %iowait    %steal     %idle
05:40:22 AM       1     21.00      0.00     79.00      0.00      0.00      0.00
05:40:23 AM       1     21.00      0.00     79.00      0.00      0.00      0.00
05:40:24 AM       1     23.00      0.00     77.00      0.00      0.00      0.00
05:40:25 AM       1     26.00      0.00     74.00      0.00      0.00      0.00
05:40:26 AM       1     19.00      0.00     81.00      0.00      0.00      0.00
05:40:27 AM       1     17.00      0.00     83.00      0.00      0.00      0.00
05:40:28 AM       1     23.00      0.00     77.00      0.00      0.00      0.00
05:40:29 AM       1     24.00      0.00     76.00      0.00      0.00      0.00
05:40:30 AM       1     20.20      0.00     79.80      0.00      0.00      0.00
05:40:31 AM       1     19.80      0.00     80.20      0.00      0.00      0.00
05:40:32 AM       1     18.18      0.00     81.82      0.00      0.00      0.00
05:40:33 AM       1     22.00      0.00     78.00      0.00      0.00      0.00
05:40:34 AM       1     21.78      0.00     78.22      0.00      0.00      0.00
05:40:35 AM       1     21.00      0.00     79.00      0.00      0.00      0.00
05:40:36 AM       1     22.77      0.00     77.23      0.00      0.00      0.00
05:40:37 AM       1     22.22      0.00     77.78      0.00      0.00      0.00
05:40:38 AM       1     23.00      0.00     77.00      0.00      0.00      0.00
05:40:39 AM       1     18.00      0.00     82.00      0.00      0.00      0.00
05:40:40 AM       1     27.00      0.00     73.00      0.00      0.00      0.00
05:40:41 AM       1     25.00      0.00     75.00      0.00      0.00      0.00
Average:          1     21.75      0.00     78.25      0.00      0.00      0.00
