Linux 3.14.33-regular (node220-2) 	01/06/2017 	_x86_64_	(8 CPU)

11:36:05 AM     CPU     %user     %nice   %system   %iowait    %steal     %idle
11:36:06 AM       1     23.23      0.00     76.77      0.00      0.00      0.00
11:36:07 AM       1     18.00      0.00     82.00      0.00      0.00      0.00
11:36:08 AM       1     24.75      0.00     75.25      0.00      0.00      0.00
11:36:09 AM       1     22.22      0.00     77.78      0.00      0.00      0.00
11:36:10 AM       1     23.00      0.00     77.00      0.00      0.00      0.00
11:36:11 AM       1     19.00      0.00     81.00      0.00      0.00      0.00
11:36:12 AM       1     25.00      0.00     75.00      0.00      0.00      0.00
11:36:13 AM       1     26.00      0.00     74.00      0.00      0.00      0.00
11:36:14 AM       1     21.00      0.00     79.00      0.00      0.00      0.00
11:36:15 AM       1     25.00      0.00     75.00      0.00      0.00      0.00
11:36:16 AM       1     22.00      0.00     78.00      0.00      0.00      0.00
11:36:17 AM       1     26.00      0.00     74.00      0.00      0.00      0.00
11:36:18 AM       1     22.00      0.00     78.00      0.00      0.00      0.00
11:36:19 AM       1     24.00      0.00     76.00      0.00      0.00      0.00
11:36:20 AM       1     25.74      0.00     74.26      0.00      0.00      0.00
11:36:21 AM       1     20.20      0.00     79.80      0.00      0.00      0.00
11:36:22 AM       1     21.00      0.00     79.00      0.00      0.00      0.00
11:36:23 AM       1     19.00      0.00     81.00      0.00      0.00      0.00
11:36:24 AM       1     23.00      0.00     77.00      0.00      0.00      0.00
11:36:25 AM       1     22.00      0.00     78.00      0.00      0.00      0.00
Average:          1     22.61      0.00     77.39      0.00      0.00      0.00
