Linux 3.14.33-regular (node220-2) 	01/06/2017 	_x86_64_	(8 CPU)

05:09:35 AM     CPU     %user     %nice   %system   %iowait    %steal     %idle
05:09:36 AM       1     24.00      0.00     76.00      0.00      0.00      0.00
05:09:37 AM       1     22.00      0.00     78.00      0.00      0.00      0.00
05:09:38 AM       1     24.75      0.00     75.25      0.00      0.00      0.00
05:09:39 AM       1     19.19      0.00     80.81      0.00      0.00      0.00
05:09:40 AM       1     22.00      0.00     78.00      0.00      0.00      0.00
05:09:41 AM       1     20.00      0.00     80.00      0.00      0.00      0.00
05:09:42 AM       1     24.00      0.00     76.00      0.00      0.00      0.00
05:09:43 AM       1     22.00      0.00     78.00      0.00      0.00      0.00
05:09:44 AM       1     21.21      0.00     78.79      0.00      0.00      0.00
05:09:45 AM       1     23.76      0.00     76.24      0.00      0.00      0.00
05:09:46 AM       1     21.00      0.00     79.00      0.00      0.00      0.00
05:09:47 AM       1     19.00      0.00     81.00      0.00      0.00      0.00
05:09:48 AM       1     19.00      0.00     81.00      0.00      0.00      0.00
05:09:49 AM       1     20.00      0.00     80.00      0.00      0.00      0.00
05:09:50 AM       1     23.00      0.00     77.00      0.00      0.00      0.00
05:09:51 AM       1     24.00      0.00     76.00      0.00      0.00      0.00
05:09:52 AM       1     27.00      0.00     73.00      0.00      0.00      0.00
05:09:53 AM       1     21.00      0.00     79.00      0.00      0.00      0.00
05:09:54 AM       1     19.00      0.00     81.00      0.00      0.00      0.00
05:09:55 AM       1     20.00      0.00     80.00      0.00      0.00      0.00
Average:          1     21.80      0.00     78.20      0.00      0.00      0.00
