Linux 3.14.33-regular (node220-2) 	01/06/2017 	_x86_64_	(8 CPU)

05:32:39 AM     CPU     %user     %nice   %system   %iowait    %steal     %idle
05:32:40 AM       1     18.81      0.00     81.19      0.00      0.00      0.00
05:32:41 AM       1     21.00      0.00     79.00      0.00      0.00      0.00
05:32:42 AM       1     18.18      0.00     81.82      0.00      0.00      0.00
05:32:43 AM       1     20.00      0.00     80.00      0.00      0.00      0.00
05:32:44 AM       1     20.00      0.00     80.00      0.00      0.00      0.00
05:32:45 AM       1     23.00      0.00     77.00      0.00      0.00      0.00
05:32:46 AM       1     19.80      0.00     80.20      0.00      0.00      0.00
05:32:47 AM       1     26.00      0.00     74.00      0.00      0.00      0.00
05:32:48 AM       1     21.00      0.00     79.00      0.00      0.00      0.00
05:32:49 AM       1     16.00      0.00     84.00      0.00      0.00      0.00
05:32:50 AM       1     20.00      0.00     80.00      0.00      0.00      0.00
05:32:51 AM       1     22.00      0.00     78.00      0.00      0.00      0.00
05:32:52 AM       1     23.00      0.00     77.00      0.00      0.00      0.00
05:32:53 AM       1     19.00      0.00     81.00      0.00      0.00      0.00
05:32:54 AM       1     21.21      0.00     78.79      0.00      0.00      0.00
05:32:55 AM       1     21.00      0.00     79.00      0.00      0.00      0.00
05:32:56 AM       1     25.00      0.00     75.00      0.00      0.00      0.00
05:32:57 AM       1     26.00      0.00     74.00      0.00      0.00      0.00
05:32:58 AM       1     25.00      0.00     75.00      0.00      0.00      0.00
05:32:59 AM       1     19.00      0.00     81.00      0.00      0.00      0.00
Average:          1     21.25      0.00     78.75      0.00      0.00      0.00
