Linux 3.14.33-regular (node220-2) 	01/06/2017 	_x86_64_	(8 CPU)

11:04:02 AM     CPU     %user     %nice   %system   %iowait    %steal     %idle
11:04:03 AM       1     27.00      0.00     73.00      0.00      0.00      0.00
11:04:04 AM       1     24.00      0.00     76.00      0.00      0.00      0.00
11:04:05 AM       1     24.00      0.00     76.00      0.00      0.00      0.00
11:04:06 AM       1     21.00      0.00     79.00      0.00      0.00      0.00
11:04:07 AM       1     24.00      0.00     76.00      0.00      0.00      0.00
11:04:08 AM       1     29.00      0.00     71.00      0.00      0.00      0.00
11:04:09 AM       1     19.00      0.00     81.00      0.00      0.00      0.00
11:04:10 AM       1     26.00      0.00     74.00      0.00      0.00      0.00
11:04:11 AM       1     18.00      0.00     82.00      0.00      0.00      0.00
11:04:12 AM       1     20.00      0.00     80.00      0.00      0.00      0.00
11:04:13 AM       1     25.74      0.00     74.26      0.00      0.00      0.00
11:04:14 AM       1     21.21      0.00     78.79      0.00      0.00      0.00
11:04:15 AM       1     25.00      0.00     75.00      0.00      0.00      0.00
11:04:16 AM       1     21.78      0.00     78.22      0.00      0.00      0.00
11:04:17 AM       1     24.24      0.00     75.76      0.00      0.00      0.00
11:04:18 AM       1     26.00      0.00     74.00      0.00      0.00      0.00
11:04:19 AM       1     19.80      0.00     80.20      0.00      0.00      0.00
11:04:20 AM       1     21.00      0.00     79.00      0.00      0.00      0.00
11:04:21 AM       1     26.00      0.00     74.00      0.00      0.00      0.00
11:04:22 AM       1     17.17      0.00     82.83      0.00      0.00      0.00
Average:          1     23.00      0.00     77.00      0.00      0.00      0.00
