Linux 3.14.33-regular (node220-2) 	01/06/2017 	_x86_64_	(8 CPU)

10:10:43 AM     CPU     %user     %nice   %system   %iowait    %steal     %idle
10:10:44 AM       1     23.23      0.00     76.77      0.00      0.00      0.00
10:10:45 AM       1     19.80      0.00     80.20      0.00      0.00      0.00
10:10:46 AM       1     23.00      0.00     77.00      0.00      0.00      0.00
10:10:47 AM       1     24.00      0.00     76.00      0.00      0.00      0.00
10:10:48 AM       1     24.00      0.00     76.00      0.00      0.00      0.00
10:10:49 AM       1     19.00      0.00     81.00      0.00      0.00      0.00
10:10:50 AM       1     26.00      0.00     74.00      0.00      0.00      0.00
10:10:51 AM       1     28.00      0.00     72.00      0.00      0.00      0.00
10:10:52 AM       1     22.00      0.00     78.00      0.00      0.00      0.00
10:10:53 AM       1     20.79      0.00     79.21      0.00      0.00      0.00
10:10:54 AM       1     22.00      0.00     78.00      0.00      0.00      0.00
10:10:55 AM       1     20.00      0.00     80.00      0.00      0.00      0.00
10:10:56 AM       1     24.24      0.00     75.76      0.00      0.00      0.00
10:10:57 AM       1     20.00      0.00     80.00      0.00      0.00      0.00
10:10:58 AM       1     27.00      0.00     73.00      0.00      0.00      0.00
10:10:59 AM       1     18.00      0.00     82.00      0.00      0.00      0.00
10:11:00 AM       1     18.00      0.00     82.00      0.00      0.00      0.00
10:11:01 AM       1     19.19      0.00     80.81      0.00      0.00      0.00
10:11:02 AM       1     25.74      0.00     74.26      0.00      0.00      0.00
10:11:03 AM       1     30.00      0.00     70.00      0.00      0.00      0.00
Average:          1     22.70      0.00     77.30      0.00      0.00      0.00
