Linux 3.14.33-regular (node220-2) 	01/06/2017 	_x86_64_	(8 CPU)

04:51:01 AM     CPU     %user     %nice   %system   %iowait    %steal     %idle
04:51:02 AM       1     22.00      0.00     78.00      0.00      0.00      0.00
04:51:03 AM       1     23.00      0.00     77.00      0.00      0.00      0.00
04:51:04 AM       1     20.00      0.00     80.00      0.00      0.00      0.00
04:51:05 AM       1     23.00      0.00     77.00      0.00      0.00      0.00
04:51:06 AM       1     21.00      0.00     79.00      0.00      0.00      0.00
04:51:07 AM       1     21.21      0.00     78.79      0.00      0.00      0.00
04:51:08 AM       1     26.73      0.00     73.27      0.00      0.00      0.00
04:51:09 AM       1     21.21      0.00     78.79      0.00      0.00      0.00
04:51:10 AM       1     21.00      0.00     79.00      0.00      0.00      0.00
04:51:11 AM       1     19.80      0.00     80.20      0.00      0.00      0.00
04:51:12 AM       1     21.00      0.00     79.00      0.00      0.00      0.00
04:51:13 AM       1     21.00      0.00     79.00      0.00      0.00      0.00
04:51:14 AM       1     25.00      0.00     75.00      0.00      0.00      0.00
04:51:15 AM       1     21.00      0.00     79.00      0.00      0.00      0.00
04:51:16 AM       1     24.00      0.00     76.00      0.00      0.00      0.00
04:51:17 AM       1     19.00      0.00     81.00      0.00      0.00      0.00
04:51:18 AM       1     22.00      0.00     78.00      0.00      0.00      0.00
04:51:19 AM       1     24.00      0.00     76.00      0.00      0.00      0.00
04:51:20 AM       1     26.26      0.00     73.74      0.00      0.00      0.00
04:51:21 AM       1     26.73      0.00     73.27      0.00      0.00      0.00
Average:          1     22.45      0.00     77.55      0.00      0.00      0.00
