Linux 3.14.33-regular (node220-2) 	01/06/2017 	_x86_64_	(8 CPU)

08:16:43 AM     CPU     %user     %nice   %system   %iowait    %steal     %idle
08:16:44 AM       1     23.00      0.00     77.00      0.00      0.00      0.00
08:16:45 AM       1     24.75      0.00     75.25      0.00      0.00      0.00
08:16:46 AM       1     24.00      0.00     76.00      0.00      0.00      0.00
08:16:47 AM       1     22.22      0.00     77.78      0.00      0.00      0.00
08:16:48 AM       1     21.00      0.00     79.00      0.00      0.00      0.00
08:16:49 AM       1     20.00      0.00     80.00      0.00      0.00      0.00
08:16:50 AM       1     18.81      0.00     81.19      0.00      0.00      0.00
08:16:51 AM       1     18.18      0.00     81.82      0.00      0.00      0.00
08:16:52 AM       1     22.00      0.00     78.00      0.00      0.00      0.00
08:16:53 AM       1     23.76      0.00     76.24      0.00      0.00      0.00
08:16:54 AM       1     19.00      0.00     81.00      0.00      0.00      0.00
08:16:55 AM       1     28.00      0.00     72.00      0.00      0.00      0.00
08:16:56 AM       1     17.00      0.00     83.00      0.00      0.00      0.00
08:16:57 AM       1     25.00      0.00     75.00      0.00      0.00      0.00
08:16:58 AM       1     23.00      0.00     77.00      0.00      0.00      0.00
08:16:59 AM       1     20.00      0.00     80.00      0.00      0.00      0.00
08:17:00 AM       1     24.00      0.00     76.00      0.00      0.00      0.00
08:17:01 AM       1     23.23      0.00     76.77      0.00      0.00      0.00
08:17:02 AM       1     24.00      0.00     76.00      0.00      0.00      0.00
08:17:03 AM       1     21.78      0.00     78.22      0.00      0.00      0.00
Average:          1     22.14      0.00     77.86      0.00      0.00      0.00
