Linux 3.14.33-regular (node220-2) 	01/06/2017 	_x86_64_	(8 CPU)

04:11:56 AM     CPU     %user     %nice   %system   %iowait    %steal     %idle
04:11:57 AM       1     24.00      0.00     76.00      0.00      0.00      0.00
04:11:58 AM       1     22.00      0.00     78.00      0.00      0.00      0.00
04:11:59 AM       1     19.00      0.00     81.00      0.00      0.00      0.00
04:12:00 AM       1     24.00      0.00     76.00      0.00      0.00      0.00
04:12:01 AM       1     21.00      0.00     79.00      0.00      0.00      0.00
04:12:02 AM       1     23.00      0.00     77.00      0.00      0.00      0.00
04:12:03 AM       1     27.27      0.00     72.73      0.00      0.00      0.00
04:12:04 AM       1     25.74      0.00     74.26      0.00      0.00      0.00
04:12:05 AM       1     26.00      0.00     74.00      0.00      0.00      0.00
04:12:06 AM       1     21.00      0.00     79.00      0.00      0.00      0.00
04:12:07 AM       1     20.79      0.00     79.21      0.00      0.00      0.00
04:12:08 AM       1     26.26      0.00     73.74      0.00      0.00      0.00
04:12:09 AM       1     24.24      0.00     75.76      0.00      0.00      0.00
04:12:10 AM       1     23.76      0.00     76.24      0.00      0.00      0.00
04:12:11 AM       1     24.00      0.00     76.00      0.00      0.00      0.00
04:12:12 AM       1     25.00      0.00     75.00      0.00      0.00      0.00
04:12:13 AM       1     21.21      0.00     78.79      0.00      0.00      0.00
04:12:14 AM       1     19.80      0.00     80.20      0.00      0.00      0.00
04:12:15 AM       1     20.20      0.00     79.80      0.00      0.00      0.00
04:12:16 AM       1     23.76      0.00     76.24      0.00      0.00      0.00
Average:          1     23.10      0.00     76.90      0.00      0.00      0.00
