Linux 3.14.33-regular (node220-2) 	01/06/2017 	_x86_64_	(8 CPU)

06:35:29 AM     CPU     %user     %nice   %system   %iowait    %steal     %idle
06:35:30 AM       1     22.00      0.00     78.00      0.00      0.00      0.00
06:35:31 AM       1     21.00      0.00     79.00      0.00      0.00      0.00
06:35:32 AM       1     25.00      0.00     75.00      0.00      0.00      0.00
06:35:33 AM       1     22.00      0.00     78.00      0.00      0.00      0.00
06:35:34 AM       1     23.00      0.00     77.00      0.00      0.00      0.00
06:35:35 AM       1     24.24      0.00     75.76      0.00      0.00      0.00
06:35:36 AM       1     16.83      0.00     83.17      0.00      0.00      0.00
06:35:37 AM       1     24.00      0.00     76.00      0.00      0.00      0.00
06:35:38 AM       1     23.76      0.00     76.24      0.00      0.00      0.00
06:35:39 AM       1     24.24      0.00     75.76      0.00      0.00      0.00
06:35:40 AM       1     22.00      0.00     78.00      0.00      0.00      0.00
06:35:41 AM       1     23.00      0.00     77.00      0.00      0.00      0.00
06:35:42 AM       1     24.00      0.00     76.00      0.00      0.00      0.00
06:35:43 AM       1     23.00      0.00     77.00      0.00      0.00      0.00
06:35:44 AM       1     27.00      0.00     73.00      0.00      0.00      0.00
06:35:45 AM       1     26.73      0.00     73.27      0.00      0.00      0.00
06:35:46 AM       1     18.00      0.00     82.00      0.00      0.00      0.00
06:35:47 AM       1     23.23      0.00     76.77      0.00      0.00      0.00
06:35:48 AM       1     24.75      0.00     75.25      0.00      0.00      0.00
06:35:49 AM       1     21.21      0.00     78.79      0.00      0.00      0.00
Average:          1     22.95      0.00     77.05      0.00      0.00      0.00
