Linux 3.14.33-regular (node220-2) 	01/06/2017 	_x86_64_	(8 CPU)

08:43:36 AM     CPU     %user     %nice   %system   %iowait    %steal     %idle
08:43:37 AM       1     24.00      0.00     76.00      0.00      0.00      0.00
08:43:38 AM       1     21.00      0.00     79.00      0.00      0.00      0.00
08:43:39 AM       1     23.00      0.00     77.00      0.00      0.00      0.00
08:43:40 AM       1     22.77      0.00     77.23      0.00      0.00      0.00
08:43:41 AM       1     21.21      0.00     78.79      0.00      0.00      0.00
08:43:42 AM       1     23.76      0.00     76.24      0.00      0.00      0.00
08:43:43 AM       1     21.00      0.00     79.00      0.00      0.00      0.00
08:43:44 AM       1     20.00      0.00     80.00      0.00      0.00      0.00
08:43:45 AM       1     23.23      0.00     76.77      0.00      0.00      0.00
08:43:46 AM       1     20.00      0.00     80.00      0.00      0.00      0.00
08:43:47 AM       1     27.00      0.00     73.00      0.00      0.00      0.00
08:43:48 AM       1     25.00      0.00     75.00      0.00      0.00      0.00
08:43:49 AM       1     19.80      0.00     80.20      0.00      0.00      0.00
08:43:50 AM       1     24.24      0.00     75.76      0.00      0.00      0.00
08:43:51 AM       1     20.00      0.00     80.00      0.00      0.00      0.00
08:43:52 AM       1     21.00      0.00     79.00      0.00      0.00      0.00
08:43:53 AM       1     25.00      0.00     75.00      0.00      0.00      0.00
08:43:54 AM       1     22.00      0.00     78.00      0.00      0.00      0.00
08:43:55 AM       1     24.00      0.00     76.00      0.00      0.00      0.00
08:43:56 AM       1     24.00      0.00     76.00      0.00      0.00      0.00
Average:          1     22.60      0.00     77.40      0.00      0.00      0.00
