Linux 3.14.33-regular (node220-2) 	01/06/2017 	_x86_64_	(8 CPU)

04:18:20 AM     CPU     %user     %nice   %system   %iowait    %steal     %idle
04:18:21 AM       1     22.22      0.00     77.78      0.00      0.00      0.00
04:18:22 AM       1     24.00      0.00     76.00      0.00      0.00      0.00
04:18:23 AM       1     25.74      0.00     74.26      0.00      0.00      0.00
04:18:24 AM       1     24.24      0.00     75.76      0.00      0.00      0.00
04:18:25 AM       1     20.00      0.00     80.00      0.00      0.00      0.00
04:18:26 AM       1     18.00      0.00     82.00      0.00      0.00      0.00
04:18:27 AM       1     20.79      0.00     79.21      0.00      0.00      0.00
04:18:28 AM       1     24.00      0.00     76.00      0.00      0.00      0.00
04:18:29 AM       1     22.00      0.00     78.00      0.00      0.00      0.00
04:18:30 AM       1     23.00      0.00     77.00      0.00      0.00      0.00
04:18:31 AM       1     24.24      0.00     75.76      0.00      0.00      0.00
04:18:32 AM       1     25.74      0.00     74.26      0.00      0.00      0.00
04:18:33 AM       1     25.25      0.00     74.75      0.00      0.00      0.00
04:18:34 AM       1     20.79      0.00     79.21      0.00      0.00      0.00
04:18:35 AM       1     20.20      0.00     79.80      0.00      0.00      0.00
04:18:36 AM       1     23.76      0.00     76.24      0.00      0.00      0.00
04:18:37 AM       1     22.22      0.00     77.78      0.00      0.00      0.00
04:18:38 AM       1     20.79      0.00     79.21      0.00      0.00      0.00
04:18:39 AM       1     25.25      0.00     74.75      0.00      0.00      0.00
04:18:40 AM       1     20.79      0.00     79.21      0.00      0.00      0.00
Average:          1     22.65      0.00     77.35      0.00      0.00      0.00
