Linux 3.14.33-regular (node220-2) 	01/06/2017 	_x86_64_	(8 CPU)

07:36:59 AM     CPU     %user     %nice   %system   %iowait    %steal     %idle
07:37:00 AM       1     25.00      0.00     75.00      0.00      0.00      0.00
07:37:01 AM       1     22.00      0.00     78.00      0.00      0.00      0.00
07:37:02 AM       1     20.79      0.00     79.21      0.00      0.00      0.00
07:37:03 AM       1     20.00      0.00     80.00      0.00      0.00      0.00
07:37:04 AM       1     26.26      0.00     73.74      0.00      0.00      0.00
07:37:05 AM       1     20.00      0.00     80.00      0.00      0.00      0.00
07:37:06 AM       1     22.00      0.00     78.00      0.00      0.00      0.00
07:37:07 AM       1     21.78      0.00     78.22      0.00      0.00      0.00
07:37:08 AM       1     22.22      0.00     77.78      0.00      0.00      0.00
07:37:09 AM       1     18.00      0.00     82.00      0.00      0.00      0.00
07:37:10 AM       1     23.76      0.00     76.24      0.00      0.00      0.00
07:37:11 AM       1     22.22      0.00     77.78      0.00      0.00      0.00
07:37:12 AM       1     22.00      0.00     78.00      0.00      0.00      0.00
07:37:13 AM       1     25.74      0.00     74.26      0.00      0.00      0.00
07:37:14 AM       1     21.21      0.00     78.79      0.00      0.00      0.00
07:37:15 AM       1     25.00      0.00     75.00      0.00      0.00      0.00
07:37:16 AM       1     23.76      0.00     76.24      0.00      0.00      0.00
07:37:17 AM       1     22.22      0.00     77.78      0.00      0.00      0.00
07:37:18 AM       1     25.74      0.00     74.26      0.00      0.00      0.00
07:37:19 AM       1     22.00      0.00     78.00      0.00      0.00      0.00
Average:          1     22.59      0.00     77.41      0.00      0.00      0.00
