Linux 3.14.33-regular (node220-2) 	01/06/2017 	_x86_64_	(8 CPU)

06:36:45 AM     CPU     %user     %nice   %system   %iowait    %steal     %idle
06:36:46 AM       1     26.00      0.00     74.00      0.00      0.00      0.00
06:36:47 AM       1     18.00      0.00     82.00      0.00      0.00      0.00
06:36:48 AM       1     21.00      0.00     79.00      0.00      0.00      0.00
06:36:49 AM       1     21.00      0.00     79.00      0.00      0.00      0.00
06:36:50 AM       1     24.00      0.00     76.00      0.00      0.00      0.00
06:36:51 AM       1     22.00      0.00     78.00      0.00      0.00      0.00
06:36:52 AM       1     22.00      0.00     78.00      0.00      0.00      0.00
06:36:53 AM       1     20.00      0.00     80.00      0.00      0.00      0.00
06:36:54 AM       1     24.00      0.00     76.00      0.00      0.00      0.00
06:36:55 AM       1     17.17      0.00     82.83      0.00      0.00      0.00
06:36:56 AM       1     21.78      0.00     78.22      0.00      0.00      0.00
06:36:57 AM       1     24.00      0.00     76.00      0.00      0.00      0.00
06:36:58 AM       1     25.00      0.00     75.00      0.00      0.00      0.00
06:36:59 AM       1     22.00      0.00     78.00      0.00      0.00      0.00
06:37:00 AM       1     26.26      0.00     73.74      0.00      0.00      0.00
06:37:01 AM       1     19.80      0.00     80.20      0.00      0.00      0.00
06:37:02 AM       1     24.00      0.00     76.00      0.00      0.00      0.00
06:37:03 AM       1     22.00      0.00     78.00      0.00      0.00      0.00
06:37:04 AM       1     24.00      0.00     76.00      0.00      0.00      0.00
06:37:05 AM       1     26.00      0.00     74.00      0.00      0.00      0.00
Average:          1     22.50      0.00     77.50      0.00      0.00      0.00
