Linux 3.14.33-regular (node220-2) 	01/06/2017 	_x86_64_	(8 CPU)

05:40:59 AM     CPU     %user     %nice   %system   %iowait    %steal     %idle
05:41:00 AM       1     20.20      0.00     79.80      0.00      0.00      0.00
05:41:01 AM       1     23.00      0.00     77.00      0.00      0.00      0.00
05:41:02 AM       1     24.00      0.00     76.00      0.00      0.00      0.00
05:41:03 AM       1     23.00      0.00     77.00      0.00      0.00      0.00
05:41:04 AM       1     23.00      0.00     77.00      0.00      0.00      0.00
05:41:05 AM       1     20.79      0.00     79.21      0.00      0.00      0.00
05:41:06 AM       1     21.00      0.00     79.00      0.00      0.00      0.00
05:41:07 AM       1     23.00      0.00     77.00      0.00      0.00      0.00
05:41:08 AM       1     25.00      0.00     75.00      0.00      0.00      0.00
05:41:09 AM       1     17.17      0.00     82.83      0.00      0.00      0.00
05:41:10 AM       1     22.00      0.00     78.00      0.00      0.00      0.00
05:41:11 AM       1     21.00      0.00     79.00      0.00      0.00      0.00
05:41:12 AM       1     14.85      0.00     85.15      0.00      0.00      0.00
05:41:13 AM       1     24.00      0.00     76.00      0.00      0.00      0.00
05:41:14 AM       1     23.23      0.00     76.77      0.00      0.00      0.00
05:41:15 AM       1     23.00      0.00     77.00      0.00      0.00      0.00
05:41:16 AM       1     20.00      0.00     80.00      0.00      0.00      0.00
05:41:17 AM       1     19.00      0.00     81.00      0.00      0.00      0.00
05:41:18 AM       1     24.75      0.00     75.25      0.00      0.00      0.00
05:41:19 AM       1     20.00      0.00     80.00      0.00      0.00      0.00
Average:          1     21.60      0.00     78.40      0.00      0.00      0.00
