Linux 3.14.33-regular (node220-2) 	01/06/2017 	_x86_64_	(8 CPU)

06:30:20 AM     CPU     %user     %nice   %system   %iowait    %steal     %idle
06:30:21 AM       1     26.00      0.00     74.00      0.00      0.00      0.00
06:30:22 AM       1     22.00      0.00     78.00      0.00      0.00      0.00
06:30:23 AM       1     24.00      0.00     76.00      0.00      0.00      0.00
06:30:24 AM       1     24.00      0.00     76.00      0.00      0.00      0.00
06:30:25 AM       1     21.00      0.00     79.00      0.00      0.00      0.00
06:30:26 AM       1     25.00      0.00     75.00      0.00      0.00      0.00
06:30:27 AM       1     25.00      0.00     75.00      0.00      0.00      0.00
06:30:28 AM       1     23.00      0.00     77.00      0.00      0.00      0.00
06:30:29 AM       1     25.00      0.00     75.00      0.00      0.00      0.00
06:30:30 AM       1     26.00      0.00     74.00      0.00      0.00      0.00
06:30:31 AM       1     23.00      0.00     77.00      0.00      0.00      0.00
06:30:32 AM       1     24.00      0.00     76.00      0.00      0.00      0.00
06:30:33 AM       1     19.19      0.00     80.81      0.00      0.00      0.00
06:30:34 AM       1     22.00      0.00     78.00      0.00      0.00      0.00
06:30:35 AM       1     21.78      0.00     78.22      0.00      0.00      0.00
06:30:36 AM       1     21.00      0.00     79.00      0.00      0.00      0.00
06:30:37 AM       1     20.00      0.00     80.00      0.00      0.00      0.00
06:30:38 AM       1     25.25      0.00     74.75      0.00      0.00      0.00
06:30:39 AM       1     20.79      0.00     79.21      0.00      0.00      0.00
06:30:40 AM       1     19.00      0.00     81.00      0.00      0.00      0.00
Average:          1     22.85      0.00     77.15      0.00      0.00      0.00
