Linux 3.14.33-regular (node220-2) 	01/06/2017 	_x86_64_	(8 CPU)

12:23:28 PM     CPU     %user     %nice   %system   %iowait    %steal     %idle
12:23:29 PM       1     20.00      0.00     80.00      0.00      0.00      0.00
12:23:30 PM       1     21.00      0.00     79.00      0.00      0.00      0.00
12:23:31 PM       1     26.00      0.00     74.00      0.00      0.00      0.00
12:23:32 PM       1     22.00      0.00     78.00      0.00      0.00      0.00
12:23:33 PM       1     23.00      0.00     77.00      0.00      0.00      0.00
12:23:34 PM       1     22.00      0.00     78.00      0.00      0.00      0.00
12:23:35 PM       1     19.80      0.00     80.20      0.00      0.00      0.00
12:23:36 PM       1     25.25      0.00     74.75      0.00      0.00      0.00
12:23:37 PM       1     24.75      0.00     75.25      0.00      0.00      0.00
12:23:38 PM       1     24.24      0.00     75.76      0.00      0.00      0.00
12:23:39 PM       1     23.00      0.00     77.00      0.00      0.00      0.00
12:23:40 PM       1     20.79      0.00     79.21      0.00      0.00      0.00
12:23:41 PM       1     20.20      0.00     79.80      0.00      0.00      0.00
12:23:42 PM       1     23.76      0.00     76.24      0.00      0.00      0.00
12:23:43 PM       1     21.00      0.00     79.00      0.00      0.00      0.00
12:23:44 PM       1     18.00      0.00     82.00      0.00      0.00      0.00
12:23:45 PM       1     24.00      0.00     76.00      0.00      0.00      0.00
12:23:46 PM       1     19.19      0.00     80.81      0.00      0.00      0.00
12:23:47 PM       1     22.77      0.00     77.23      0.00      0.00      0.00
12:23:48 PM       1     27.00      0.00     73.00      0.00      0.00      0.00
Average:          1     22.39      0.00     77.61      0.00      0.00      0.00
