Linux 3.14.33-regular (node220-2) 	01/06/2017 	_x86_64_	(8 CPU)

03:41:50 AM     CPU     %user     %nice   %system   %iowait    %steal     %idle
03:41:51 AM       1     25.00      0.00     75.00      0.00      0.00      0.00
03:41:52 AM       1     21.00      0.00     79.00      0.00      0.00      0.00
03:41:53 AM       1     22.00      0.00     78.00      0.00      0.00      0.00
03:41:54 AM       1     21.00      0.00     79.00      0.00      0.00      0.00
03:41:55 AM       1     18.00      0.00     82.00      0.00      0.00      0.00
03:41:56 AM       1     23.00      0.00     77.00      0.00      0.00      0.00
03:41:57 AM       1     19.00      0.00     81.00      0.00      0.00      0.00
03:41:58 AM       1     23.00      0.00     77.00      0.00      0.00      0.00
03:41:59 AM       1     20.00      0.00     80.00      0.00      0.00      0.00
03:42:00 AM       1     19.00      0.00     81.00      0.00      0.00      0.00
03:42:01 AM       1     21.00      0.00     79.00      0.00      0.00      0.00
03:42:02 AM       1     23.00      0.00     77.00      0.00      0.00      0.00
03:42:03 AM       1     21.00      0.00     79.00      0.00      0.00      0.00
03:42:04 AM       1     18.00      0.00     82.00      0.00      0.00      0.00
03:42:05 AM       1     21.00      0.00     79.00      0.00      0.00      0.00
03:42:06 AM       1     23.00      0.00     77.00      0.00      0.00      0.00
03:42:07 AM       1     27.00      0.00     73.00      0.00      0.00      0.00
03:42:08 AM       1     26.00      0.00     74.00      0.00      0.00      0.00
03:42:09 AM       1     23.00      0.00     77.00      0.00      0.00      0.00
03:42:10 AM       1     24.00      0.00     76.00      0.00      0.00      0.00
Average:          1     21.90      0.00     78.10      0.00      0.00      0.00
