Linux 3.14.33-regular (node220-2) 	01/06/2017 	_x86_64_	(8 CPU)

10:31:52 AM     CPU     %user     %nice   %system   %iowait    %steal     %idle
10:31:53 AM       1     19.00      0.00     81.00      0.00      0.00      0.00
10:31:54 AM       1     22.00      0.00     78.00      0.00      0.00      0.00
10:31:55 AM       1     24.00      0.00     76.00      0.00      0.00      0.00
10:31:56 AM       1     19.19      0.00     80.81      0.00      0.00      0.00
10:31:57 AM       1     18.81      0.00     81.19      0.00      0.00      0.00
10:31:58 AM       1     23.00      0.00     77.00      0.00      0.00      0.00
10:31:59 AM       1     18.00      0.00     82.00      0.00      0.00      0.00
10:32:00 AM       1     21.00      0.00     79.00      0.00      0.00      0.00
10:32:01 AM       1     21.00      0.00     79.00      0.00      0.00      0.00
10:32:02 AM       1     19.00      0.00     81.00      0.00      0.00      0.00
10:32:03 AM       1     19.19      0.00     80.81      0.00      0.00      0.00
10:32:04 AM       1     23.76      0.00     76.24      0.00      0.00      0.00
10:32:05 AM       1     20.00      0.00     80.00      0.00      0.00      0.00
10:32:06 AM       1     24.24      0.00     75.76      0.00      0.00      0.00
10:32:07 AM       1     18.00      0.00     82.00      0.00      0.00      0.00
10:32:08 AM       1     25.00      0.00     75.00      0.00      0.00      0.00
10:32:09 AM       1     22.77      0.00     77.23      0.00      0.00      0.00
10:32:10 AM       1     20.20      0.00     79.80      0.00      0.00      0.00
10:32:11 AM       1     20.79      0.00     79.21      0.00      0.00      0.00
10:32:12 AM       1     22.22      0.00     77.78      0.00      0.00      0.00
Average:          1     21.06      0.00     78.94      0.00      0.00      0.00
