Linux 3.14.33-regular (node220-2) 	01/06/2017 	_x86_64_	(8 CPU)

07:07:30 AM     CPU     %user     %nice   %system   %iowait    %steal     %idle
07:07:31 AM       1     20.00      0.00     80.00      0.00      0.00      0.00
07:07:32 AM       1     22.00      0.00     78.00      0.00      0.00      0.00
07:07:33 AM       1     21.00      0.00     79.00      0.00      0.00      0.00
07:07:34 AM       1     26.00      0.00     74.00      0.00      0.00      0.00
07:07:35 AM       1     20.00      0.00     80.00      0.00      0.00      0.00
07:07:36 AM       1     24.00      0.00     76.00      0.00      0.00      0.00
07:07:37 AM       1     22.00      0.00     78.00      0.00      0.00      0.00
07:07:38 AM       1     24.00      0.00     76.00      0.00      0.00      0.00
07:07:39 AM       1     22.00      0.00     78.00      0.00      0.00      0.00
07:07:40 AM       1     25.00      0.00     75.00      0.00      0.00      0.00
07:07:41 AM       1     19.00      0.00     81.00      0.00      0.00      0.00
07:07:42 AM       1     22.00      0.00     78.00      0.00      0.00      0.00
07:07:43 AM       1     20.00      0.00     80.00      0.00      0.00      0.00
07:07:44 AM       1     25.25      0.00     74.75      0.00      0.00      0.00
07:07:45 AM       1     24.75      0.00     75.25      0.00      0.00      0.00
07:07:46 AM       1     21.00      0.00     79.00      0.00      0.00      0.00
07:07:47 AM       1     23.23      0.00     76.77      0.00      0.00      0.00
07:07:48 AM       1     19.80      0.00     80.20      0.00      0.00      0.00
07:07:49 AM       1     20.00      0.00     80.00      0.00      0.00      0.00
07:07:50 AM       1     23.23      0.00     76.77      0.00      0.00      0.00
Average:          1     22.21      0.00     77.79      0.00      0.00      0.00
