Linux 3.14.33-regular (node220-2) 	01/06/2017 	_x86_64_	(8 CPU)

08:49:24 AM     CPU     %user     %nice   %system   %iowait    %steal     %idle
08:49:25 AM       1     26.00      0.00     74.00      0.00      0.00      0.00
08:49:26 AM       1     25.00      0.00     75.00      0.00      0.00      0.00
08:49:27 AM       1     24.00      0.00     76.00      0.00      0.00      0.00
08:49:28 AM       1     19.00      0.00     81.00      0.00      0.00      0.00
08:49:29 AM       1     22.00      0.00     78.00      0.00      0.00      0.00
08:49:30 AM       1     20.00      0.00     80.00      0.00      0.00      0.00
08:49:31 AM       1     24.24      0.00     75.76      0.00      0.00      0.00
08:49:32 AM       1     18.00      0.00     82.00      0.00      0.00      0.00
08:49:33 AM       1     18.81      0.00     81.19      0.00      0.00      0.00
08:49:34 AM       1     22.00      0.00     78.00      0.00      0.00      0.00
08:49:35 AM       1     22.00      0.00     78.00      0.00      0.00      0.00
08:49:36 AM       1     25.00      0.00     75.00      0.00      0.00      0.00
08:49:37 AM       1     22.22      0.00     77.78      0.00      0.00      0.00
08:49:38 AM       1     23.53      0.00     76.47      0.00      0.00      0.00
08:49:39 AM       1     21.21      0.00     78.79      0.00      0.00      0.00
08:49:40 AM       1     21.78      0.00     78.22      0.00      0.00      0.00
08:49:41 AM       1     19.19      0.00     80.81      0.00      0.00      0.00
08:49:42 AM       1     27.72      0.00     72.28      0.00      0.00      0.00
08:49:43 AM       1     22.00      0.00     78.00      0.00      0.00      0.00
08:49:44 AM       1     24.24      0.00     75.76      0.00      0.00      0.00
Average:          1     22.40      0.00     77.60      0.00      0.00      0.00
