Linux 3.14.33-regular (node220-2) 	01/06/2017 	_x86_64_	(8 CPU)

11:39:55 AM     CPU     %user     %nice   %system   %iowait    %steal     %idle
11:39:56 AM       1     22.00      0.00     78.00      0.00      0.00      0.00
11:39:57 AM       1     24.00      0.00     76.00      0.00      0.00      0.00
11:39:58 AM       1     25.00      0.00     75.00      0.00      0.00      0.00
11:39:59 AM       1     17.00      0.00     83.00      0.00      0.00      0.00
11:40:00 AM       1     22.00      0.00     78.00      0.00      0.00      0.00
11:40:01 AM       1     23.00      0.00     77.00      0.00      0.00      0.00
11:40:02 AM       1     22.00      0.00     78.00      0.00      0.00      0.00
11:40:03 AM       1     22.00      0.00     78.00      0.00      0.00      0.00
11:40:04 AM       1     27.00      0.00     73.00      0.00      0.00      0.00
11:40:05 AM       1     21.00      0.00     79.00      0.00      0.00      0.00
11:40:06 AM       1     23.00      0.00     77.00      0.00      0.00      0.00
11:40:07 AM       1     22.00      0.00     78.00      0.00      0.00      0.00
11:40:08 AM       1     17.00      0.00     83.00      0.00      0.00      0.00
11:40:09 AM       1     24.00      0.00     76.00      0.00      0.00      0.00
11:40:10 AM       1     24.24      0.00     75.76      0.00      0.00      0.00
11:40:11 AM       1     20.79      0.00     79.21      0.00      0.00      0.00
11:40:12 AM       1     24.24      0.00     75.76      0.00      0.00      0.00
11:40:13 AM       1     23.76      0.00     76.24      0.00      0.00      0.00
11:40:14 AM       1     24.00      0.00     76.00      0.00      0.00      0.00
11:40:15 AM       1     23.00      0.00     77.00      0.00      0.00      0.00
Average:          1     22.55      0.00     77.45      0.00      0.00      0.00
