Linux 3.14.33-regular (node220-2) 	01/06/2017 	_x86_64_	(8 CPU)

11:55:58 AM     CPU     %user     %nice   %system   %iowait    %steal     %idle
11:55:59 AM       1     18.00      0.00     82.00      0.00      0.00      0.00
11:56:00 AM       1     24.00      0.00     76.00      0.00      0.00      0.00
11:56:01 AM       1     19.80      0.00     80.20      0.00      0.00      0.00
11:56:02 AM       1     20.00      0.00     80.00      0.00      0.00      0.00
11:56:03 AM       1     18.00      0.00     82.00      0.00      0.00      0.00
11:56:04 AM       1     22.00      0.00     78.00      0.00      0.00      0.00
11:56:05 AM       1     24.24      0.00     75.76      0.00      0.00      0.00
11:56:06 AM       1     22.77      0.00     77.23      0.00      0.00      0.00
11:56:07 AM       1     21.21      0.00     78.79      0.00      0.00      0.00
11:56:08 AM       1     20.79      0.00     79.21      0.00      0.00      0.00
11:56:09 AM       1     24.24      0.00     75.76      0.00      0.00      0.00
11:56:10 AM       1     25.00      0.00     75.00      0.00      0.00      0.00
11:56:11 AM       1     22.77      0.00     77.23      0.00      0.00      0.00
11:56:12 AM       1     25.25      0.00     74.75      0.00      0.00      0.00
11:56:13 AM       1     21.78      0.00     78.22      0.00      0.00      0.00
11:56:14 AM       1     21.00      0.00     79.00      0.00      0.00      0.00
11:56:15 AM       1     23.23      0.00     76.77      0.00      0.00      0.00
11:56:16 AM       1     22.77      0.00     77.23      0.00      0.00      0.00
11:56:17 AM       1     23.23      0.00     76.77      0.00      0.00      0.00
11:56:18 AM       1     23.76      0.00     76.24      0.00      0.00      0.00
Average:          1     22.19      0.00     77.81      0.00      0.00      0.00
