Linux 3.14.33-regular (node220-2) 	01/06/2017 	_x86_64_	(8 CPU)

06:53:25 AM     CPU     %user     %nice   %system   %iowait    %steal     %idle
06:53:26 AM       1     20.00      0.00     80.00      0.00      0.00      0.00
06:53:27 AM       1     18.00      0.00     82.00      0.00      0.00      0.00
06:53:28 AM       1     18.81      0.00     81.19      0.00      0.00      0.00
06:53:29 AM       1     21.00      0.00     79.00      0.00      0.00      0.00
06:53:30 AM       1     21.00      0.00     79.00      0.00      0.00      0.00
06:53:31 AM       1     25.00      0.00     75.00      0.00      0.00      0.00
06:53:32 AM       1     21.00      0.00     79.00      0.00      0.00      0.00
06:53:33 AM       1     26.00      0.00     74.00      0.00      0.00      0.00
06:53:34 AM       1     23.00      0.00     77.00      0.00      0.00      0.00
06:53:35 AM       1     21.00      0.00     79.00      0.00      0.00      0.00
06:53:36 AM       1     26.00      0.00     74.00      0.00      0.00      0.00
06:53:37 AM       1     22.00      0.00     78.00      0.00      0.00      0.00
06:53:38 AM       1     23.00      0.00     77.00      0.00      0.00      0.00
06:53:39 AM       1     21.00      0.00     79.00      0.00      0.00      0.00
06:53:40 AM       1     21.21      0.00     78.79      0.00      0.00      0.00
06:53:41 AM       1     25.74      0.00     74.26      0.00      0.00      0.00
06:53:42 AM       1     20.00      0.00     80.00      0.00      0.00      0.00
06:53:43 AM       1     22.22      0.00     77.78      0.00      0.00      0.00
06:53:44 AM       1     24.75      0.00     75.25      0.00      0.00      0.00
06:53:45 AM       1     21.21      0.00     78.79      0.00      0.00      0.00
Average:          1     22.10      0.00     77.90      0.00      0.00      0.00
