Linux 3.14.33-regular (node220-2) 	01/06/2017 	_x86_64_	(8 CPU)

10:22:52 AM     CPU     %user     %nice   %system   %iowait    %steal     %idle
10:22:53 AM       1     23.00      0.00     77.00      0.00      0.00      0.00
10:22:54 AM       1     20.00      0.00     80.00      0.00      0.00      0.00
10:22:55 AM       1     22.22      0.00     77.78      0.00      0.00      0.00
10:22:56 AM       1     22.00      0.00     78.00      0.00      0.00      0.00
10:22:57 AM       1     18.81      0.00     81.19      0.00      0.00      0.00
10:22:58 AM       1     26.26      0.00     73.74      0.00      0.00      0.00
10:22:59 AM       1     24.75      0.00     75.25      0.00      0.00      0.00
10:23:00 AM       1     19.19      0.00     80.81      0.00      0.00      0.00
10:23:01 AM       1     25.00      0.00     75.00      0.00      0.00      0.00
10:23:02 AM       1     26.73      0.00     73.27      0.00      0.00      0.00
10:23:03 AM       1     20.20      0.00     79.80      0.00      0.00      0.00
10:23:04 AM       1     22.77      0.00     77.23      0.00      0.00      0.00
10:23:05 AM       1     24.00      0.00     76.00      0.00      0.00      0.00
10:23:06 AM       1     24.00      0.00     76.00      0.00      0.00      0.00
10:23:07 AM       1     24.00      0.00     76.00      0.00      0.00      0.00
10:23:08 AM       1     22.22      0.00     77.78      0.00      0.00      0.00
10:23:09 AM       1     21.78      0.00     78.22      0.00      0.00      0.00
10:23:10 AM       1     23.00      0.00     77.00      0.00      0.00      0.00
10:23:11 AM       1     24.00      0.00     76.00      0.00      0.00      0.00
10:23:12 AM       1     21.21      0.00     78.79      0.00      0.00      0.00
Average:          1     22.76      0.00     77.24      0.00      0.00      0.00
