Linux 3.14.33-regular (node220-2) 	01/06/2017 	_x86_64_	(8 CPU)

06:28:25 AM     CPU     %user     %nice   %system   %iowait    %steal     %idle
06:28:26 AM       1     24.24      0.00     75.76      0.00      0.00      0.00
06:28:27 AM       1     22.00      0.00     78.00      0.00      0.00      0.00
06:28:28 AM       1     20.00      0.00     80.00      0.00      0.00      0.00
06:28:29 AM       1     21.78      0.00     78.22      0.00      0.00      0.00
06:28:30 AM       1     21.00      0.00     79.00      0.00      0.00      0.00
06:28:31 AM       1     19.19      0.00     80.81      0.00      0.00      0.00
06:28:32 AM       1     25.00      0.00     75.00      0.00      0.00      0.00
06:28:33 AM       1     20.79      0.00     79.21      0.00      0.00      0.00
06:28:34 AM       1     22.00      0.00     78.00      0.00      0.00      0.00
06:28:35 AM       1     24.00      0.00     76.00      0.00      0.00      0.00
06:28:36 AM       1     20.00      0.00     80.00      0.00      0.00      0.00
06:28:37 AM       1     21.00      0.00     79.00      0.00      0.00      0.00
06:28:38 AM       1     22.22      0.00     77.78      0.00      0.00      0.00
06:28:39 AM       1     19.80      0.00     80.20      0.00      0.00      0.00
06:28:40 AM       1     26.00      0.00     74.00      0.00      0.00      0.00
06:28:41 AM       1     15.15      0.00     84.85      0.00      0.00      0.00
06:28:42 AM       1     26.00      0.00     74.00      0.00      0.00      0.00
06:28:43 AM       1     19.00      0.00     81.00      0.00      0.00      0.00
06:28:44 AM       1     22.77      0.00     77.23      0.00      0.00      0.00
06:28:45 AM       1     23.23      0.00     76.77      0.00      0.00      0.00
Average:          1     21.76      0.00     78.24      0.00      0.00      0.00
