Linux 3.14.33-regular (node220-2) 	01/06/2017 	_x86_64_	(8 CPU)

04:06:48 AM     CPU     %user     %nice   %system   %iowait    %steal     %idle
04:06:49 AM       1     23.23      0.00     76.77      0.00      0.00      0.00
04:06:50 AM       1     21.78      0.00     78.22      0.00      0.00      0.00
04:06:51 AM       1     24.00      0.00     76.00      0.00      0.00      0.00
04:06:52 AM       1     23.00      0.00     77.00      0.00      0.00      0.00
04:06:53 AM       1     23.23      0.00     76.77      0.00      0.00      0.00
04:06:54 AM       1     24.75      0.00     75.25      0.00      0.00      0.00
04:06:55 AM       1     27.27      0.00     72.73      0.00      0.00      0.00
04:06:56 AM       1     21.78      0.00     78.22      0.00      0.00      0.00
04:06:57 AM       1     23.23      0.00     76.77      0.00      0.00      0.00
04:06:58 AM       1     21.00      0.00     79.00      0.00      0.00      0.00
04:06:59 AM       1     22.77      0.00     77.23      0.00      0.00      0.00
04:07:00 AM       1     20.20      0.00     79.80      0.00      0.00      0.00
04:07:01 AM       1     23.00      0.00     77.00      0.00      0.00      0.00
04:07:02 AM       1     22.77      0.00     77.23      0.00      0.00      0.00
04:07:03 AM       1     23.23      0.00     76.77      0.00      0.00      0.00
04:07:04 AM       1     28.00      0.00     72.00      0.00      0.00      0.00
04:07:05 AM       1     22.00      0.00     78.00      0.00      0.00      0.00
04:07:06 AM       1     17.82      0.00     82.18      0.00      0.00      0.00
04:07:07 AM       1     25.00      0.00     75.00      0.00      0.00      0.00
04:07:08 AM       1     21.21      0.00     78.79      0.00      0.00      0.00
Average:          1     22.96      0.00     77.04      0.00      0.00      0.00
