Linux 3.14.33-regular (node220-2) 	01/06/2017 	_x86_64_	(8 CPU)

03:34:48 AM     CPU     %user     %nice   %system   %iowait    %steal     %idle
03:34:49 AM       1     20.00      0.00     80.00      0.00      0.00      0.00
03:34:50 AM       1     22.00      0.00     78.00      0.00      0.00      0.00
03:34:51 AM       1     18.00      0.00     82.00      0.00      0.00      0.00
03:34:52 AM       1     20.20      0.00     79.80      0.00      0.00      0.00
03:34:53 AM       1     16.83      0.00     83.17      0.00      0.00      0.00
03:34:54 AM       1     20.00      0.00     80.00      0.00      0.00      0.00
03:34:55 AM       1     20.20      0.00     79.80      0.00      0.00      0.00
03:34:56 AM       1     21.78      0.00     78.22      0.00      0.00      0.00
03:34:57 AM       1     23.23      0.00     76.77      0.00      0.00      0.00
03:34:58 AM       1     18.81      0.00     81.19      0.00      0.00      0.00
03:34:59 AM       1     19.19      0.00     80.81      0.00      0.00      0.00
03:35:00 AM       1     20.79      0.00     79.21      0.00      0.00      0.00
03:35:01 AM       1     22.22      0.00     77.78      0.00      0.00      0.00
03:35:02 AM       1     23.00      0.00     77.00      0.00      0.00      0.00
03:35:03 AM       1     22.00      0.00     78.00      0.00      0.00      0.00
03:35:04 AM       1     30.00      0.00     70.00      0.00      0.00      0.00
03:35:05 AM       1     21.78      0.00     78.22      0.00      0.00      0.00
03:35:06 AM       1     22.22      0.00     77.78      0.00      0.00      0.00
03:35:07 AM       1     21.78      0.00     78.22      0.00      0.00      0.00
03:35:08 AM       1     21.00      0.00     79.00      0.00      0.00      0.00
Average:          1     21.25      0.00     78.75      0.00      0.00      0.00
