Linux 3.14.33-regular (node220-2) 	01/06/2017 	_x86_64_	(8 CPU)

11:09:10 AM     CPU     %user     %nice   %system   %iowait    %steal     %idle
11:09:11 AM       1     21.00      0.00     79.00      0.00      0.00      0.00
11:09:12 AM       1     21.00      0.00     79.00      0.00      0.00      0.00
11:09:13 AM       1     19.80      0.00     80.20      0.00      0.00      0.00
11:09:14 AM       1     27.27      0.00     72.73      0.00      0.00      0.00
11:09:15 AM       1     23.76      0.00     76.24      0.00      0.00      0.00
11:09:16 AM       1     21.21      0.00     78.79      0.00      0.00      0.00
11:09:17 AM       1     21.00      0.00     79.00      0.00      0.00      0.00
11:09:18 AM       1     27.72      0.00     72.28      0.00      0.00      0.00
11:09:19 AM       1     19.19      0.00     80.81      0.00      0.00      0.00
11:09:20 AM       1     20.00      0.00     80.00      0.00      0.00      0.00
11:09:21 AM       1     21.78      0.00     78.22      0.00      0.00      0.00
11:09:22 AM       1     22.00      0.00     78.00      0.00      0.00      0.00
11:09:23 AM       1     26.26      0.00     73.74      0.00      0.00      0.00
11:09:24 AM       1     24.00      0.00     76.00      0.00      0.00      0.00
11:09:25 AM       1     22.00      0.00     78.00      0.00      0.00      0.00
11:09:26 AM       1     22.00      0.00     78.00      0.00      0.00      0.00
11:09:27 AM       1     19.00      0.00     81.00      0.00      0.00      0.00
11:09:28 AM       1     19.00      0.00     81.00      0.00      0.00      0.00
11:09:29 AM       1     25.00      0.00     75.00      0.00      0.00      0.00
11:09:30 AM       1     24.00      0.00     76.00      0.00      0.00      0.00
Average:          1     22.35      0.00     77.65      0.00      0.00      0.00
