Linux 3.14.33-regular (node220-2) 	01/06/2017 	_x86_64_	(8 CPU)

06:37:23 AM     CPU     %user     %nice   %system   %iowait    %steal     %idle
06:37:24 AM       1     22.00      0.00     78.00      0.00      0.00      0.00
06:37:25 AM       1     25.00      0.00     75.00      0.00      0.00      0.00
06:37:26 AM       1     23.00      0.00     77.00      0.00      0.00      0.00
06:37:27 AM       1     22.22      0.00     77.78      0.00      0.00      0.00
06:37:28 AM       1     22.77      0.00     77.23      0.00      0.00      0.00
06:37:29 AM       1     20.00      0.00     80.00      0.00      0.00      0.00
06:37:30 AM       1     28.00      0.00     72.00      0.00      0.00      0.00
06:37:31 AM       1     21.21      0.00     78.79      0.00      0.00      0.00
06:37:32 AM       1     19.80      0.00     80.20      0.00      0.00      0.00
06:37:33 AM       1     25.00      0.00     75.00      0.00      0.00      0.00
06:37:34 AM       1     26.00      0.00     74.00      0.00      0.00      0.00
06:37:35 AM       1     22.00      0.00     78.00      0.00      0.00      0.00
06:37:36 AM       1     24.00      0.00     76.00      0.00      0.00      0.00
06:37:37 AM       1     17.00      0.00     83.00      0.00      0.00      0.00
06:37:38 AM       1     21.00      0.00     79.00      0.00      0.00      0.00
06:37:39 AM       1     24.00      0.00     76.00      0.00      0.00      0.00
06:37:40 AM       1     25.00      0.00     75.00      0.00      0.00      0.00
06:37:41 AM       1     24.24      0.00     75.76      0.00      0.00      0.00
06:37:42 AM       1     24.75      0.00     75.25      0.00      0.00      0.00
06:37:43 AM       1     17.00      0.00     83.00      0.00      0.00      0.00
Average:          1     22.70      0.00     77.30      0.00      0.00      0.00
