Linux 3.14.33-regular (node220-2) 	01/06/2017 	_x86_64_	(8 CPU)

05:24:20 AM     CPU     %user     %nice   %system   %iowait    %steal     %idle
05:24:21 AM       1     23.00      0.00     77.00      0.00      0.00      0.00
05:24:22 AM       1     24.75      0.00     75.25      0.00      0.00      0.00
05:24:23 AM       1     24.00      0.00     76.00      0.00      0.00      0.00
05:24:24 AM       1     23.23      0.00     76.77      0.00      0.00      0.00
05:24:25 AM       1     21.00      0.00     79.00      0.00      0.00      0.00
05:24:26 AM       1     18.00      0.00     82.00      0.00      0.00      0.00
05:24:27 AM       1     21.78      0.00     78.22      0.00      0.00      0.00
05:24:28 AM       1     18.18      0.00     81.82      0.00      0.00      0.00
05:24:29 AM       1     25.00      0.00     75.00      0.00      0.00      0.00
05:24:30 AM       1     24.75      0.00     75.25      0.00      0.00      0.00
05:24:31 AM       1     25.25      0.00     74.75      0.00      0.00      0.00
05:24:32 AM       1     17.00      0.00     83.00      0.00      0.00      0.00
05:24:33 AM       1     22.00      0.00     78.00      0.00      0.00      0.00
05:24:34 AM       1     23.76      0.00     76.24      0.00      0.00      0.00
05:24:35 AM       1     23.23      0.00     76.77      0.00      0.00      0.00
05:24:36 AM       1     24.75      0.00     75.25      0.00      0.00      0.00
05:24:37 AM       1     21.21      0.00     78.79      0.00      0.00      0.00
05:24:38 AM       1     20.79      0.00     79.21      0.00      0.00      0.00
05:24:39 AM       1     20.00      0.00     80.00      0.00      0.00      0.00
05:24:40 AM       1     26.00      0.00     74.00      0.00      0.00      0.00
Average:          1     22.39      0.00     77.61      0.00      0.00      0.00
