Linux 3.14.33-regular (node220-2) 	01/06/2017 	_x86_64_	(8 CPU)

09:34:50 AM     CPU     %user     %nice   %system   %iowait    %steal     %idle
09:34:51 AM       1     19.00      0.00     81.00      0.00      0.00      0.00
09:34:52 AM       1     23.23      0.00     76.77      0.00      0.00      0.00
09:34:53 AM       1     24.00      0.00     76.00      0.00      0.00      0.00
09:34:54 AM       1     30.69      0.00     69.31      0.00      0.00      0.00
09:34:55 AM       1     19.19      0.00     80.81      0.00      0.00      0.00
09:34:56 AM       1     25.74      0.00     74.26      0.00      0.00      0.00
09:34:57 AM       1     24.24      0.00     75.76      0.00      0.00      0.00
09:34:58 AM       1     22.00      0.00     78.00      0.00      0.00      0.00
09:34:59 AM       1     22.00      0.00     78.00      0.00      0.00      0.00
09:35:00 AM       1     24.00      0.00     76.00      0.00      0.00      0.00
09:35:01 AM       1     20.00      0.00     80.00      0.00      0.00      0.00
09:35:02 AM       1     20.79      0.00     79.21      0.00      0.00      0.00
09:35:03 AM       1     22.00      0.00     78.00      0.00      0.00      0.00
09:35:04 AM       1     17.17      0.00     82.83      0.00      0.00      0.00
09:35:05 AM       1     21.78      0.00     78.22      0.00      0.00      0.00
09:35:06 AM       1     21.21      0.00     78.79      0.00      0.00      0.00
09:35:07 AM       1     21.00      0.00     79.00      0.00      0.00      0.00
09:35:08 AM       1     22.00      0.00     78.00      0.00      0.00      0.00
09:35:09 AM       1     23.00      0.00     77.00      0.00      0.00      0.00
09:35:10 AM       1     22.00      0.00     78.00      0.00      0.00      0.00
Average:          1     22.26      0.00     77.74      0.00      0.00      0.00
