Linux 3.14.33-regular (node220-2) 	01/06/2017 	_x86_64_	(8 CPU)

11:00:08 AM     CPU     %user     %nice   %system   %iowait    %steal     %idle
11:00:09 AM       1     23.00      0.00     77.00      0.00      0.00      0.00
11:00:10 AM       1     23.00      0.00     77.00      0.00      0.00      0.00
11:00:11 AM       1     22.22      0.00     77.78      0.00      0.00      0.00
11:00:12 AM       1     20.79      0.00     79.21      0.00      0.00      0.00
11:00:13 AM       1     20.00      0.00     80.00      0.00      0.00      0.00
11:00:14 AM       1     25.00      0.00     75.00      0.00      0.00      0.00
11:00:15 AM       1     23.00      0.00     77.00      0.00      0.00      0.00
11:00:16 AM       1     21.00      0.00     79.00      0.00      0.00      0.00
11:00:17 AM       1     24.00      0.00     76.00      0.00      0.00      0.00
11:00:18 AM       1     18.00      0.00     82.00      0.00      0.00      0.00
11:00:19 AM       1     25.00      0.00     75.00      0.00      0.00      0.00
11:00:20 AM       1     19.00      0.00     81.00      0.00      0.00      0.00
11:00:21 AM       1     25.00      0.00     75.00      0.00      0.00      0.00
11:00:22 AM       1     19.00      0.00     81.00      0.00      0.00      0.00
11:00:23 AM       1     24.00      0.00     76.00      0.00      0.00      0.00
11:00:24 AM       1     23.00      0.00     77.00      0.00      0.00      0.00
11:00:25 AM       1     22.00      0.00     78.00      0.00      0.00      0.00
11:00:26 AM       1     20.00      0.00     80.00      0.00      0.00      0.00
11:00:27 AM       1     25.00      0.00     75.00      0.00      0.00      0.00
11:00:28 AM       1     25.00      0.00     75.00      0.00      0.00      0.00
Average:          1     22.35      0.00     77.65      0.00      0.00      0.00
