Linux 3.14.33-regular (node220-2) 	01/06/2017 	_x86_64_	(8 CPU)

10:34:26 AM     CPU     %user     %nice   %system   %iowait    %steal     %idle
10:34:27 AM       1     25.00      0.00     75.00      0.00      0.00      0.00
10:34:28 AM       1     23.23      0.00     76.77      0.00      0.00      0.00
10:34:29 AM       1     23.00      0.00     77.00      0.00      0.00      0.00
10:34:30 AM       1     22.00      0.00     78.00      0.00      0.00      0.00
10:34:31 AM       1     21.00      0.00     79.00      0.00      0.00      0.00
10:34:32 AM       1     22.00      0.00     78.00      0.00      0.00      0.00
10:34:33 AM       1     25.74      0.00     74.26      0.00      0.00      0.00
10:34:34 AM       1     23.00      0.00     77.00      0.00      0.00      0.00
10:34:35 AM       1     22.22      0.00     77.78      0.00      0.00      0.00
10:34:36 AM       1     23.76      0.00     76.24      0.00      0.00      0.00
10:34:37 AM       1     20.20      0.00     79.80      0.00      0.00      0.00
10:34:38 AM       1     22.00      0.00     78.00      0.00      0.00      0.00
10:34:39 AM       1     27.72      0.00     72.28      0.00      0.00      0.00
10:34:40 AM       1     23.00      0.00     77.00      0.00      0.00      0.00
10:34:41 AM       1     23.00      0.00     77.00      0.00      0.00      0.00
10:34:42 AM       1     13.00      0.00     87.00      0.00      0.00      0.00
10:34:43 AM       1     17.00      0.00     83.00      0.00      0.00      0.00
10:34:44 AM       1     24.24      0.00     75.76      0.00      0.00      0.00
10:34:45 AM       1     22.00      0.00     78.00      0.00      0.00      0.00
10:34:46 AM       1     26.73      0.00     73.27      0.00      0.00      0.00
Average:          1     22.50      0.00     77.50      0.00      0.00      0.00
