Linux 3.14.33-regular (node220-2) 	01/06/2017 	_x86_64_	(8 CPU)

11:15:36 AM     CPU     %user     %nice   %system   %iowait    %steal     %idle
11:15:37 AM       1     22.00      0.00     78.00      0.00      0.00      0.00
11:15:38 AM       1     22.00      0.00     78.00      0.00      0.00      0.00
11:15:39 AM       1     26.00      0.00     74.00      0.00      0.00      0.00
11:15:40 AM       1     19.00      0.00     81.00      0.00      0.00      0.00
11:15:41 AM       1     23.00      0.00     77.00      0.00      0.00      0.00
11:15:42 AM       1     24.00      0.00     76.00      0.00      0.00      0.00
11:15:43 AM       1     24.00      0.00     76.00      0.00      0.00      0.00
11:15:44 AM       1     19.00      0.00     81.00      0.00      0.00      0.00
11:15:45 AM       1     24.24      0.00     75.76      0.00      0.00      0.00
11:15:46 AM       1     22.00      0.00     78.00      0.00      0.00      0.00
11:15:47 AM       1     16.83      0.00     83.17      0.00      0.00      0.00
11:15:48 AM       1     25.00      0.00     75.00      0.00      0.00      0.00
11:15:49 AM       1     22.77      0.00     77.23      0.00      0.00      0.00
11:15:50 AM       1     22.22      0.00     77.78      0.00      0.00      0.00
11:15:51 AM       1     21.00      0.00     79.00      0.00      0.00      0.00
11:15:52 AM       1     20.79      0.00     79.21      0.00      0.00      0.00
11:15:53 AM       1     20.20      0.00     79.80      0.00      0.00      0.00
11:15:54 AM       1     26.00      0.00     74.00      0.00      0.00      0.00
11:15:55 AM       1     22.00      0.00     78.00      0.00      0.00      0.00
11:15:56 AM       1     24.00      0.00     76.00      0.00      0.00      0.00
Average:          1     22.30      0.00     77.70      0.00      0.00      0.00
