Linux 3.14.33-regular (node220-2) 	01/06/2017 	_x86_64_	(8 CPU)

11:07:52 AM     CPU     %user     %nice   %system   %iowait    %steal     %idle
11:07:53 AM       1     27.00      0.00     73.00      0.00      0.00      0.00
11:07:54 AM       1     21.00      0.00     79.00      0.00      0.00      0.00
11:07:55 AM       1     22.00      0.00     78.00      0.00      0.00      0.00
11:07:56 AM       1     23.76      0.00     76.24      0.00      0.00      0.00
11:07:57 AM       1     24.00      0.00     76.00      0.00      0.00      0.00
11:07:58 AM       1     24.00      0.00     76.00      0.00      0.00      0.00
11:07:59 AM       1     24.00      0.00     76.00      0.00      0.00      0.00
11:08:00 AM       1     22.22      0.00     77.78      0.00      0.00      0.00
11:08:01 AM       1     26.00      0.00     74.00      0.00      0.00      0.00
11:08:02 AM       1     23.76      0.00     76.24      0.00      0.00      0.00
11:08:03 AM       1     18.18      0.00     81.82      0.00      0.00      0.00
11:08:04 AM       1     25.74      0.00     74.26      0.00      0.00      0.00
11:08:05 AM       1     24.00      0.00     76.00      0.00      0.00      0.00
11:08:06 AM       1     18.00      0.00     82.00      0.00      0.00      0.00
11:08:07 AM       1     23.23      0.00     76.77      0.00      0.00      0.00
11:08:08 AM       1     22.00      0.00     78.00      0.00      0.00      0.00
11:08:09 AM       1     20.79      0.00     79.21      0.00      0.00      0.00
11:08:10 AM       1     25.00      0.00     75.00      0.00      0.00      0.00
11:08:11 AM       1     19.00      0.00     81.00      0.00      0.00      0.00
11:08:12 AM       1     22.22      0.00     77.78      0.00      0.00      0.00
Average:          1     22.80      0.00     77.20      0.00      0.00      0.00
