Linux 3.14.33-regular (node220-2) 	01/06/2017 	_x86_64_	(8 CPU)

10:21:35 AM     CPU     %user     %nice   %system   %iowait    %steal     %idle
10:21:36 AM       1     21.21      0.00     78.79      0.00      0.00      0.00
10:21:37 AM       1     26.73      0.00     73.27      0.00      0.00      0.00
10:21:38 AM       1     21.21      0.00     78.79      0.00      0.00      0.00
10:21:39 AM       1     22.77      0.00     77.23      0.00      0.00      0.00
10:21:40 AM       1     18.18      0.00     81.82      0.00      0.00      0.00
10:21:41 AM       1     19.80      0.00     80.20      0.00      0.00      0.00
10:21:42 AM       1     26.26      0.00     73.74      0.00      0.00      0.00
10:21:43 AM       1     22.00      0.00     78.00      0.00      0.00      0.00
10:21:44 AM       1     24.00      0.00     76.00      0.00      0.00      0.00
10:21:45 AM       1     23.76      0.00     76.24      0.00      0.00      0.00
10:21:46 AM       1     24.00      0.00     76.00      0.00      0.00      0.00
10:21:47 AM       1     20.20      0.00     79.80      0.00      0.00      0.00
10:21:48 AM       1     24.00      0.00     76.00      0.00      0.00      0.00
10:21:49 AM       1     22.00      0.00     78.00      0.00      0.00      0.00
10:21:50 AM       1     20.79      0.00     79.21      0.00      0.00      0.00
10:21:51 AM       1     21.00      0.00     79.00      0.00      0.00      0.00
10:21:52 AM       1     23.00      0.00     77.00      0.00      0.00      0.00
10:21:53 AM       1     25.00      0.00     75.00      0.00      0.00      0.00
10:21:54 AM       1     26.00      0.00     74.00      0.00      0.00      0.00
10:21:55 AM       1     22.00      0.00     78.00      0.00      0.00      0.00
Average:          1     22.70      0.00     77.30      0.00      0.00      0.00
