Linux 3.14.33-regular (node220-2) 	01/06/2017 	_x86_64_	(8 CPU)

02:33:59 AM     CPU     %user     %nice   %system   %iowait    %steal     %idle
02:34:00 AM       1     23.00      0.00     77.00      0.00      0.00      0.00
02:34:01 AM       1     19.00      0.00     81.00      0.00      0.00      0.00
02:34:02 AM       1     20.00      0.00     80.00      0.00      0.00      0.00
02:34:03 AM       1     22.00      0.00     78.00      0.00      0.00      0.00
02:34:04 AM       1     25.00      0.00     75.00      0.00      0.00      0.00
02:34:05 AM       1     22.00      0.00     78.00      0.00      0.00      0.00
02:34:06 AM       1     21.00      0.00     79.00      0.00      0.00      0.00
02:34:07 AM       1     22.00      0.00     78.00      0.00      0.00      0.00
02:34:08 AM       1     23.00      0.00     77.00      0.00      0.00      0.00
02:34:09 AM       1     22.00      0.00     78.00      0.00      0.00      0.00
02:34:10 AM       1     22.00      0.00     78.00      0.00      0.00      0.00
02:34:11 AM       1     21.00      0.00     79.00      0.00      0.00      0.00
02:34:12 AM       1     24.00      0.00     76.00      0.00      0.00      0.00
02:34:13 AM       1     19.00      0.00     81.00      0.00      0.00      0.00
02:34:14 AM       1     21.00      0.00     79.00      0.00      0.00      0.00
02:34:15 AM       1     21.00      0.00     79.00      0.00      0.00      0.00
02:34:16 AM       1     19.80      0.00     80.20      0.00      0.00      0.00
02:34:17 AM       1     22.00      0.00     78.00      0.00      0.00      0.00
02:34:18 AM       1     24.24      0.00     75.76      0.00      0.00      0.00
02:34:19 AM       1     22.00      0.00     78.00      0.00      0.00      0.00
Average:          1     21.75      0.00     78.25      0.00      0.00      0.00
