Linux 3.14.33-regular (node220-2) 	01/06/2017 	_x86_64_	(8 CPU)

12:27:58 PM     CPU     %user     %nice   %system   %iowait    %steal     %idle
12:27:59 PM       1     19.00      0.00     81.00      0.00      0.00      0.00
12:28:00 PM       1     18.00      0.00     82.00      0.00      0.00      0.00
12:28:01 PM       1     22.00      0.00     78.00      0.00      0.00      0.00
12:28:02 PM       1     28.00      0.00     72.00      0.00      0.00      0.00
12:28:03 PM       1     23.00      0.00     77.00      0.00      0.00      0.00
12:28:04 PM       1     25.00      0.00     75.00      0.00      0.00      0.00
12:28:05 PM       1     26.00      0.00     74.00      0.00      0.00      0.00
12:28:06 PM       1     22.00      0.00     78.00      0.00      0.00      0.00
12:28:07 PM       1     25.00      0.00     75.00      0.00      0.00      0.00
12:28:08 PM       1     19.00      0.00     81.00      0.00      0.00      0.00
12:28:09 PM       1     19.00      0.00     81.00      0.00      0.00      0.00
12:28:10 PM       1     25.00      0.00     75.00      0.00      0.00      0.00
12:28:11 PM       1     27.00      0.00     73.00      0.00      0.00      0.00
12:28:12 PM       1     25.00      0.00     75.00      0.00      0.00      0.00
12:28:13 PM       1     19.00      0.00     81.00      0.00      0.00      0.00
12:28:14 PM       1     19.00      0.00     81.00      0.00      0.00      0.00
12:28:15 PM       1     20.20      0.00     79.80      0.00      0.00      0.00
12:28:16 PM       1     22.77      0.00     77.23      0.00      0.00      0.00
12:28:17 PM       1     20.00      0.00     80.00      0.00      0.00      0.00
12:28:18 PM       1     21.00      0.00     79.00      0.00      0.00      0.00
Average:          1     22.25      0.00     77.75      0.00      0.00      0.00
