Linux 3.14.33-regular (node220-2) 	01/06/2017 	_x86_64_	(8 CPU)

06:22:00 AM     CPU     %user     %nice   %system   %iowait    %steal     %idle
06:22:01 AM       1     22.22      0.00     77.78      0.00      0.00      0.00
06:22:02 AM       1     21.78      0.00     78.22      0.00      0.00      0.00
06:22:03 AM       1     20.20      0.00     79.80      0.00      0.00      0.00
06:22:04 AM       1     20.00      0.00     80.00      0.00      0.00      0.00
06:22:05 AM       1     25.74      0.00     74.26      0.00      0.00      0.00
06:22:06 AM       1     24.24      0.00     75.76      0.00      0.00      0.00
06:22:07 AM       1     24.75      0.00     75.25      0.00      0.00      0.00
06:22:08 AM       1     27.00      0.00     73.00      0.00      0.00      0.00
06:22:09 AM       1     19.19      0.00     80.81      0.00      0.00      0.00
06:22:10 AM       1     18.00      0.00     82.00      0.00      0.00      0.00
06:22:11 AM       1     24.00      0.00     76.00      0.00      0.00      0.00
06:22:12 AM       1     25.00      0.00     75.00      0.00      0.00      0.00
06:22:13 AM       1     25.74      0.00     74.26      0.00      0.00      0.00
06:22:14 AM       1     20.20      0.00     79.80      0.00      0.00      0.00
06:22:15 AM       1     21.78      0.00     78.22      0.00      0.00      0.00
06:22:16 AM       1     22.22      0.00     77.78      0.00      0.00      0.00
06:22:17 AM       1     21.78      0.00     78.22      0.00      0.00      0.00
06:22:18 AM       1     25.00      0.00     75.00      0.00      0.00      0.00
06:22:19 AM       1     28.00      0.00     72.00      0.00      0.00      0.00
06:22:20 AM       1     21.00      0.00     79.00      0.00      0.00      0.00
Average:          1     22.90      0.00     77.10      0.00      0.00      0.00
