Linux 3.14.33-regular (node220-2) 	01/06/2017 	_x86_64_	(8 CPU)

11:49:32 AM     CPU     %user     %nice   %system   %iowait    %steal     %idle
11:49:33 AM       1     23.23      0.00     76.77      0.00      0.00      0.00
11:49:34 AM       1     24.00      0.00     76.00      0.00      0.00      0.00
11:49:35 AM       1     25.74      0.00     74.26      0.00      0.00      0.00
11:49:36 AM       1     21.21      0.00     78.79      0.00      0.00      0.00
11:49:37 AM       1     24.00      0.00     76.00      0.00      0.00      0.00
11:49:38 AM       1     23.76      0.00     76.24      0.00      0.00      0.00
11:49:39 AM       1     23.23      0.00     76.77      0.00      0.00      0.00
11:49:40 AM       1     21.78      0.00     78.22      0.00      0.00      0.00
11:49:41 AM       1     24.00      0.00     76.00      0.00      0.00      0.00
11:49:42 AM       1     24.24      0.00     75.76      0.00      0.00      0.00
11:49:43 AM       1     25.00      0.00     75.00      0.00      0.00      0.00
11:49:44 AM       1     20.79      0.00     79.21      0.00      0.00      0.00
11:49:45 AM       1     19.80      0.00     80.20      0.00      0.00      0.00
11:49:46 AM       1     20.00      0.00     80.00      0.00      0.00      0.00
11:49:47 AM       1     20.00      0.00     80.00      0.00      0.00      0.00
11:49:48 AM       1     22.45      0.00     77.55      0.00      0.00      0.00
11:49:49 AM       1     18.81      0.00     81.19      0.00      0.00      0.00
11:49:50 AM       1     25.00      0.00     75.00      0.00      0.00      0.00
11:49:51 AM       1     26.00      0.00     74.00      0.00      0.00      0.00
11:49:52 AM       1     22.00      0.00     78.00      0.00      0.00      0.00
Average:          1     22.75      0.00     77.25      0.00      0.00      0.00
