Linux 3.14.33-regular (node220-2) 	01/06/2017 	_x86_64_	(8 CPU)

11:26:28 AM     CPU     %user     %nice   %system   %iowait    %steal     %idle
11:26:29 AM       1     24.00      0.00     76.00      0.00      0.00      0.00
11:26:30 AM       1     19.00      0.00     81.00      0.00      0.00      0.00
11:26:31 AM       1     17.00      0.00     83.00      0.00      0.00      0.00
11:26:32 AM       1     18.00      0.00     82.00      0.00      0.00      0.00
11:26:33 AM       1     26.00      0.00     74.00      0.00      0.00      0.00
11:26:34 AM       1     24.00      0.00     76.00      0.00      0.00      0.00
11:26:35 AM       1     28.00      0.00     72.00      0.00      0.00      0.00
11:26:36 AM       1     21.00      0.00     79.00      0.00      0.00      0.00
11:26:37 AM       1     24.00      0.00     76.00      0.00      0.00      0.00
11:26:38 AM       1     18.81      0.00     81.19      0.00      0.00      0.00
11:26:39 AM       1     18.18      0.00     81.82      0.00      0.00      0.00
11:26:40 AM       1     29.00      0.00     71.00      0.00      0.00      0.00
11:26:41 AM       1     27.27      0.00     72.73      0.00      0.00      0.00
11:26:42 AM       1     19.80      0.00     80.20      0.00      0.00      0.00
11:26:43 AM       1     24.00      0.00     76.00      0.00      0.00      0.00
11:26:44 AM       1     21.00      0.00     79.00      0.00      0.00      0.00
11:26:45 AM       1     17.00      0.00     83.00      0.00      0.00      0.00
11:26:46 AM       1     25.00      0.00     75.00      0.00      0.00      0.00
11:26:47 AM       1     24.00      0.00     76.00      0.00      0.00      0.00
11:26:48 AM       1     23.00      0.00     77.00      0.00      0.00      0.00
Average:          1     22.40      0.00     77.60      0.00      0.00      0.00
