Linux 3.14.33-regular (node220-2) 	01/06/2017 	_x86_64_	(8 CPU)

11:45:42 AM     CPU     %user     %nice   %system   %iowait    %steal     %idle
11:45:43 AM       1     21.00      0.00     79.00      0.00      0.00      0.00
11:45:44 AM       1     27.00      0.00     73.00      0.00      0.00      0.00
11:45:45 AM       1     23.00      0.00     77.00      0.00      0.00      0.00
11:45:46 AM       1     21.00      0.00     79.00      0.00      0.00      0.00
11:45:47 AM       1     21.00      0.00     79.00      0.00      0.00      0.00
11:45:48 AM       1     20.00      0.00     80.00      0.00      0.00      0.00
11:45:49 AM       1     24.00      0.00     76.00      0.00      0.00      0.00
11:45:50 AM       1     24.00      0.00     76.00      0.00      0.00      0.00
11:45:51 AM       1     22.00      0.00     78.00      0.00      0.00      0.00
11:45:52 AM       1     26.26      0.00     73.74      0.00      0.00      0.00
11:45:53 AM       1     22.00      0.00     78.00      0.00      0.00      0.00
11:45:54 AM       1     20.00      0.00     80.00      0.00      0.00      0.00
11:45:55 AM       1     22.77      0.00     77.23      0.00      0.00      0.00
11:45:56 AM       1     16.00      0.00     84.00      0.00      0.00      0.00
11:45:57 AM       1     21.00      0.00     79.00      0.00      0.00      0.00
11:45:58 AM       1     24.00      0.00     76.00      0.00      0.00      0.00
11:45:59 AM       1     19.00      0.00     81.00      0.00      0.00      0.00
11:46:00 AM       1     20.00      0.00     80.00      0.00      0.00      0.00
11:46:01 AM       1     24.00      0.00     76.00      0.00      0.00      0.00
11:46:02 AM       1     22.77      0.00     77.23      0.00      0.00      0.00
Average:          1     22.04      0.00     77.96      0.00      0.00      0.00
