Linux 3.14.33-regular (node220-2) 	01/06/2017 	_x86_64_	(8 CPU)

12:40:08 PM     CPU     %user     %nice   %system   %iowait    %steal     %idle
12:40:09 PM       1     20.00      0.00     80.00      0.00      0.00      0.00
12:40:10 PM       1     23.76      0.00     76.24      0.00      0.00      0.00
12:40:11 PM       1     28.00      0.00     72.00      0.00      0.00      0.00
12:40:12 PM       1     26.00      0.00     74.00      0.00      0.00      0.00
12:40:13 PM       1     22.00      0.00     78.00      0.00      0.00      0.00
12:40:14 PM       1     22.00      0.00     78.00      0.00      0.00      0.00
12:40:15 PM       1     20.00      0.00     80.00      0.00      0.00      0.00
12:40:16 PM       1     18.00      0.00     82.00      0.00      0.00      0.00
12:40:17 PM       1     19.19      0.00     80.81      0.00      0.00      0.00
12:40:18 PM       1     29.00      0.00     71.00      0.00      0.00      0.00
12:40:19 PM       1     23.76      0.00     76.24      0.00      0.00      0.00
12:40:20 PM       1     22.00      0.00     78.00      0.00      0.00      0.00
12:40:21 PM       1     22.00      0.00     78.00      0.00      0.00      0.00
12:40:22 PM       1     23.00      0.00     77.00      0.00      0.00      0.00
12:40:23 PM       1     25.00      0.00     75.00      0.00      0.00      0.00
12:40:24 PM       1     24.00      0.00     76.00      0.00      0.00      0.00
12:40:25 PM       1     18.18      0.00     81.82      0.00      0.00      0.00
12:40:26 PM       1     19.00      0.00     81.00      0.00      0.00      0.00
12:40:27 PM       1     23.00      0.00     77.00      0.00      0.00      0.00
12:40:28 PM       1     22.77      0.00     77.23      0.00      0.00      0.00
Average:          1     22.54      0.00     77.46      0.00      0.00      0.00
