Linux 3.14.33-regular (node220-2) 	01/06/2017 	_x86_64_	(8 CPU)

10:06:52 AM     CPU     %user     %nice   %system   %iowait    %steal     %idle
10:06:53 AM       1     23.76      0.00     76.24      0.00      0.00      0.00
10:06:54 AM       1     21.00      0.00     79.00      0.00      0.00      0.00
10:06:55 AM       1     21.21      0.00     78.79      0.00      0.00      0.00
10:06:56 AM       1     16.83      0.00     83.17      0.00      0.00      0.00
10:06:57 AM       1     21.00      0.00     79.00      0.00      0.00      0.00
10:06:58 AM       1     23.23      0.00     76.77      0.00      0.00      0.00
10:06:59 AM       1     23.00      0.00     77.00      0.00      0.00      0.00
10:07:00 AM       1     25.00      0.00     75.00      0.00      0.00      0.00
10:07:01 AM       1     22.77      0.00     77.23      0.00      0.00      0.00
10:07:02 AM       1     22.22      0.00     77.78      0.00      0.00      0.00
10:07:03 AM       1     23.00      0.00     77.00      0.00      0.00      0.00
10:07:04 AM       1     19.00      0.00     81.00      0.00      0.00      0.00
10:07:05 AM       1     25.00      0.00     75.00      0.00      0.00      0.00
10:07:06 AM       1     23.00      0.00     77.00      0.00      0.00      0.00
10:07:07 AM       1     26.00      0.00     74.00      0.00      0.00      0.00
10:07:08 AM       1     22.00      0.00     78.00      0.00      0.00      0.00
10:07:09 AM       1     26.00      0.00     74.00      0.00      0.00      0.00
10:07:10 AM       1     20.00      0.00     80.00      0.00      0.00      0.00
10:07:11 AM       1     22.00      0.00     78.00      0.00      0.00      0.00
10:07:12 AM       1     17.00      0.00     83.00      0.00      0.00      0.00
Average:          1     22.15      0.00     77.85      0.00      0.00      0.00
