Linux 3.14.33-regular (node220-2) 	01/06/2017 	_x86_64_	(8 CPU)

06:27:45 AM     CPU     %user     %nice   %system   %iowait    %steal     %idle
06:27:46 AM       1     21.21      0.00     78.79      0.00      0.00      0.00
06:27:47 AM       1     22.00      0.00     78.00      0.00      0.00      0.00
06:27:48 AM       1     21.78      0.00     78.22      0.00      0.00      0.00
06:27:49 AM       1     23.00      0.00     77.00      0.00      0.00      0.00
06:27:50 AM       1     23.00      0.00     77.00      0.00      0.00      0.00
06:27:51 AM       1     25.25      0.00     74.75      0.00      0.00      0.00
06:27:52 AM       1     21.78      0.00     78.22      0.00      0.00      0.00
06:27:53 AM       1     21.00      0.00     79.00      0.00      0.00      0.00
06:27:54 AM       1     21.00      0.00     79.00      0.00      0.00      0.00
06:27:55 AM       1     23.00      0.00     77.00      0.00      0.00      0.00
06:27:56 AM       1     23.76      0.00     76.24      0.00      0.00      0.00
06:27:57 AM       1     18.00      0.00     82.00      0.00      0.00      0.00
06:27:58 AM       1     22.22      0.00     77.78      0.00      0.00      0.00
06:27:59 AM       1     18.81      0.00     81.19      0.00      0.00      0.00
06:28:00 AM       1     22.22      0.00     77.78      0.00      0.00      0.00
06:28:01 AM       1     18.81      0.00     81.19      0.00      0.00      0.00
06:28:02 AM       1     21.00      0.00     79.00      0.00      0.00      0.00
06:28:03 AM       1     24.00      0.00     76.00      0.00      0.00      0.00
06:28:04 AM       1     18.18      0.00     81.82      0.00      0.00      0.00
06:28:05 AM       1     20.00      0.00     80.00      0.00      0.00      0.00
Average:          1     21.50      0.00     78.50      0.00      0.00      0.00
