Linux 3.14.33-regular (node220-2) 	01/06/2017 	_x86_64_	(8 CPU)

04:51:39 AM     CPU     %user     %nice   %system   %iowait    %steal     %idle
04:51:40 AM       1     20.79      0.00     79.21      0.00      0.00      0.00
04:51:41 AM       1     19.19      0.00     80.81      0.00      0.00      0.00
04:51:42 AM       1     24.00      0.00     76.00      0.00      0.00      0.00
04:51:43 AM       1     20.79      0.00     79.21      0.00      0.00      0.00
04:51:44 AM       1     21.00      0.00     79.00      0.00      0.00      0.00
04:51:45 AM       1     23.00      0.00     77.00      0.00      0.00      0.00
04:51:46 AM       1     20.20      0.00     79.80      0.00      0.00      0.00
04:51:47 AM       1     20.79      0.00     79.21      0.00      0.00      0.00
04:51:48 AM       1     22.00      0.00     78.00      0.00      0.00      0.00
04:51:49 AM       1     22.00      0.00     78.00      0.00      0.00      0.00
04:51:50 AM       1     20.00      0.00     80.00      0.00      0.00      0.00
04:51:51 AM       1     19.00      0.00     81.00      0.00      0.00      0.00
04:51:52 AM       1     24.00      0.00     76.00      0.00      0.00      0.00
04:51:53 AM       1     24.00      0.00     76.00      0.00      0.00      0.00
04:51:54 AM       1     24.00      0.00     76.00      0.00      0.00      0.00
04:51:55 AM       1     21.00      0.00     79.00      0.00      0.00      0.00
04:51:56 AM       1     26.00      0.00     74.00      0.00      0.00      0.00
04:51:57 AM       1     21.00      0.00     79.00      0.00      0.00      0.00
04:51:58 AM       1     24.00      0.00     76.00      0.00      0.00      0.00
04:51:59 AM       1     23.23      0.00     76.77      0.00      0.00      0.00
Average:          1     22.00      0.00     78.00      0.00      0.00      0.00
