Linux 3.14.33-regular (node220-2) 	01/06/2017 	_x86_64_	(8 CPU)

04:48:28 AM     CPU     %user     %nice   %system   %iowait    %steal     %idle
04:48:29 AM       1     24.00      0.00     76.00      0.00      0.00      0.00
04:48:30 AM       1     22.00      0.00     78.00      0.00      0.00      0.00
04:48:31 AM       1     22.00      0.00     78.00      0.00      0.00      0.00
04:48:32 AM       1     20.00      0.00     80.00      0.00      0.00      0.00
04:48:33 AM       1     27.00      0.00     73.00      0.00      0.00      0.00
04:48:34 AM       1     22.00      0.00     78.00      0.00      0.00      0.00
04:48:35 AM       1     31.00      0.00     69.00      0.00      0.00      0.00
04:48:36 AM       1     21.00      0.00     79.00      0.00      0.00      0.00
04:48:37 AM       1     20.00      0.00     80.00      0.00      0.00      0.00
04:48:38 AM       1     19.80      0.00     80.20      0.00      0.00      0.00
04:48:39 AM       1     25.25      0.00     74.75      0.00      0.00      0.00
04:48:40 AM       1     23.00      0.00     77.00      0.00      0.00      0.00
04:48:41 AM       1     22.00      0.00     78.00      0.00      0.00      0.00
04:48:42 AM       1     24.75      0.00     75.25      0.00      0.00      0.00
04:48:43 AM       1     22.22      0.00     77.78      0.00      0.00      0.00
04:48:44 AM       1     27.00      0.00     73.00      0.00      0.00      0.00
04:48:45 AM       1     22.00      0.00     78.00      0.00      0.00      0.00
04:48:46 AM       1     20.79      0.00     79.21      0.00      0.00      0.00
04:48:47 AM       1     24.24      0.00     75.76      0.00      0.00      0.00
04:48:48 AM       1     23.00      0.00     77.00      0.00      0.00      0.00
Average:          1     23.15      0.00     76.85      0.00      0.00      0.00
