Linux 3.14.33-regular (node220-2) 	01/06/2017 	_x86_64_	(8 CPU)

08:12:52 AM     CPU     %user     %nice   %system   %iowait    %steal     %idle
08:12:53 AM       1     24.75      0.00     75.25      0.00      0.00      0.00
08:12:54 AM       1     21.00      0.00     79.00      0.00      0.00      0.00
08:12:55 AM       1     20.00      0.00     80.00      0.00      0.00      0.00
08:12:56 AM       1     22.00      0.00     78.00      0.00      0.00      0.00
08:12:57 AM       1     22.22      0.00     77.78      0.00      0.00      0.00
08:12:58 AM       1     20.79      0.00     79.21      0.00      0.00      0.00
08:12:59 AM       1     24.24      0.00     75.76      0.00      0.00      0.00
08:13:00 AM       1     23.00      0.00     77.00      0.00      0.00      0.00
08:13:01 AM       1     18.00      0.00     82.00      0.00      0.00      0.00
08:13:02 AM       1     20.79      0.00     79.21      0.00      0.00      0.00
08:13:03 AM       1     26.26      0.00     73.74      0.00      0.00      0.00
08:13:04 AM       1     24.75      0.00     75.25      0.00      0.00      0.00
08:13:05 AM       1     22.00      0.00     78.00      0.00      0.00      0.00
08:13:06 AM       1     24.00      0.00     76.00      0.00      0.00      0.00
08:13:07 AM       1     23.00      0.00     77.00      0.00      0.00      0.00
08:13:08 AM       1     23.00      0.00     77.00      0.00      0.00      0.00
08:13:09 AM       1     21.00      0.00     79.00      0.00      0.00      0.00
08:13:10 AM       1     26.26      0.00     73.74      0.00      0.00      0.00
08:13:11 AM       1     22.77      0.00     77.23      0.00      0.00      0.00
08:13:12 AM       1     27.27      0.00     72.73      0.00      0.00      0.00
Average:          1     22.85      0.00     77.15      0.00      0.00      0.00
