Linux 3.14.33-regular (node220-2) 	01/06/2017 	_x86_64_	(8 CPU)

09:42:31 AM     CPU     %user     %nice   %system   %iowait    %steal     %idle
09:42:32 AM       1     24.24      0.00     75.76      0.00      0.00      0.00
09:42:33 AM       1     21.00      0.00     79.00      0.00      0.00      0.00
09:42:34 AM       1     22.00      0.00     78.00      0.00      0.00      0.00
09:42:35 AM       1     25.74      0.00     74.26      0.00      0.00      0.00
09:42:36 AM       1     18.18      0.00     81.82      0.00      0.00      0.00
09:42:37 AM       1     20.00      0.00     80.00      0.00      0.00      0.00
09:42:38 AM       1     22.00      0.00     78.00      0.00      0.00      0.00
09:42:39 AM       1     24.75      0.00     75.25      0.00      0.00      0.00
09:42:40 AM       1     23.23      0.00     76.77      0.00      0.00      0.00
09:42:41 AM       1     22.00      0.00     78.00      0.00      0.00      0.00
09:42:42 AM       1     20.00      0.00     80.00      0.00      0.00      0.00
09:42:43 AM       1     21.00      0.00     79.00      0.00      0.00      0.00
09:42:44 AM       1     23.00      0.00     77.00      0.00      0.00      0.00
09:42:45 AM       1     22.00      0.00     78.00      0.00      0.00      0.00
09:42:46 AM       1     22.00      0.00     78.00      0.00      0.00      0.00
09:42:47 AM       1     23.00      0.00     77.00      0.00      0.00      0.00
09:42:48 AM       1     26.00      0.00     74.00      0.00      0.00      0.00
09:42:49 AM       1     26.00      0.00     74.00      0.00      0.00      0.00
09:42:50 AM       1     25.00      0.00     75.00      0.00      0.00      0.00
09:42:51 AM       1     24.00      0.00     76.00      0.00      0.00      0.00
Average:          1     22.76      0.00     77.24      0.00      0.00      0.00
