Linux 3.14.33-regular (node220-2) 	01/06/2017 	_x86_64_	(8 CPU)

11:27:06 AM     CPU     %user     %nice   %system   %iowait    %steal     %idle
11:27:07 AM       1     23.00      0.00     77.00      0.00      0.00      0.00
11:27:08 AM       1     22.00      0.00     78.00      0.00      0.00      0.00
11:27:09 AM       1     19.00      0.00     81.00      0.00      0.00      0.00
11:27:10 AM       1     18.00      0.00     82.00      0.00      0.00      0.00
11:27:11 AM       1     23.00      0.00     77.00      0.00      0.00      0.00
11:27:12 AM       1     20.00      0.00     80.00      0.00      0.00      0.00
11:27:13 AM       1     18.00      0.00     82.00      0.00      0.00      0.00
11:27:14 AM       1     21.00      0.00     79.00      0.00      0.00      0.00
11:27:15 AM       1     23.00      0.00     77.00      0.00      0.00      0.00
11:27:16 AM       1     24.24      0.00     75.76      0.00      0.00      0.00
11:27:17 AM       1     22.00      0.00     78.00      0.00      0.00      0.00
11:27:18 AM       1     20.00      0.00     80.00      0.00      0.00      0.00
11:27:19 AM       1     20.59      0.00     79.41      0.00      0.00      0.00
11:27:20 AM       1     23.23      0.00     76.77      0.00      0.00      0.00
11:27:21 AM       1     24.00      0.00     76.00      0.00      0.00      0.00
11:27:22 AM       1     20.79      0.00     79.21      0.00      0.00      0.00
11:27:23 AM       1     25.00      0.00     75.00      0.00      0.00      0.00
11:27:24 AM       1     21.21      0.00     78.79      0.00      0.00      0.00
11:27:25 AM       1     24.00      0.00     76.00      0.00      0.00      0.00
11:27:26 AM       1     21.00      0.00     79.00      0.00      0.00      0.00
Average:          1     21.65      0.00     78.35      0.00      0.00      0.00
