Linux 3.14.33-regular (node220-2) 	01/06/2017 	_x86_64_	(8 CPU)

10:00:28 AM     CPU     %user     %nice   %system   %iowait    %steal     %idle
10:00:29 AM       1     21.21      0.00     78.79      0.00      0.00      0.00
10:00:30 AM       1     21.00      0.00     79.00      0.00      0.00      0.00
10:00:31 AM       1     20.00      0.00     80.00      0.00      0.00      0.00
10:00:32 AM       1     16.00      0.00     84.00      0.00      0.00      0.00
10:00:33 AM       1     25.00      0.00     75.00      0.00      0.00      0.00
10:00:34 AM       1     17.00      0.00     83.00      0.00      0.00      0.00
10:00:35 AM       1     18.00      0.00     82.00      0.00      0.00      0.00
10:00:36 AM       1     22.77      0.00     77.23      0.00      0.00      0.00
10:00:37 AM       1     23.00      0.00     77.00      0.00      0.00      0.00
10:00:38 AM       1     23.23      0.00     76.77      0.00      0.00      0.00
10:00:39 AM       1     25.00      0.00     75.00      0.00      0.00      0.00
10:00:40 AM       1     23.00      0.00     77.00      0.00      0.00      0.00
10:00:41 AM       1     23.00      0.00     77.00      0.00      0.00      0.00
10:00:42 AM       1     21.78      0.00     78.22      0.00      0.00      0.00
10:00:43 AM       1     21.00      0.00     79.00      0.00      0.00      0.00
10:00:44 AM       1     19.19      0.00     80.81      0.00      0.00      0.00
10:00:45 AM       1     21.78      0.00     78.22      0.00      0.00      0.00
10:00:46 AM       1     16.16      0.00     83.84      0.00      0.00      0.00
10:00:47 AM       1     19.80      0.00     80.20      0.00      0.00      0.00
10:00:48 AM       1     20.20      0.00     79.80      0.00      0.00      0.00
Average:          1     20.91      0.00     79.09      0.00      0.00      0.00
