Linux 3.14.33-regular (node220-2) 	01/06/2017 	_x86_64_	(8 CPU)

02:58:58 AM     CPU     %user     %nice   %system   %iowait    %steal     %idle
02:58:59 AM       1     19.00      0.00     81.00      0.00      0.00      0.00
02:59:00 AM       1     24.00      0.00     76.00      0.00      0.00      0.00
02:59:01 AM       1     23.00      0.00     77.00      0.00      0.00      0.00
02:59:02 AM       1     21.21      0.00     78.79      0.00      0.00      0.00
02:59:03 AM       1     17.00      0.00     83.00      0.00      0.00      0.00
02:59:04 AM       1     20.00      0.00     80.00      0.00      0.00      0.00
02:59:05 AM       1     25.00      0.00     75.00      0.00      0.00      0.00
02:59:06 AM       1     23.76      0.00     76.24      0.00      0.00      0.00
02:59:07 AM       1     25.00      0.00     75.00      0.00      0.00      0.00
02:59:08 AM       1     22.00      0.00     78.00      0.00      0.00      0.00
02:59:09 AM       1     24.00      0.00     76.00      0.00      0.00      0.00
02:59:10 AM       1     19.19      0.00     80.81      0.00      0.00      0.00
02:59:11 AM       1     18.00      0.00     82.00      0.00      0.00      0.00
02:59:12 AM       1     19.00      0.00     81.00      0.00      0.00      0.00
02:59:13 AM       1     21.00      0.00     79.00      0.00      0.00      0.00
02:59:14 AM       1     20.00      0.00     80.00      0.00      0.00      0.00
02:59:15 AM       1     22.00      0.00     78.00      0.00      0.00      0.00
02:59:16 AM       1     21.00      0.00     79.00      0.00      0.00      0.00
02:59:17 AM       1     24.00      0.00     76.00      0.00      0.00      0.00
02:59:18 AM       1     24.00      0.00     76.00      0.00      0.00      0.00
Average:          1     21.61      0.00     78.39      0.00      0.00      0.00
