Linux 3.14.33-regular (node220-2) 	01/06/2017 	_x86_64_	(8 CPU)

04:57:24 AM     CPU     %user     %nice   %system   %iowait    %steal     %idle
04:57:25 AM       1     24.00      0.00     76.00      0.00      0.00      0.00
04:57:26 AM       1     24.75      0.00     75.25      0.00      0.00      0.00
04:57:27 AM       1     20.20      0.00     79.80      0.00      0.00      0.00
04:57:28 AM       1     21.78      0.00     78.22      0.00      0.00      0.00
04:57:29 AM       1     21.00      0.00     79.00      0.00      0.00      0.00
04:57:30 AM       1     22.00      0.00     78.00      0.00      0.00      0.00
04:57:31 AM       1     20.20      0.00     79.80      0.00      0.00      0.00
04:57:32 AM       1     23.76      0.00     76.24      0.00      0.00      0.00
04:57:33 AM       1     22.00      0.00     78.00      0.00      0.00      0.00
04:57:34 AM       1     20.00      0.00     80.00      0.00      0.00      0.00
04:57:35 AM       1     27.00      0.00     73.00      0.00      0.00      0.00
04:57:36 AM       1     25.00      0.00     75.00      0.00      0.00      0.00
04:57:37 AM       1     24.00      0.00     76.00      0.00      0.00      0.00
04:57:38 AM       1     26.00      0.00     74.00      0.00      0.00      0.00
04:57:39 AM       1     22.00      0.00     78.00      0.00      0.00      0.00
04:57:40 AM       1     28.00      0.00     72.00      0.00      0.00      0.00
04:57:41 AM       1     24.24      0.00     75.76      0.00      0.00      0.00
04:57:42 AM       1     23.00      0.00     77.00      0.00      0.00      0.00
04:57:43 AM       1     25.74      0.00     74.26      0.00      0.00      0.00
04:57:44 AM       1     21.00      0.00     79.00      0.00      0.00      0.00
Average:          1     23.29      0.00     76.71      0.00      0.00      0.00
