Linux 3.14.33-regular (node220-2) 	01/06/2017 	_x86_64_	(8 CPU)

04:59:58 AM     CPU     %user     %nice   %system   %iowait    %steal     %idle
04:59:59 AM       1     21.00      0.00     79.00      0.00      0.00      0.00
05:00:00 AM       1     24.00      0.00     76.00      0.00      0.00      0.00
05:00:01 AM       1     20.00      0.00     80.00      0.00      0.00      0.00
05:00:02 AM       1     23.00      0.00     77.00      0.00      0.00      0.00
05:00:03 AM       1     23.00      0.00     77.00      0.00      0.00      0.00
05:00:04 AM       1     17.17      0.00     82.83      0.00      0.00      0.00
05:00:05 AM       1     20.79      0.00     79.21      0.00      0.00      0.00
05:00:06 AM       1     18.00      0.00     82.00      0.00      0.00      0.00
05:00:07 AM       1     26.26      0.00     73.74      0.00      0.00      0.00
05:00:08 AM       1     21.00      0.00     79.00      0.00      0.00      0.00
05:00:09 AM       1     18.00      0.00     82.00      0.00      0.00      0.00
05:00:10 AM       1     23.00      0.00     77.00      0.00      0.00      0.00
05:00:11 AM       1     20.00      0.00     80.00      0.00      0.00      0.00
05:00:12 AM       1     22.00      0.00     78.00      0.00      0.00      0.00
05:00:13 AM       1     22.00      0.00     78.00      0.00      0.00      0.00
05:00:14 AM       1     22.00      0.00     78.00      0.00      0.00      0.00
05:00:15 AM       1     21.00      0.00     79.00      0.00      0.00      0.00
05:00:16 AM       1     20.00      0.00     80.00      0.00      0.00      0.00
05:00:17 AM       1     29.00      0.00     71.00      0.00      0.00      0.00
05:00:18 AM       1     21.00      0.00     79.00      0.00      0.00      0.00
Average:          1     21.61      0.00     78.39      0.00      0.00      0.00
