Linux 3.14.33-regular (node220-2) 	01/06/2017 	_x86_64_	(8 CPU)

04:55:29 AM     CPU     %user     %nice   %system   %iowait    %steal     %idle
04:55:30 AM       1     23.00      0.00     77.00      0.00      0.00      0.00
04:55:31 AM       1     26.00      0.00     74.00      0.00      0.00      0.00
04:55:32 AM       1     25.00      0.00     75.00      0.00      0.00      0.00
04:55:33 AM       1     23.00      0.00     77.00      0.00      0.00      0.00
04:55:34 AM       1     25.00      0.00     75.00      0.00      0.00      0.00
04:55:35 AM       1     26.00      0.00     74.00      0.00      0.00      0.00
04:55:36 AM       1     22.00      0.00     78.00      0.00      0.00      0.00
04:55:37 AM       1     22.00      0.00     78.00      0.00      0.00      0.00
04:55:38 AM       1     21.00      0.00     79.00      0.00      0.00      0.00
04:55:39 AM       1     25.00      0.00     75.00      0.00      0.00      0.00
04:55:40 AM       1     20.00      0.00     80.00      0.00      0.00      0.00
04:55:41 AM       1     23.00      0.00     77.00      0.00      0.00      0.00
04:55:42 AM       1     21.00      0.00     79.00      0.00      0.00      0.00
04:55:43 AM       1     23.00      0.00     77.00      0.00      0.00      0.00
04:55:44 AM       1     21.00      0.00     79.00      0.00      0.00      0.00
04:55:45 AM       1     18.00      0.00     82.00      0.00      0.00      0.00
04:55:46 AM       1     19.00      0.00     81.00      0.00      0.00      0.00
04:55:47 AM       1     17.00      0.00     83.00      0.00      0.00      0.00
04:55:48 AM       1     20.00      0.00     80.00      0.00      0.00      0.00
04:55:49 AM       1     23.00      0.00     77.00      0.00      0.00      0.00
Average:          1     22.15      0.00     77.85      0.00      0.00      0.00
