Linux 3.14.33-regular (node220-2) 	01/06/2017 	_x86_64_	(8 CPU)

05:39:04 AM     CPU     %user     %nice   %system   %iowait    %steal     %idle
05:39:05 AM       1     23.00      0.00     77.00      0.00      0.00      0.00
05:39:06 AM       1     22.22      0.00     77.78      0.00      0.00      0.00
05:39:07 AM       1     23.00      0.00     77.00      0.00      0.00      0.00
05:39:08 AM       1     23.00      0.00     77.00      0.00      0.00      0.00
05:39:09 AM       1     21.00      0.00     79.00      0.00      0.00      0.00
05:39:10 AM       1     24.75      0.00     75.25      0.00      0.00      0.00
05:39:11 AM       1     24.24      0.00     75.76      0.00      0.00      0.00
05:39:12 AM       1     21.78      0.00     78.22      0.00      0.00      0.00
05:39:13 AM       1     26.00      0.00     74.00      0.00      0.00      0.00
05:39:14 AM       1     20.00      0.00     80.00      0.00      0.00      0.00
05:39:15 AM       1     18.18      0.00     81.82      0.00      0.00      0.00
05:39:16 AM       1     21.78      0.00     78.22      0.00      0.00      0.00
05:39:17 AM       1     19.00      0.00     81.00      0.00      0.00      0.00
05:39:18 AM       1     23.00      0.00     77.00      0.00      0.00      0.00
05:39:19 AM       1     19.80      0.00     80.20      0.00      0.00      0.00
05:39:20 AM       1     22.22      0.00     77.78      0.00      0.00      0.00
05:39:21 AM       1     20.00      0.00     80.00      0.00      0.00      0.00
05:39:22 AM       1     22.00      0.00     78.00      0.00      0.00      0.00
05:39:23 AM       1     27.00      0.00     73.00      0.00      0.00      0.00
05:39:24 AM       1     24.00      0.00     76.00      0.00      0.00      0.00
Average:          1     22.30      0.00     77.70      0.00      0.00      0.00
