Linux 3.14.33-regular (node220-2) 	01/06/2017 	_x86_64_	(8 CPU)

03:55:18 AM     CPU     %user     %nice   %system   %iowait    %steal     %idle
03:55:19 AM       1     18.18      0.00     81.82      0.00      0.00      0.00
03:55:20 AM       1     19.80      0.00     80.20      0.00      0.00      0.00
03:55:21 AM       1     24.00      0.00     76.00      0.00      0.00      0.00
03:55:22 AM       1     26.00      0.00     74.00      0.00      0.00      0.00
03:55:23 AM       1     22.00      0.00     78.00      0.00      0.00      0.00
03:55:24 AM       1     24.00      0.00     76.00      0.00      0.00      0.00
03:55:25 AM       1     20.00      0.00     80.00      0.00      0.00      0.00
03:55:26 AM       1     20.00      0.00     80.00      0.00      0.00      0.00
03:55:27 AM       1     20.00      0.00     80.00      0.00      0.00      0.00
03:55:28 AM       1     20.00      0.00     80.00      0.00      0.00      0.00
03:55:29 AM       1     26.00      0.00     74.00      0.00      0.00      0.00
03:55:30 AM       1     22.00      0.00     78.00      0.00      0.00      0.00
03:55:31 AM       1     21.00      0.00     79.00      0.00      0.00      0.00
03:55:32 AM       1     21.00      0.00     79.00      0.00      0.00      0.00
03:55:33 AM       1     17.00      0.00     83.00      0.00      0.00      0.00
03:55:34 AM       1     25.00      0.00     75.00      0.00      0.00      0.00
03:55:35 AM       1     21.00      0.00     79.00      0.00      0.00      0.00
03:55:36 AM       1     25.00      0.00     75.00      0.00      0.00      0.00
03:55:37 AM       1     24.00      0.00     76.00      0.00      0.00      0.00
03:55:38 AM       1     26.00      0.00     74.00      0.00      0.00      0.00
Average:          1     22.10      0.00     77.90      0.00      0.00      0.00
