Linux 3.14.33-regular (node220-2) 	01/06/2017 	_x86_64_	(8 CPU)

06:51:32 AM     CPU     %user     %nice   %system   %iowait    %steal     %idle
06:51:33 AM       1     22.00      0.00     78.00      0.00      0.00      0.00
06:51:34 AM       1     25.00      0.00     75.00      0.00      0.00      0.00
06:51:35 AM       1     21.00      0.00     79.00      0.00      0.00      0.00
06:51:36 AM       1     23.00      0.00     77.00      0.00      0.00      0.00
06:51:37 AM       1     24.00      0.00     76.00      0.00      0.00      0.00
06:51:38 AM       1     19.19      0.00     80.81      0.00      0.00      0.00
06:51:39 AM       1     24.75      0.00     75.25      0.00      0.00      0.00
06:51:40 AM       1     23.00      0.00     77.00      0.00      0.00      0.00
06:51:41 AM       1     22.00      0.00     78.00      0.00      0.00      0.00
06:51:42 AM       1     23.23      0.00     76.77      0.00      0.00      0.00
06:51:43 AM       1     20.79      0.00     79.21      0.00      0.00      0.00
06:51:44 AM       1     18.18      0.00     81.82      0.00      0.00      0.00
06:51:45 AM       1     19.00      0.00     81.00      0.00      0.00      0.00
06:51:46 AM       1     21.00      0.00     79.00      0.00      0.00      0.00
06:51:47 AM       1     21.00      0.00     79.00      0.00      0.00      0.00
06:51:48 AM       1     20.79      0.00     79.21      0.00      0.00      0.00
06:51:49 AM       1     25.25      0.00     74.75      0.00      0.00      0.00
06:51:50 AM       1     23.00      0.00     77.00      0.00      0.00      0.00
06:51:51 AM       1     21.00      0.00     79.00      0.00      0.00      0.00
06:51:52 AM       1     17.00      0.00     83.00      0.00      0.00      0.00
Average:          1     21.71      0.00     78.29      0.00      0.00      0.00
