Linux 3.14.33-regular (node220-2) 	01/06/2017 	_x86_64_	(8 CPU)

03:16:54 AM     CPU     %user     %nice   %system   %iowait    %steal     %idle
03:16:55 AM       1     20.00      0.00     80.00      0.00      0.00      0.00
03:16:56 AM       1     24.00      0.00     76.00      0.00      0.00      0.00
03:16:57 AM       1     21.21      0.00     78.79      0.00      0.00      0.00
03:16:58 AM       1     22.00      0.00     78.00      0.00      0.00      0.00
03:16:59 AM       1     24.75      0.00     75.25      0.00      0.00      0.00
03:17:00 AM       1     20.20      0.00     79.80      0.00      0.00      0.00
03:17:01 AM       1     25.00      0.00     75.00      0.00      0.00      0.00
03:17:02 AM       1     22.00      0.00     78.00      0.00      0.00      0.00
03:17:03 AM       1     23.00      0.00     77.00      0.00      0.00      0.00
03:17:04 AM       1     22.00      0.00     78.00      0.00      0.00      0.00
03:17:05 AM       1     21.00      0.00     79.00      0.00      0.00      0.00
03:17:06 AM       1     20.00      0.00     80.00      0.00      0.00      0.00
03:17:07 AM       1     19.00      0.00     81.00      0.00      0.00      0.00
03:17:08 AM       1     29.00      0.00     71.00      0.00      0.00      0.00
03:17:09 AM       1     25.00      0.00     75.00      0.00      0.00      0.00
03:17:10 AM       1     20.00      0.00     80.00      0.00      0.00      0.00
03:17:11 AM       1     21.78      0.00     78.22      0.00      0.00      0.00
03:17:12 AM       1     19.00      0.00     81.00      0.00      0.00      0.00
03:17:13 AM       1     23.00      0.00     77.00      0.00      0.00      0.00
03:17:14 AM       1     21.00      0.00     79.00      0.00      0.00      0.00
Average:          1     22.15      0.00     77.85      0.00      0.00      0.00
