Linux 3.14.33-regular (node220-2) 	01/06/2017 	_x86_64_	(8 CPU)

08:19:16 AM     CPU     %user     %nice   %system   %iowait    %steal     %idle
08:19:17 AM       1     21.21      0.00     78.79      0.00      0.00      0.00
08:19:18 AM       1     20.79      0.00     79.21      0.00      0.00      0.00
08:19:19 AM       1     25.00      0.00     75.00      0.00      0.00      0.00
08:19:20 AM       1     18.18      0.00     81.82      0.00      0.00      0.00
08:19:21 AM       1     21.00      0.00     79.00      0.00      0.00      0.00
08:19:22 AM       1     22.77      0.00     77.23      0.00      0.00      0.00
08:19:23 AM       1     21.00      0.00     79.00      0.00      0.00      0.00
08:19:24 AM       1     19.19      0.00     80.81      0.00      0.00      0.00
08:19:25 AM       1     21.00      0.00     79.00      0.00      0.00      0.00
08:19:26 AM       1     22.77      0.00     77.23      0.00      0.00      0.00
08:19:27 AM       1     20.00      0.00     80.00      0.00      0.00      0.00
08:19:28 AM       1     23.23      0.00     76.77      0.00      0.00      0.00
08:19:29 AM       1     15.00      0.00     85.00      0.00      0.00      0.00
08:19:30 AM       1     24.00      0.00     76.00      0.00      0.00      0.00
08:19:31 AM       1     18.00      0.00     82.00      0.00      0.00      0.00
08:19:32 AM       1     22.00      0.00     78.00      0.00      0.00      0.00
08:19:33 AM       1     23.76      0.00     76.24      0.00      0.00      0.00
08:19:34 AM       1     25.25      0.00     74.75      0.00      0.00      0.00
08:19:35 AM       1     23.23      0.00     76.77      0.00      0.00      0.00
08:19:36 AM       1     23.76      0.00     76.24      0.00      0.00      0.00
Average:          1     21.56      0.00     78.44      0.00      0.00      0.00
