Linux 3.14.33-regular (node220-2) 	01/06/2017 	_x86_64_	(8 CPU)

03:31:37 AM     CPU     %user     %nice   %system   %iowait    %steal     %idle
03:31:38 AM       1     21.21      0.00     78.79      0.00      0.00      0.00
03:31:39 AM       1     22.77      0.00     77.23      0.00      0.00      0.00
03:31:40 AM       1     21.00      0.00     79.00      0.00      0.00      0.00
03:31:41 AM       1     22.22      0.00     77.78      0.00      0.00      0.00
03:31:42 AM       1     20.79      0.00     79.21      0.00      0.00      0.00
03:31:43 AM       1     22.22      0.00     77.78      0.00      0.00      0.00
03:31:44 AM       1     22.00      0.00     78.00      0.00      0.00      0.00
03:31:45 AM       1     21.00      0.00     79.00      0.00      0.00      0.00
03:31:46 AM       1     22.00      0.00     78.00      0.00      0.00      0.00
03:31:47 AM       1     22.22      0.00     77.78      0.00      0.00      0.00
03:31:48 AM       1     24.00      0.00     76.00      0.00      0.00      0.00
03:31:49 AM       1     20.00      0.00     80.00      0.00      0.00      0.00
03:31:50 AM       1     25.00      0.00     75.00      0.00      0.00      0.00
03:31:51 AM       1     18.81      0.00     81.19      0.00      0.00      0.00
03:31:52 AM       1     22.00      0.00     78.00      0.00      0.00      0.00
03:31:53 AM       1     20.00      0.00     80.00      0.00      0.00      0.00
03:31:54 AM       1     19.00      0.00     81.00      0.00      0.00      0.00
03:31:55 AM       1     23.00      0.00     77.00      0.00      0.00      0.00
03:31:56 AM       1     22.22      0.00     77.78      0.00      0.00      0.00
03:31:57 AM       1     20.00      0.00     80.00      0.00      0.00      0.00
Average:          1     21.57      0.00     78.43      0.00      0.00      0.00
