Linux 3.14.33-regular (node220-2) 	01/06/2017 	_x86_64_	(8 CPU)

03:08:36 AM     CPU     %user     %nice   %system   %iowait    %steal     %idle
03:08:37 AM       1     23.76      0.00     76.24      0.00      0.00      0.00
03:08:38 AM       1     18.18      0.00     81.82      0.00      0.00      0.00
03:08:39 AM       1     24.00      0.00     76.00      0.00      0.00      0.00
03:08:40 AM       1     23.76      0.00     76.24      0.00      0.00      0.00
03:08:41 AM       1     23.00      0.00     77.00      0.00      0.00      0.00
03:08:42 AM       1     23.00      0.00     77.00      0.00      0.00      0.00
03:08:43 AM       1     26.00      0.00     74.00      0.00      0.00      0.00
03:08:44 AM       1     24.00      0.00     76.00      0.00      0.00      0.00
03:08:45 AM       1     19.00      0.00     81.00      0.00      0.00      0.00
03:08:46 AM       1     25.00      0.00     75.00      0.00      0.00      0.00
03:08:47 AM       1     21.00      0.00     79.00      0.00      0.00      0.00
03:08:48 AM       1     26.00      0.00     74.00      0.00      0.00      0.00
03:08:49 AM       1     24.00      0.00     76.00      0.00      0.00      0.00
03:08:50 AM       1     20.00      0.00     80.00      0.00      0.00      0.00
03:08:51 AM       1     17.00      0.00     83.00      0.00      0.00      0.00
03:08:52 AM       1     20.00      0.00     80.00      0.00      0.00      0.00
03:08:53 AM       1     18.00      0.00     82.00      0.00      0.00      0.00
03:08:54 AM       1     18.00      0.00     82.00      0.00      0.00      0.00
03:08:55 AM       1     24.00      0.00     76.00      0.00      0.00      0.00
03:08:56 AM       1     22.00      0.00     78.00      0.00      0.00      0.00
Average:          1     21.99      0.00     78.01      0.00      0.00      0.00
