Linux 3.14.33-regular (node220-2) 	01/06/2017 	_x86_64_	(8 CPU)

02:45:30 AM     CPU     %user     %nice   %system   %iowait    %steal     %idle
02:45:31 AM       1     22.00      0.00     78.00      0.00      0.00      0.00
02:45:32 AM       1     21.21      0.00     78.79      0.00      0.00      0.00
02:45:33 AM       1     19.80      0.00     80.20      0.00      0.00      0.00
02:45:34 AM       1     19.00      0.00     81.00      0.00      0.00      0.00
02:45:35 AM       1     26.26      0.00     73.74      0.00      0.00      0.00
02:45:36 AM       1     23.76      0.00     76.24      0.00      0.00      0.00
02:45:37 AM       1     22.77      0.00     77.23      0.00      0.00      0.00
02:45:38 AM       1     21.21      0.00     78.79      0.00      0.00      0.00
02:45:39 AM       1     26.00      0.00     74.00      0.00      0.00      0.00
02:45:40 AM       1     21.00      0.00     79.00      0.00      0.00      0.00
02:45:41 AM       1     28.00      0.00     72.00      0.00      0.00      0.00
02:45:42 AM       1     22.00      0.00     78.00      0.00      0.00      0.00
02:45:43 AM       1     23.76      0.00     76.24      0.00      0.00      0.00
02:45:44 AM       1     24.24      0.00     75.76      0.00      0.00      0.00
02:45:45 AM       1     20.00      0.00     80.00      0.00      0.00      0.00
02:45:46 AM       1     22.00      0.00     78.00      0.00      0.00      0.00
02:45:47 AM       1     27.00      0.00     73.00      0.00      0.00      0.00
02:45:48 AM       1     23.76      0.00     76.24      0.00      0.00      0.00
02:45:49 AM       1     21.21      0.00     78.79      0.00      0.00      0.00
02:45:50 AM       1     27.00      0.00     73.00      0.00      0.00      0.00
Average:          1     23.10      0.00     76.90      0.00      0.00      0.00
