Linux 3.14.33-regular (node220-2) 	01/04/2017 	_x86_64_	(8 CPU)

06:44:06 PM     CPU     %user     %nice   %system   %iowait    %steal     %idle
06:44:07 PM       1      4.76      0.00      4.76      0.00      0.00     90.48
06:44:08 PM       1      0.00      0.00     13.04      0.00      0.00     86.96
06:44:09 PM       1      0.00      0.00     13.64      0.00      0.00     86.36
06:44:10 PM       1      0.00      0.00     13.04      0.00      0.00     86.96
06:44:11 PM       1      0.00      0.00     13.64      0.00      0.00     86.36
06:44:12 PM       1      0.00      0.00      9.52      0.00      0.00     90.48
06:44:13 PM       1      0.00      0.00      0.00      0.00      0.00    100.00
06:44:14 PM       1      0.00      0.00      0.00      0.00      0.00    100.00
06:44:15 PM       1      0.00      0.00      5.00      0.00      0.00     95.00
06:44:16 PM       1      0.00      0.00      4.76      0.00      0.00     95.24
06:44:17 PM       1      0.00      0.00      4.76      0.00      0.00     95.24
06:44:18 PM       1      0.00      0.00      9.52      0.00      0.00     90.48
06:44:19 PM       1      0.00      0.00      0.00      0.00      0.00    100.00
06:44:20 PM       1      0.00      0.00      0.00      0.00      0.00    100.00
06:44:21 PM       1      0.00      0.00      4.76      0.00      0.00     95.24
06:44:22 PM       1      0.00      0.00      9.09      0.00      0.00     90.91
06:44:23 PM       1      0.00      0.00      9.09      0.00      0.00     90.91
06:44:24 PM       1      0.00      0.00      5.00      0.00      0.00     95.00
06:44:25 PM       1      0.00      0.00      0.00      0.00      0.00    100.00
06:44:26 PM       1      0.00      0.00      4.76      0.00      0.00     95.24
Average:          1      0.24      0.00      6.41      0.00      0.00     93.35
