Linux 3.14.33-regular (node220-2) 	01/04/2017 	_x86_64_	(8 CPU)

07:09:02 PM     CPU     %user     %nice   %system   %iowait    %steal     %idle
07:09:03 PM       1      0.00      0.00     13.64      0.00      0.00     86.36
07:09:04 PM       1      4.17      0.00     12.50      0.00      0.00     83.33
07:09:05 PM       1      0.00      0.00      5.00      0.00      0.00     95.00
07:09:06 PM       1      0.00      0.00      9.09      0.00      0.00     90.91
07:09:07 PM       1      0.00      0.00      0.00      0.00      0.00    100.00
07:09:08 PM       1      0.00      0.00      9.09      0.00      0.00     90.91
07:09:09 PM       1      0.00      0.00      4.76      0.00      0.00     95.24
07:09:10 PM       1      0.00      0.00      4.76      0.00      0.00     95.24
07:09:11 PM       1      0.00      0.00      0.00      0.00      0.00    100.00
07:09:12 PM       1      0.00      0.00      4.76      0.00      0.00     95.24
07:09:13 PM       1      0.00      0.00      9.09      0.00      0.00     90.91
07:09:14 PM       1      0.00      0.00      0.00      0.00      0.00    100.00
07:09:15 PM       1      0.00      0.00      4.76      0.00      0.00     95.24
07:09:16 PM       1      0.00      0.00      4.76      0.00      0.00     95.24
07:09:17 PM       1      0.00      0.00      4.76      0.00      0.00     95.24
07:09:18 PM       1      0.00      0.00      5.00      0.00      0.00     95.00
07:09:19 PM       1      0.00      0.00      4.76      0.00      0.00     95.24
07:09:20 PM       1      0.00      0.00      5.00      0.00      0.00     95.00
07:09:21 PM       1      0.00      0.00      0.00      0.00      0.00    100.00
07:09:22 PM       1      0.00      0.00      0.00      0.00      0.00    100.00
Average:          1      0.24      0.00      5.25      0.00      0.00     94.51
