Linux 3.14.33-regular (node220-2) 	01/04/2017 	_x86_64_	(8 CPU)

07:23:08 PM     CPU     %user     %nice   %system   %iowait    %steal     %idle
07:23:09 PM       1      0.00      0.00      4.76      0.00      0.00     95.24
07:23:10 PM       1      0.00      0.00      4.76      0.00      0.00     95.24
07:23:11 PM       1      0.00      0.00      9.52      0.00      0.00     90.48
07:23:12 PM       1      0.00      0.00      4.76      0.00      0.00     95.24
07:23:13 PM       1      0.00      0.00      4.76      0.00      0.00     95.24
07:23:14 PM       1      0.00      0.00      5.00      0.00      0.00     95.00
07:23:15 PM       1      5.00      0.00      0.00      0.00      0.00     95.00
07:23:16 PM       1      0.00      0.00      9.09      0.00      0.00     90.91
07:23:17 PM       1      0.00      0.00      9.52      0.00      0.00     90.48
07:23:18 PM       1      0.00      0.00      4.55      0.00      0.00     95.45
07:23:19 PM       1      0.00      0.00      9.09      0.00      0.00     90.91
07:23:20 PM       1      0.00      0.00      5.00      0.00      0.00     95.00
07:23:21 PM       1      0.00      0.00      4.76      0.00      0.00     95.24
07:23:22 PM       1      0.00      0.00      0.00      0.00      0.00    100.00
07:23:23 PM       1      0.00      0.00      4.76      0.00      0.00     95.24
07:23:24 PM       1      0.00      0.00      9.09      0.00      0.00     90.91
07:23:25 PM       1      0.00      0.00      0.00      0.00      0.00    100.00
07:23:26 PM       1      0.00      0.00      4.76      0.00      0.00     95.24
07:23:27 PM       1      0.00      0.00      4.76      0.00      0.00     95.24
07:23:28 PM       1      0.00      0.00      4.76      0.00      0.00     95.24
Average:          1      0.24      0.00      5.25      0.00      0.00     94.51
