Linux 3.14.33-regular (node220-2) 	01/04/2017 	_x86_64_	(8 CPU)

07:51:52 PM     CPU     %user     %nice   %system   %iowait    %steal     %idle
07:51:53 PM       1      0.00      0.00      9.09      0.00      0.00     90.91
07:51:54 PM       1      0.00      0.00      0.00      0.00      0.00    100.00
07:51:55 PM       1      0.00      0.00      0.00      0.00      0.00    100.00
07:51:56 PM       1      0.00      0.00      0.00      0.00      0.00    100.00
07:51:57 PM       1      0.00      0.00      4.76      0.00      0.00     95.24
07:51:58 PM       1      0.00      0.00      4.76      0.00      0.00     95.24
07:51:59 PM       1      4.55      0.00      4.55      0.00      0.00     90.91
07:52:00 PM       1      0.00      0.00      5.00      0.00      0.00     95.00
07:52:01 PM       1      0.00      0.00      4.76      0.00      0.00     95.24
07:52:02 PM       1      0.00      0.00      4.76      0.00      0.00     95.24
07:52:03 PM       1      0.00      0.00      4.76      0.00      0.00     95.24
07:52:04 PM       1      0.00      0.00      0.00      0.00      0.00    100.00
07:52:05 PM       1      0.00      0.00      4.76      0.00      0.00     95.24
07:52:06 PM       1      0.00      0.00      9.09      0.00      0.00     90.91
07:52:07 PM       1      0.00      0.00      0.00      0.00      0.00    100.00
07:52:08 PM       1      0.00      0.00      0.00      0.00      0.00    100.00
07:52:09 PM       1      0.00      0.00     13.04      0.00      0.00     86.96
07:52:10 PM       1      0.00      0.00      4.76      0.00      0.00     95.24
07:52:11 PM       1      0.00      0.00      4.76      0.00      0.00     95.24
07:52:12 PM       1      0.00      0.00      5.00      0.00      0.00     95.00
Average:          1      0.24      0.00      4.33      0.00      0.00     95.43
