Linux 3.14.33-regular (node220-2) 	01/04/2017 	_x86_64_	(8 CPU)

07:32:43 PM     CPU     %user     %nice   %system   %iowait    %steal     %idle
07:32:44 PM       1      0.00      0.00      4.76      0.00      0.00     95.24
07:32:45 PM       1      0.00      0.00      4.76      0.00      0.00     95.24
07:32:46 PM       1      0.00      0.00      0.00      0.00      0.00    100.00
07:32:47 PM       1      0.00      0.00     13.04      0.00      0.00     86.96
07:32:48 PM       1      0.00      0.00      0.00      0.00      0.00    100.00
07:32:49 PM       1      0.00      0.00      4.76      0.00      0.00     95.24
07:32:50 PM       1      0.00      0.00      0.00      0.00      0.00    100.00
07:32:51 PM       1      0.00      0.00      0.00      0.00      0.00    100.00
07:32:52 PM       1      0.00      0.00      4.76      0.00      0.00     95.24
07:32:53 PM       1      0.00      0.00      4.76      0.00      0.00     95.24
07:32:54 PM       1      0.00      0.00      4.76      0.00      0.00     95.24
07:32:55 PM       1      0.00      0.00      4.76      0.00      0.00     95.24
07:32:56 PM       1      0.00      0.00      9.09      0.00      0.00     90.91
07:32:57 PM       1      0.00      0.00      0.00      0.00      0.00    100.00
07:32:58 PM       1      0.00      0.00      9.09      0.00      0.00     90.91
07:32:59 PM       1      0.00      0.00      0.00      0.00      0.00    100.00
07:33:00 PM       1      0.00      0.00      0.00      0.00      0.00    100.00
07:33:01 PM       1      0.00      0.00      0.00      0.00      0.00    100.00
07:33:02 PM       1      0.00      0.00      4.55      0.00      0.00     95.45
07:33:03 PM       1      0.00      0.00      4.76      0.00      0.00     95.24
Average:          1      0.00      0.00      3.85      0.00      0.00     96.15
