Linux 3.14.33-regular (node220-2) 	01/04/2017 	_x86_64_	(8 CPU)

08:04:00 PM     CPU     %user     %nice   %system   %iowait    %steal     %idle
08:04:01 PM       1      0.00      0.00      4.76      0.00      0.00     95.24
08:04:02 PM       1      0.00      0.00      0.00      0.00      0.00    100.00
08:04:03 PM       1      0.00      0.00      4.76      0.00      0.00     95.24
08:04:04 PM       1      0.00      0.00      5.00      0.00      0.00     95.00
08:04:05 PM       1      0.00      0.00      4.55      0.00      0.00     95.45
08:04:06 PM       1      0.00      0.00      0.00      0.00      0.00    100.00
08:04:07 PM       1      0.00      0.00      9.09      0.00      0.00     90.91
08:04:08 PM       1      0.00      0.00      9.09      0.00      0.00     90.91
08:04:09 PM       1      0.00      0.00      4.76      0.00      0.00     95.24
08:04:10 PM       1      0.00      0.00      0.00      0.00      0.00    100.00
08:04:11 PM       1      0.00      0.00      0.00      0.00      0.00    100.00
08:04:12 PM       1      0.00      0.00      9.52      0.00      0.00     90.48
08:04:13 PM       1      0.00      0.00      4.55      0.00      0.00     95.45
08:04:14 PM       1      0.00      0.00      4.76      0.00      0.00     95.24
08:04:15 PM       1      0.00      0.00      4.76      0.00      0.00     95.24
08:04:16 PM       1      0.00      0.00     13.04      0.00      0.00     86.96
08:04:17 PM       1      0.00      0.00      0.00      0.00      0.00    100.00
08:04:18 PM       1      0.00      0.00      0.00      0.00      0.00    100.00
08:04:19 PM       1      0.00      0.00      4.76      0.00      0.00     95.24
08:04:20 PM       1      0.00      0.00      0.00      0.00      0.00    100.00
Average:          1      0.00      0.00      4.30      0.00      0.00     95.70
