Linux 3.14.33-regular (node220-2) 	01/04/2017 	_x86_64_	(8 CPU)

07:29:32 PM     CPU     %user     %nice   %system   %iowait    %steal     %idle
07:29:33 PM       1      0.00      0.00      4.76      0.00      0.00     95.24
07:29:34 PM       1      0.00      0.00      5.00      0.00      0.00     95.00
07:29:35 PM       1      0.00      0.00      0.00      0.00      0.00    100.00
07:29:36 PM       1      0.00      0.00      0.00      0.00      0.00    100.00
07:29:37 PM       1      0.00      0.00      9.09      0.00      0.00     90.91
07:29:38 PM       1      0.00      0.00      4.76      0.00      0.00     95.24
07:29:39 PM       1      0.00      0.00      9.09      0.00      0.00     90.91
07:29:40 PM       1      0.00      0.00      0.00      0.00      0.00    100.00
07:29:41 PM       1      0.00      0.00      0.00      0.00      0.00    100.00
07:29:42 PM       1      0.00      0.00      9.09      0.00      0.00     90.91
07:29:43 PM       1      0.00      0.00      0.00      0.00      0.00    100.00
07:29:44 PM       1      0.00      0.00      9.09      0.00      0.00     90.91
07:29:45 PM       1      0.00      0.00      4.76      0.00      0.00     95.24
07:29:46 PM       1      0.00      0.00      0.00      0.00      0.00    100.00
07:29:47 PM       1      0.00      0.00      0.00      0.00      0.00    100.00
07:29:48 PM       1      0.00      0.00      9.52      0.00      0.00     90.48
07:29:49 PM       1      4.76      0.00      4.76      0.00      0.00     90.48
07:29:50 PM       1      0.00      0.00      4.76      0.00      0.00     95.24
07:29:51 PM       1      0.00      0.00      0.00      0.00      0.00    100.00
07:29:52 PM       1      0.00      0.00      0.00      0.00      0.00    100.00
Average:          1      0.24      0.00      3.91      0.00      0.00     95.84
