Linux 3.14.33-regular (node220-2) 	01/04/2017 	_x86_64_	(8 CPU)

08:13:36 PM     CPU     %user     %nice   %system   %iowait    %steal     %idle
08:13:37 PM       1      0.00      0.00     13.04      0.00      0.00     86.96
08:13:38 PM       1      0.00      0.00      9.09      0.00      0.00     90.91
08:13:39 PM       1      0.00      0.00      0.00      0.00      0.00    100.00
08:13:40 PM       1      0.00      0.00     17.39      0.00      0.00     82.61
08:13:41 PM       1      0.00      0.00     16.00      0.00      0.00     84.00
08:13:42 PM       1      0.00      0.00      4.76      0.00      0.00     95.24
08:13:43 PM       1      0.00      0.00      4.76      0.00      0.00     95.24
08:13:44 PM       1      0.00      0.00      5.00      0.00      0.00     95.00
08:13:45 PM       1      0.00      0.00      9.09      0.00      0.00     90.91
08:13:46 PM       1      0.00      0.00      5.00      0.00      0.00     95.00
08:13:47 PM       1      0.00      0.00      4.76      0.00      0.00     95.24
08:13:48 PM       1      0.00      0.00      9.09      0.00      0.00     90.91
08:13:49 PM       1      0.00      0.00     13.64      0.00      0.00     86.36
08:13:50 PM       1      0.00      0.00      4.76      0.00      0.00     95.24
08:13:51 PM       1      0.00      0.00      9.52      0.00      0.00     90.48
08:13:52 PM       1      0.00      0.00     13.64      0.00      0.00     86.36
08:13:53 PM       1      0.00      0.00     13.04      0.00      0.00     86.96
08:13:54 PM       1      4.35      0.00      8.70      0.00      0.00     86.96
08:13:55 PM       1      0.00      0.00     13.04      0.00      0.00     86.96
08:13:56 PM       1      0.00      0.00      9.09      0.00      0.00     90.91
Average:          1      0.23      0.00      9.36      0.00      0.00     90.41
