Linux 3.14.33-regular (node220-2) 	01/04/2017 	_x86_64_	(8 CPU)

06:53:43 PM     CPU     %user     %nice   %system   %iowait    %steal     %idle
06:53:44 PM       1      0.00      0.00      9.52      0.00      0.00     90.48
06:53:45 PM       1      0.00      0.00      9.52      0.00      0.00     90.48
06:53:46 PM       1      0.00      0.00      9.09      0.00      0.00     90.91
06:53:47 PM       1      0.00      0.00      0.00      0.00      0.00    100.00
06:53:48 PM       1      0.00      0.00      4.76      0.00      0.00     95.24
06:53:49 PM       1      0.00      0.00      4.76      0.00      0.00     95.24
06:53:50 PM       1      0.00      0.00      0.00      0.00      0.00    100.00
06:53:51 PM       1      0.00      0.00      4.76      0.00      0.00     95.24
06:53:52 PM       1      0.00      0.00      5.00      0.00      0.00     95.00
06:53:53 PM       1      0.00      0.00      4.76      0.00      0.00     95.24
06:53:54 PM       1      0.00      0.00      5.00      0.00      0.00     95.00
06:53:55 PM       1      0.00      0.00      4.76      0.00      0.00     95.24
06:53:56 PM       1      0.00      0.00      0.00      0.00      0.00    100.00
06:53:57 PM       1      0.00      0.00     10.00      0.00      0.00     90.00
06:53:58 PM       1      0.00      0.00      4.76      0.00      0.00     95.24
06:53:59 PM       1      4.55      0.00      4.55      0.00      0.00     90.91
06:54:00 PM       1      0.00      0.00      5.00      0.00      0.00     95.00
06:54:01 PM       1      0.00      0.00      0.00      0.00      0.00    100.00
06:54:02 PM       1      0.00      0.00      4.76      0.00      0.00     95.24
06:54:03 PM       1      0.00      0.00      9.09      0.00      0.00     90.91
Average:          1      0.24      0.00      5.06      0.00      0.00     94.70
