Linux 3.14.33-regular (node220-2) 	01/04/2017 	_x86_64_	(8 CPU)

06:36:26 PM     CPU     %user     %nice   %system   %iowait    %steal     %idle
06:36:27 PM       1      0.00      0.00      9.52      0.00      0.00     90.48
06:36:28 PM       1      0.00      0.00     13.04      0.00      0.00     86.96
06:36:29 PM       1      0.00      0.00     13.04      0.00      0.00     86.96
06:36:30 PM       1      0.00      0.00     13.04      0.00      0.00     86.96
06:36:31 PM       1      0.00      0.00      4.76      0.00      0.00     95.24
06:36:32 PM       1      0.00      0.00      9.09      0.00      0.00     90.91
06:36:33 PM       1      0.00      0.00      9.09      0.00      0.00     90.91
06:36:34 PM       1      0.00      0.00     16.67      0.00      0.00     83.33
06:36:35 PM       1      0.00      0.00      9.09      0.00      0.00     90.91
06:36:36 PM       1      0.00      0.00      4.76      0.00      0.00     95.24
06:36:37 PM       1      0.00      0.00     16.67      0.00      0.00     83.33
06:36:38 PM       1      0.00      0.00      5.00      0.00      0.00     95.00
06:36:39 PM       1      0.00      0.00     13.04      0.00      0.00     86.96
06:36:40 PM       1      0.00      0.00     13.04      0.00      0.00     86.96
06:36:41 PM       1      0.00      0.00      9.09      0.00      0.00     90.91
06:36:42 PM       1      0.00      0.00      9.09      0.00      0.00     90.91
06:36:43 PM       1      0.00      0.00     13.04      0.00      0.00     86.96
06:36:44 PM       1      0.00      0.00      9.09      0.00      0.00     90.91
06:36:45 PM       1      0.00      0.00      9.09      0.00      0.00     90.91
06:36:46 PM       1      0.00      0.00     13.04      0.00      0.00     86.96
Average:          1      0.00      0.00     10.76      0.00      0.00     89.24
