Linux 3.14.33-regular (node220-2) 	01/04/2017 	_x86_64_	(8 CPU)

07:13:30 PM     CPU     %user     %nice   %system   %iowait    %steal     %idle
07:13:31 PM       1      0.00      0.00      0.00      0.00      0.00    100.00
07:13:32 PM       1      4.35      0.00     13.04      0.00      0.00     82.61
07:13:33 PM       1      0.00      0.00     13.04      0.00      0.00     86.96
07:13:34 PM       1      0.00      0.00      9.52      0.00      0.00     90.48
07:13:35 PM       1      0.00      0.00      5.00      0.00      0.00     95.00
07:13:36 PM       1      0.00      0.00      9.09      0.00      0.00     90.91
07:13:37 PM       1      4.35      0.00      8.70      0.00      0.00     86.96
07:13:38 PM       1      0.00      0.00      0.00      0.00      0.00    100.00
07:13:39 PM       1      0.00      0.00      9.09      0.00      0.00     90.91
07:13:40 PM       1      0.00      0.00      9.09      0.00      0.00     90.91
07:13:41 PM       1      0.00      0.00      9.09      0.00      0.00     90.91
07:13:42 PM       1      0.00      0.00      9.09      0.00      0.00     90.91
07:13:43 PM       1      0.00      0.00      4.76      0.00      0.00     95.24
07:13:44 PM       1      0.00      0.00     13.04      0.00      0.00     86.96
07:13:45 PM       1      0.00      0.00      9.09      0.00      0.00     90.91
07:13:46 PM       1      0.00      0.00     17.39      0.00      0.00     82.61
07:13:47 PM       1      0.00      0.00      9.52      0.00      0.00     90.48
07:13:48 PM       1      0.00      0.00      9.09      0.00      0.00     90.91
07:13:49 PM       1      0.00      0.00      9.52      0.00      0.00     90.48
07:13:50 PM       1      0.00      0.00     13.64      0.00      0.00     86.36
Average:          1      0.46      0.00      9.20      0.00      0.00     90.34
