Linux 3.14.33-regular (node220-2) 	01/04/2017 	_x86_64_	(8 CPU)

06:34:31 PM     CPU     %user     %nice   %system   %iowait    %steal     %idle
06:34:32 PM       1      0.00      0.00      9.09      0.00      0.00     90.91
06:34:33 PM       1      0.00      0.00      9.52      0.00      0.00     90.48
06:34:34 PM       1      0.00      0.00      9.52      0.00      0.00     90.48
06:34:35 PM       1      0.00      0.00      9.09      0.00      0.00     90.91
06:34:36 PM       1      0.00      0.00      0.00      0.00      0.00    100.00
06:34:37 PM       1      0.00      0.00      9.09      0.00      0.00     90.91
06:34:38 PM       1      0.00      0.00      0.00      0.00      0.00    100.00
06:34:39 PM       1      0.00      0.00      9.52      0.00      0.00     90.48
06:34:40 PM       1      0.00      0.00      9.09      0.00      0.00     90.91
06:34:41 PM       1      0.00      0.00      0.00      0.00      0.00    100.00
06:34:42 PM       1      0.00      0.00      4.76      0.00      0.00     95.24
06:34:43 PM       1      0.00      0.00      0.00      0.00      0.00    100.00
06:34:44 PM       1      0.00      0.00      9.09      0.00      0.00     90.91
06:34:45 PM       1      0.00      0.00      5.00      0.00      0.00     95.00
06:34:46 PM       1      0.00      0.00      5.00      0.00      0.00     95.00
06:34:47 PM       1      0.00      0.00      4.55      0.00      0.00     95.45
06:34:48 PM       1      0.00      0.00      5.00      0.00      0.00     95.00
06:34:49 PM       1      0.00      0.00      0.00      0.00      0.00    100.00
06:34:50 PM       1      0.00      0.00      0.00      0.00      0.00    100.00
06:34:51 PM       1      0.00      0.00      5.00      0.00      0.00     95.00
Average:          1      0.00      0.00      5.29      0.00      0.00     94.71
