Linux 3.14.33-regular (node220-2) 	01/04/2017 	_x86_64_	(8 CPU)

08:28:57 PM     CPU     %user     %nice   %system   %iowait    %steal     %idle
08:28:58 PM       1      0.00      0.00      0.00      0.00      0.00    100.00
08:28:59 PM       1      0.00      0.00      4.76      0.00      0.00     95.24
08:29:00 PM       1      0.00      0.00      4.76      0.00      0.00     95.24
08:29:01 PM       1      0.00      0.00      5.00      0.00      0.00     95.00
08:29:02 PM       1      0.00      0.00      0.00      0.00      0.00    100.00
08:29:03 PM       1      0.00      0.00      9.09      0.00      0.00     90.91
08:29:04 PM       1      0.00      0.00      9.09      0.00      0.00     90.91
08:29:05 PM       1      0.00      0.00      0.00      0.00      0.00    100.00
08:29:06 PM       1      0.00      0.00      0.00      0.00      0.00    100.00
08:29:07 PM       1      0.00      0.00      0.00      0.00      0.00    100.00
08:29:08 PM       1      0.00      0.00      5.00      0.00      0.00     95.00
08:29:09 PM       1      0.00      0.00      8.70      0.00      0.00     91.30
08:29:10 PM       1      0.00      0.00      0.00      0.00      0.00    100.00
08:29:11 PM       1      0.00      0.00      4.76      0.00      0.00     95.24
08:29:12 PM       1      0.00      0.00      4.76      0.00      0.00     95.24
08:29:13 PM       1      0.00      0.00      4.76      0.00      0.00     95.24
08:29:14 PM       1      0.00      0.00      4.76      0.00      0.00     95.24
08:29:15 PM       1      0.00      0.00      0.00      0.00      0.00    100.00
08:29:16 PM       1      0.00      0.00      4.76      0.00      0.00     95.24
08:29:17 PM       1      0.00      0.00     13.04      0.00      0.00     86.96
Average:          1      0.00      0.00      4.32      0.00      0.00     95.68
