Linux 3.14.33-regular (node220-2) 	01/04/2017 	_x86_64_	(8 CPU)

07:55:03 PM     CPU     %user     %nice   %system   %iowait    %steal     %idle
07:55:04 PM       1      0.00      0.00     13.64      0.00      0.00     86.36
07:55:05 PM       1      0.00      0.00      0.00      0.00      0.00    100.00
07:55:06 PM       1      0.00      0.00      4.76      0.00      0.00     95.24
07:55:07 PM       1      0.00      0.00      0.00      0.00      0.00    100.00
07:55:08 PM       1      0.00      0.00      9.09      0.00      0.00     90.91
07:55:09 PM       1      0.00      0.00      9.09      0.00      0.00     90.91
07:55:10 PM       1      0.00      0.00      0.00      0.00      0.00    100.00
07:55:11 PM       1      0.00      0.00      9.52      0.00      0.00     90.48
07:55:12 PM       1      0.00      0.00      4.76      0.00      0.00     95.24
07:55:13 PM       1      0.00      0.00      9.52      0.00      0.00     90.48
07:55:14 PM       1      0.00      0.00      5.00      0.00      0.00     95.00
07:55:15 PM       1      0.00      0.00      5.00      0.00      0.00     95.00
07:55:16 PM       1      0.00      0.00      0.00      0.00      0.00    100.00
07:55:17 PM       1      0.00      0.00      5.00      0.00      0.00     95.00
07:55:18 PM       1      0.00      0.00      0.00      0.00      0.00    100.00
07:55:19 PM       1      0.00      0.00      0.00      0.00      0.00    100.00
07:55:20 PM       1      0.00      0.00      9.09      0.00      0.00     90.91
07:55:21 PM       1      0.00      0.00      0.00      0.00      0.00    100.00
07:55:22 PM       1      0.00      0.00      0.00      0.00      0.00    100.00
07:55:23 PM       1      0.00      0.00      5.00      0.00      0.00     95.00
Average:          1      0.00      0.00      4.61      0.00      0.00     95.39
