Linux 3.14.33-regular (node220-2) 	01/04/2017 	_x86_64_	(8 CPU)

08:20:00 PM     CPU     %user     %nice   %system   %iowait    %steal     %idle
08:20:01 PM       1      0.00      0.00      9.52      0.00      0.00     90.48
08:20:02 PM       1      0.00      0.00     13.04      0.00      0.00     86.96
08:20:03 PM       1      0.00      0.00      9.09      0.00      0.00     90.91
08:20:04 PM       1      0.00      0.00      9.52      0.00      0.00     90.48
08:20:05 PM       1      0.00      0.00     16.67      0.00      0.00     83.33
08:20:06 PM       1      0.00      0.00     17.39      0.00      0.00     82.61
08:20:07 PM       1      0.00      0.00      5.00      0.00      0.00     95.00
08:20:08 PM       1      0.00      0.00     20.83      0.00      0.00     79.17
08:20:09 PM       1      0.00      0.00     17.39      0.00      0.00     82.61
08:20:10 PM       1      0.00      0.00      4.76      0.00      0.00     95.24
08:20:11 PM       1      0.00      0.00     13.04      0.00      0.00     86.96
08:20:12 PM       1      4.35      0.00     13.04      0.00      0.00     82.61
08:20:13 PM       1      0.00      0.00     13.04      0.00      0.00     86.96
08:20:14 PM       1      0.00      0.00      4.76      0.00      0.00     95.24
08:20:15 PM       1      0.00      0.00     13.04      0.00      0.00     86.96
08:20:16 PM       1      0.00      0.00      5.00      0.00      0.00     95.00
08:20:17 PM       1      0.00      0.00      9.09      0.00      0.00     90.91
08:20:18 PM       1      0.00      0.00      9.09      0.00      0.00     90.91
08:20:19 PM       1      0.00      0.00     13.04      0.00      0.00     86.96
08:20:20 PM       1      0.00      0.00      9.52      0.00      0.00     90.48
Average:          1      0.23      0.00     11.51      0.00      0.00     88.26
