Linux 3.14.33-regular (node220-2) 	01/04/2017 	_x86_64_	(8 CPU)

08:20:39 PM     CPU     %user     %nice   %system   %iowait    %steal     %idle
08:20:40 PM       1      4.55      0.00      4.55      0.00      0.00     90.91
08:20:41 PM       1      0.00      0.00      9.52      0.00      0.00     90.48
08:20:42 PM       1      0.00      0.00      4.55      0.00      0.00     95.45
08:20:43 PM       1      0.00      0.00      0.00      0.00      0.00    100.00
08:20:44 PM       1      0.00      0.00      5.00      0.00      0.00     95.00
08:20:45 PM       1      0.00      0.00      9.09      0.00      0.00     90.91
08:20:46 PM       1      0.00      0.00      4.55      0.00      0.00     95.45
08:20:47 PM       1      0.00      0.00      4.76      0.00      0.00     95.24
08:20:48 PM       1      0.00      0.00      5.00      0.00      0.00     95.00
08:20:49 PM       1      0.00      0.00      4.55      0.00      0.00     95.45
08:20:50 PM       1      0.00      0.00      4.76      0.00      0.00     95.24
08:20:51 PM       1      0.00      0.00      4.76      0.00      0.00     95.24
08:20:52 PM       1      0.00      0.00      9.09      0.00      0.00     90.91
08:20:53 PM       1      0.00      0.00      4.76      0.00      0.00     95.24
08:20:54 PM       1      0.00      0.00      4.76      0.00      0.00     95.24
08:20:55 PM       1      0.00      0.00      4.76      0.00      0.00     95.24
08:20:56 PM       1      4.55      0.00      4.55      0.00      0.00     90.91
08:20:57 PM       1      0.00      0.00      4.76      0.00      0.00     95.24
08:20:58 PM       1      0.00      0.00      9.52      0.00      0.00     90.48
08:20:59 PM       1      0.00      0.00     13.04      0.00      0.00     86.96
Average:          1      0.47      0.00      5.87      0.00      0.00     93.66
