Linux 3.14.33-regular (node220-2) 	01/04/2017 	_x86_64_	(8 CPU)

06:33:14 PM     CPU     %user     %nice   %system   %iowait    %steal     %idle
06:33:15 PM       1      0.00      0.00      4.76      0.00      0.00     95.24
06:33:16 PM       1      0.00      0.00      9.52      0.00      0.00     90.48
06:33:17 PM       1      0.00      0.00      4.76      0.00      0.00     95.24
06:33:18 PM       1      0.00      0.00      5.00      0.00      0.00     95.00
06:33:19 PM       1      0.00      0.00      4.76      0.00      0.00     95.24
06:33:20 PM       1      0.00      0.00      4.76      0.00      0.00     95.24
06:33:21 PM       1      0.00      0.00      4.76      0.00      0.00     95.24
06:33:22 PM       1      4.55      0.00      9.09      0.00      0.00     86.36
06:33:23 PM       1      0.00      0.00      0.00      0.00      0.00    100.00
06:33:24 PM       1      0.00      0.00      5.00      0.00      0.00     95.00
06:33:25 PM       1      0.00      0.00      4.76      0.00      0.00     95.24
06:33:26 PM       1      0.00      0.00      4.55      0.00      0.00     95.45
06:33:27 PM       1      0.00      0.00      5.00      0.00      0.00     95.00
06:33:28 PM       1      0.00      0.00      9.52      0.00      0.00     90.48
06:33:29 PM       1      0.00      0.00      9.09      0.00      0.00     90.91
06:33:30 PM       1      0.00      0.00     13.64      0.00      0.00     86.36
06:33:31 PM       1      0.00      0.00      0.00      0.00      0.00    100.00
06:33:32 PM       1      0.00      0.00      5.00      0.00      0.00     95.00
06:33:33 PM       1      0.00      0.00      9.09      0.00      0.00     90.91
06:33:34 PM       1      0.00      0.00      4.76      0.00      0.00     95.24
Average:          1      0.24      0.00      5.98      0.00      0.00     93.78
