Linux 3.14.33-regular (node220-2) 	01/04/2017 	_x86_64_	(8 CPU)

07:14:10 PM     CPU     %user     %nice   %system   %iowait    %steal     %idle
07:14:11 PM       1      0.00      0.00      9.52      0.00      0.00     90.48
07:14:12 PM       1      0.00      0.00      0.00      0.00      0.00    100.00
07:14:13 PM       1      0.00      0.00      0.00      0.00      0.00    100.00
07:14:14 PM       1      0.00      0.00      4.55      0.00      0.00     95.45
07:14:15 PM       1      0.00      0.00      4.76      0.00      0.00     95.24
07:14:16 PM       1      0.00      0.00     13.04      0.00      0.00     86.96
07:14:17 PM       1      0.00      0.00      0.00      0.00      0.00    100.00
07:14:18 PM       1      0.00      0.00      0.00      0.00      0.00    100.00
07:14:19 PM       1      4.17      0.00     12.50      0.00      0.00     83.33
07:14:20 PM       1      0.00      0.00      5.00      0.00      0.00     95.00
07:14:21 PM       1      0.00      0.00      4.76      0.00      0.00     95.24
07:14:22 PM       1      0.00      0.00      4.76      0.00      0.00     95.24
07:14:23 PM       1      0.00      0.00      0.00      0.00      0.00    100.00
07:14:24 PM       1      0.00      0.00      9.09      0.00      0.00     90.91
07:14:25 PM       1      0.00      0.00      9.09      0.00      0.00     90.91
07:14:26 PM       1      0.00      0.00      4.76      0.00      0.00     95.24
07:14:27 PM       1      0.00      0.00      0.00      0.00      0.00    100.00
07:14:28 PM       1      0.00      0.00      9.09      0.00      0.00     90.91
07:14:29 PM       1      0.00      0.00      4.76      0.00      0.00     95.24
07:14:30 PM       1      0.00      0.00      0.00      0.00      0.00    100.00
Average:          1      0.24      0.00      5.02      0.00      0.00     94.74
