Linux 3.14.33-regular (node220-2) 	01/04/2017 	_x86_64_	(8 CPU)

08:12:20 PM     CPU     %user     %nice   %system   %iowait    %steal     %idle
08:12:21 PM       1      0.00      0.00      5.00      0.00      0.00     95.00
08:12:22 PM       1      0.00      0.00      4.55      0.00      0.00     95.45
08:12:23 PM       1      0.00      0.00      4.76      0.00      0.00     95.24
08:12:24 PM       1      0.00      0.00      5.00      0.00      0.00     95.00
08:12:25 PM       1      0.00      0.00      4.76      0.00      0.00     95.24
08:12:26 PM       1      0.00      0.00      9.09      0.00      0.00     90.91
08:12:27 PM       1      0.00      0.00      9.52      0.00      0.00     90.48
08:12:28 PM       1      0.00      0.00      4.76      0.00      0.00     95.24
08:12:29 PM       1      0.00      0.00      5.00      0.00      0.00     95.00
08:12:30 PM       1      0.00      0.00      0.00      0.00      0.00    100.00
08:12:31 PM       1      0.00      0.00      0.00      0.00      0.00    100.00
08:12:32 PM       1      0.00      0.00      5.00      0.00      0.00     95.00
08:12:33 PM       1      0.00      0.00      4.76      0.00      0.00     95.24
08:12:34 PM       1      0.00      0.00      0.00      0.00      0.00    100.00
08:12:35 PM       1      0.00      0.00      4.55      0.00      0.00     95.45
08:12:36 PM       1      0.00      0.00      5.00      0.00      0.00     95.00
08:12:37 PM       1      0.00      0.00      4.76      0.00      0.00     95.24
08:12:38 PM       1      0.00      0.00      4.76      0.00      0.00     95.24
08:12:39 PM       1      0.00      0.00      4.55      0.00      0.00     95.45
08:12:40 PM       1      0.00      0.00      5.00      0.00      0.00     95.00
Average:          1      0.00      0.00      4.57      0.00      0.00     95.43
