Linux 3.14.33-regular (node220-2) 	01/04/2017 	_x86_64_	(8 CPU)

07:07:46 PM     CPU     %user     %nice   %system   %iowait    %steal     %idle
07:07:47 PM       1      0.00      0.00      5.00      0.00      0.00     95.00
07:07:48 PM       1      0.00      0.00      0.00      0.00      0.00    100.00
07:07:49 PM       1      0.00      0.00      0.00      0.00      0.00    100.00
07:07:50 PM       1      0.00      0.00      5.00      0.00      0.00     95.00
07:07:51 PM       1      0.00      0.00      9.52      0.00      0.00     90.48
07:07:52 PM       1      0.00      0.00      9.09      0.00      0.00     90.91
07:07:53 PM       1      0.00      0.00      9.09      0.00      0.00     90.91
07:07:54 PM       1      0.00      0.00      4.76      0.00      0.00     95.24
07:07:55 PM       1      0.00      0.00      0.00      0.00      0.00    100.00
07:07:56 PM       1      0.00      0.00      5.00      0.00      0.00     95.00
07:07:57 PM       1      0.00      0.00      4.76      0.00      0.00     95.24
07:07:58 PM       1      0.00      0.00      4.55      0.00      0.00     95.45
07:07:59 PM       1      0.00      0.00      0.00      0.00      0.00    100.00
07:08:00 PM       1      0.00      0.00      9.52      0.00      0.00     90.48
07:08:01 PM       1      0.00      0.00      4.76      0.00      0.00     95.24
07:08:02 PM       1      0.00      0.00      0.00      0.00      0.00    100.00
07:08:03 PM       1      0.00      0.00      4.76      0.00      0.00     95.24
07:08:04 PM       1      0.00      0.00      0.00      0.00      0.00    100.00
07:08:05 PM       1      0.00      0.00      4.76      0.00      0.00     95.24
07:08:06 PM       1      0.00      0.00      4.76      0.00      0.00     95.24
Average:          1      0.00      0.00      4.35      0.00      0.00     95.65
