Linux 3.14.33-regular (node220-2) 	01/04/2017 	_x86_64_	(8 CPU)

06:33:53 PM     CPU     %user     %nice   %system   %iowait    %steal     %idle
06:33:54 PM       1      0.00      0.00      4.76      0.00      0.00     95.24
06:33:55 PM       1      0.00      0.00      4.76      0.00      0.00     95.24
06:33:56 PM       1      0.00      0.00      4.76      0.00      0.00     95.24
06:33:57 PM       1      0.00      0.00      4.76      0.00      0.00     95.24
06:33:58 PM       1      0.00      0.00      0.00      0.00      0.00    100.00
06:33:59 PM       1      0.00      0.00      9.09      0.00      0.00     90.91
06:34:00 PM       1      0.00      0.00      0.00      0.00      0.00    100.00
06:34:01 PM       1      0.00      0.00      0.00      0.00      0.00    100.00
06:34:02 PM       1      0.00      0.00      4.76      0.00      0.00     95.24
06:34:03 PM       1      0.00      0.00      4.76      0.00      0.00     95.24
06:34:04 PM       1      0.00      0.00      5.00      0.00      0.00     95.00
06:34:05 PM       1      0.00      0.00      0.00      0.00      0.00    100.00
06:34:06 PM       1      0.00      0.00      4.76      0.00      0.00     95.24
06:34:07 PM       1      0.00      0.00      4.76      0.00      0.00     95.24
06:34:08 PM       1      0.00      0.00      4.76      0.00      0.00     95.24
06:34:09 PM       1      0.00      0.00      5.00      0.00      0.00     95.00
06:34:10 PM       1      0.00      0.00      4.76      0.00      0.00     95.24
06:34:11 PM       1      0.00      0.00      0.00      0.00      0.00    100.00
06:34:12 PM       1      0.00      0.00      5.00      0.00      0.00     95.00
06:34:13 PM       1      0.00      0.00      9.09      0.00      0.00     90.91
Average:          1      0.00      0.00      4.11      0.00      0.00     95.89
