Linux 3.14.33-regular (node220-2) 	01/04/2017 	_x86_64_	(8 CPU)

08:31:30 PM     CPU     %user     %nice   %system   %iowait    %steal     %idle
08:31:31 PM       1      0.00      0.00      0.00      0.00      0.00    100.00
08:31:32 PM       1      0.00      0.00      9.09      0.00      0.00     90.91
08:31:33 PM       1      0.00      0.00      4.76      0.00      0.00     95.24
08:31:34 PM       1      4.55      0.00      9.09      0.00      0.00     86.36
08:31:35 PM       1      0.00      0.00      0.00      0.00      0.00    100.00
08:31:36 PM       1      0.00      0.00      4.76      0.00      0.00     95.24
08:31:37 PM       1      0.00      0.00      4.76      0.00      0.00     95.24
08:31:38 PM       1      0.00      0.00      4.76      0.00      0.00     95.24
08:31:39 PM       1      0.00      0.00      4.76      0.00      0.00     95.24
08:31:40 PM       1      0.00      0.00      9.09      0.00      0.00     90.91
08:31:41 PM       1      0.00      0.00      0.00      0.00      0.00    100.00
08:31:42 PM       1      0.00      0.00      0.00      0.00      0.00    100.00
08:31:43 PM       1      0.00      0.00      4.76      0.00      0.00     95.24
08:31:44 PM       1      0.00      0.00      0.00      0.00      0.00    100.00
08:31:45 PM       1      0.00      0.00      9.09      0.00      0.00     90.91
08:31:46 PM       1      0.00      0.00      4.76      0.00      0.00     95.24
08:31:47 PM       1      0.00      0.00      0.00      0.00      0.00    100.00
08:31:48 PM       1      0.00      0.00      5.00      0.00      0.00     95.00
08:31:49 PM       1      0.00      0.00      0.00      0.00      0.00    100.00
08:31:50 PM       1      0.00      0.00      9.09      0.00      0.00     90.91
Average:          1      0.24      0.00      4.33      0.00      0.00     95.43
