Linux 3.14.33-regular (node220-2) 	01/04/2017 	_x86_64_	(8 CPU)

07:56:57 PM     CPU     %user     %nice   %system   %iowait    %steal     %idle
07:56:58 PM       1      4.35      0.00      8.70      0.00      0.00     86.96
07:56:59 PM       1      0.00      0.00      9.52      0.00      0.00     90.48
07:57:00 PM       1      0.00      0.00      9.09      0.00      0.00     90.91
07:57:01 PM       1      0.00      0.00      9.09      0.00      0.00     90.91
07:57:02 PM       1      0.00      0.00     13.04      0.00      0.00     86.96
07:57:03 PM       1      0.00      0.00     16.67      0.00      0.00     83.33
07:57:04 PM       1      0.00      0.00     13.04      0.00      0.00     86.96
07:57:05 PM       1      0.00      0.00      9.09      0.00      0.00     90.91
07:57:06 PM       1      0.00      0.00      9.09      0.00      0.00     90.91
07:57:07 PM       1      0.00      0.00     13.64      0.00      0.00     86.36
07:57:08 PM       1      0.00      0.00      9.09      0.00      0.00     90.91
07:57:09 PM       1      0.00      0.00      8.70      0.00      0.00     91.30
07:57:10 PM       1      0.00      0.00     13.04      0.00      0.00     86.96
07:57:11 PM       1      0.00      0.00     13.04      0.00      0.00     86.96
07:57:12 PM       1      0.00      0.00      9.52      0.00      0.00     90.48
07:57:13 PM       1      0.00      0.00      9.09      0.00      0.00     90.91
07:57:14 PM       1      0.00      0.00     13.64      0.00      0.00     86.36
07:57:15 PM       1      0.00      0.00      4.76      0.00      0.00     95.24
07:57:16 PM       1      0.00      0.00     17.39      0.00      0.00     82.61
07:57:17 PM       1      0.00      0.00      9.09      0.00      0.00     90.91
Average:          1      0.22      0.00     10.99      0.00      0.00     88.79
