Linux 3.14.33-regular (node220-2) 	01/04/2017 	_x86_64_	(8 CPU)

06:52:26 PM     CPU     %user     %nice   %system   %iowait    %steal     %idle
06:52:27 PM       1      0.00      0.00      9.09      0.00      0.00     90.91
06:52:28 PM       1      0.00      0.00      9.52      0.00      0.00     90.48
06:52:29 PM       1      0.00      0.00      8.70      0.00      0.00     91.30
06:52:30 PM       1      0.00      0.00      4.76      0.00      0.00     95.24
06:52:31 PM       1      0.00      0.00      4.76      0.00      0.00     95.24
06:52:32 PM       1      0.00      0.00      9.52      0.00      0.00     90.48
06:52:33 PM       1      0.00      0.00      0.00      0.00      0.00    100.00
06:52:34 PM       1      4.00      0.00     20.00      0.00      0.00     76.00
06:52:35 PM       1      0.00      0.00     16.67      0.00      0.00     83.33
06:52:36 PM       1      0.00      0.00      5.00      0.00      0.00     95.00
06:52:37 PM       1      0.00      0.00      0.00      0.00      0.00    100.00
06:52:38 PM       1      0.00      0.00      9.09      0.00      0.00     90.91
06:52:39 PM       1      0.00      0.00      4.76      0.00      0.00     95.24
06:52:40 PM       1      0.00      0.00      9.09      0.00      0.00     90.91
06:52:41 PM       1      0.00      0.00      4.76      0.00      0.00     95.24
06:52:42 PM       1      0.00      0.00     13.04      0.00      0.00     86.96
06:52:43 PM       1      0.00      0.00      4.76      0.00      0.00     95.24
06:52:44 PM       1      0.00      0.00      9.52      0.00      0.00     90.48
06:52:45 PM       1      0.00      0.00      9.09      0.00      0.00     90.91
06:52:46 PM       1      0.00      0.00     13.04      0.00      0.00     86.96
Average:          1      0.23      0.00      8.53      0.00      0.00     91.24
