Linux 3.14.33-regular (node220-2) 	01/04/2017 	_x86_64_	(8 CPU)

07:16:06 PM     CPU     %user     %nice   %system   %iowait    %steal     %idle
07:16:07 PM       1      0.00      0.00      9.09      0.00      0.00     90.91
07:16:08 PM       1      0.00      0.00      9.09      0.00      0.00     90.91
07:16:09 PM       1      0.00      0.00     13.04      0.00      0.00     86.96
07:16:10 PM       1      0.00      0.00     13.04      0.00      0.00     86.96
07:16:11 PM       1      4.35      0.00      8.70      0.00      0.00     86.96
07:16:12 PM       1      0.00      0.00     13.04      0.00      0.00     86.96
07:16:13 PM       1      0.00      0.00      4.76      0.00      0.00     95.24
07:16:14 PM       1      0.00      0.00      9.52      0.00      0.00     90.48
07:16:15 PM       1      0.00      0.00      9.09      0.00      0.00     90.91
07:16:16 PM       1      0.00      0.00      9.09      0.00      0.00     90.91
07:16:17 PM       1      0.00      0.00      9.09      0.00      0.00     90.91
07:16:18 PM       1      0.00      0.00      9.09      0.00      0.00     90.91
07:16:19 PM       1      0.00      0.00      9.09      0.00      0.00     90.91
07:16:20 PM       1      0.00      0.00      9.09      0.00      0.00     90.91
07:16:21 PM       1      0.00      0.00      4.76      0.00      0.00     95.24
07:16:22 PM       1      0.00      0.00      9.52      0.00      0.00     90.48
07:16:23 PM       1      0.00      0.00     13.64      0.00      0.00     86.36
07:16:24 PM       1      0.00      0.00     13.04      0.00      0.00     86.96
07:16:25 PM       1      0.00      0.00     13.04      0.00      0.00     86.96
07:16:26 PM       1      0.00      0.00      9.09      0.00      0.00     90.91
Average:          1      0.23      0.00      9.95      0.00      0.00     89.82
