Linux 3.14.33-regular (node220-2) 	01/04/2017 	_x86_64_	(8 CPU)

08:24:28 PM     CPU     %user     %nice   %system   %iowait    %steal     %idle
08:24:29 PM       1      4.55      0.00     13.64      0.00      0.00     81.82
08:24:30 PM       1      0.00      0.00      5.00      0.00      0.00     95.00
08:24:31 PM       1      0.00      0.00     13.64      0.00      0.00     86.36
08:24:32 PM       1      0.00      0.00      4.76      0.00      0.00     95.24
08:24:33 PM       1      0.00      0.00      5.00      0.00      0.00     95.00
08:24:34 PM       1      0.00      0.00      9.09      0.00      0.00     90.91
08:24:35 PM       1      0.00      0.00      5.00      0.00      0.00     95.00
08:24:36 PM       1      0.00      0.00     13.04      0.00      0.00     86.96
08:24:37 PM       1      0.00      0.00      9.09      0.00      0.00     90.91
08:24:38 PM       1      0.00      0.00     13.64      0.00      0.00     86.36
08:24:39 PM       1      0.00      0.00      9.09      0.00      0.00     90.91
08:24:40 PM       1      0.00      0.00     17.39      0.00      0.00     82.61
08:24:41 PM       1      4.17      0.00     16.67      0.00      0.00     79.17
08:24:42 PM       1      0.00      0.00      5.26      0.00      0.00     94.74
08:24:43 PM       1      0.00      0.00      5.00      0.00      0.00     95.00
08:24:44 PM       1      0.00      0.00     13.04      0.00      0.00     86.96
08:24:45 PM       1      0.00      0.00      5.00      0.00      0.00     95.00
08:24:46 PM       1      0.00      0.00      9.09      0.00      0.00     90.91
08:24:47 PM       1      0.00      0.00      9.09      0.00      0.00     90.91
08:24:48 PM       1      0.00      0.00     17.39      0.00      0.00     82.61
Average:          1      0.46      0.00     10.19      0.00      0.00     89.35
