Linux 3.14.33-regular (node220-2) 	01/04/2017 	_x86_64_	(8 CPU)

07:44:51 PM     CPU     %user     %nice   %system   %iowait    %steal     %idle
07:44:52 PM       1      0.00      0.00      4.76      0.00      0.00     95.24
07:44:53 PM       1      0.00      0.00      4.76      0.00      0.00     95.24
07:44:54 PM       1      0.00      0.00      0.00      0.00      0.00    100.00
07:44:55 PM       1      0.00      0.00      4.76      0.00      0.00     95.24
07:44:56 PM       1      0.00      0.00      0.00      0.00      0.00    100.00
07:44:57 PM       1      0.00      0.00      4.76      0.00      0.00     95.24
07:44:58 PM       1      0.00      0.00      0.00      0.00      0.00    100.00
07:44:59 PM       1      0.00      0.00      4.76      0.00      0.00     95.24
07:45:00 PM       1      0.00      0.00      9.52      0.00      0.00     90.48
07:45:01 PM       1      0.00      0.00      0.00      0.00      0.00    100.00
07:45:02 PM       1      0.00      0.00      4.76      0.00      0.00     95.24
07:45:03 PM       1      0.00      0.00      4.76      0.00      0.00     95.24
07:45:04 PM       1      0.00      0.00      0.00      0.00      0.00    100.00
07:45:05 PM       1      0.00      0.00      0.00      0.00      0.00    100.00
07:45:06 PM       1      0.00      0.00      5.00      0.00      0.00     95.00
07:45:07 PM       1      0.00      0.00      5.00      0.00      0.00     95.00
07:45:08 PM       1      0.00      0.00      4.76      0.00      0.00     95.24
07:45:09 PM       1      0.00      0.00      4.76      0.00      0.00     95.24
07:45:10 PM       1      0.00      0.00      5.00      0.00      0.00     95.00
07:45:11 PM       1      0.00      0.00      5.00      0.00      0.00     95.00
Average:          1      0.00      0.00      3.65      0.00      0.00     96.35
