Linux 3.14.33-regular (node220-2) 	01/04/2017 	_x86_64_	(8 CPU)

07:27:36 PM     CPU     %user     %nice   %system   %iowait    %steal     %idle
07:27:37 PM       1      0.00      0.00      9.52      0.00      0.00     90.48
07:27:38 PM       1      0.00      0.00      0.00      0.00      0.00    100.00
07:27:39 PM       1      0.00      0.00      8.70      0.00      0.00     91.30
07:27:40 PM       1      0.00      0.00      5.00      0.00      0.00     95.00
07:27:41 PM       1      0.00      0.00      9.09      0.00      0.00     90.91
07:27:42 PM       1      0.00      0.00      0.00      0.00      0.00    100.00
07:27:43 PM       1      0.00      0.00      5.00      0.00      0.00     95.00
07:27:44 PM       1      0.00      0.00      9.09      0.00      0.00     90.91
07:27:45 PM       1      0.00      0.00      4.76      0.00      0.00     95.24
07:27:46 PM       1      0.00      0.00      0.00      0.00      0.00    100.00
07:27:47 PM       1      0.00      0.00      4.76      0.00      0.00     95.24
07:27:48 PM       1      0.00      0.00      5.00      0.00      0.00     95.00
07:27:49 PM       1      0.00      0.00      4.76      0.00      0.00     95.24
07:27:50 PM       1      0.00      0.00      4.76      0.00      0.00     95.24
07:27:51 PM       1      0.00      0.00      0.00      0.00      0.00    100.00
07:27:52 PM       1      0.00      0.00      9.52      0.00      0.00     90.48
07:27:53 PM       1      0.00      0.00      4.76      0.00      0.00     95.24
07:27:54 PM       1      0.00      0.00      0.00      0.00      0.00    100.00
07:27:55 PM       1      0.00      0.00      0.00      0.00      0.00    100.00
07:27:56 PM       1      0.00      0.00      9.52      0.00      0.00     90.48
Average:          1      0.00      0.00      4.82      0.00      0.00     95.18
