Linux 3.14.33-regular (node220-2) 	01/04/2017 	_x86_64_	(8 CPU)

06:47:58 PM     CPU     %user     %nice   %system   %iowait    %steal     %idle
06:47:59 PM       1      0.00      0.00      5.26      0.00      0.00     94.74
06:48:00 PM       1      0.00      0.00      9.09      0.00      0.00     90.91
06:48:01 PM       1      0.00      0.00      4.76      0.00      0.00     95.24
06:48:02 PM       1      0.00      0.00      9.09      0.00      0.00     90.91
06:48:03 PM       1      0.00      0.00      4.55      0.00      0.00     95.45
06:48:04 PM       1      0.00      0.00      0.00      0.00      0.00    100.00
06:48:05 PM       1      4.35      0.00      8.70      0.00      0.00     86.96
06:48:06 PM       1      0.00      0.00      5.00      0.00      0.00     95.00
06:48:07 PM       1      0.00      0.00      4.76      0.00      0.00     95.24
06:48:08 PM       1      0.00      0.00      4.76      0.00      0.00     95.24
06:48:09 PM       1      0.00      0.00      4.76      0.00      0.00     95.24
06:48:10 PM       1      0.00      0.00      0.00      0.00      0.00    100.00
06:48:11 PM       1      0.00      0.00      4.76      0.00      0.00     95.24
06:48:12 PM       1      0.00      0.00      5.00      0.00      0.00     95.00
06:48:13 PM       1      4.00      0.00     16.00      0.00      0.00     80.00
06:48:14 PM       1      0.00      0.00      0.00      0.00      0.00    100.00
06:48:15 PM       1      0.00      0.00      9.09      0.00      0.00     90.91
06:48:16 PM       1      0.00      0.00      5.00      0.00      0.00     95.00
06:48:17 PM       1      0.00      0.00      4.55      0.00      0.00     95.45
06:48:18 PM       1      0.00      0.00      4.76      0.00      0.00     95.24
Average:          1      0.47      0.00      5.67      0.00      0.00     93.85
