Linux 3.14.33-regular (node220-2) 	01/04/2017 	_x86_64_	(8 CPU)

06:35:47 PM     CPU     %user     %nice   %system   %iowait    %steal     %idle
06:35:48 PM       1      4.00      0.00     20.00      0.00      0.00     76.00
06:35:49 PM       1      0.00      0.00     13.04      0.00      0.00     86.96
06:35:50 PM       1      0.00      0.00      9.52      0.00      0.00     90.48
06:35:51 PM       1      0.00      0.00     13.64      0.00      0.00     86.36
06:35:52 PM       1      0.00      0.00     13.64      0.00      0.00     86.36
06:35:53 PM       1      0.00      0.00     13.64      0.00      0.00     86.36
06:35:54 PM       1      0.00      0.00      9.52      0.00      0.00     90.48
06:35:55 PM       1      0.00      0.00     13.64      0.00      0.00     86.36
06:35:56 PM       1      0.00      0.00      9.52      0.00      0.00     90.48
06:35:57 PM       1      0.00      0.00      5.00      0.00      0.00     95.00
06:35:58 PM       1      0.00      0.00      9.52      0.00      0.00     90.48
06:35:59 PM       1      0.00      0.00      9.52      0.00      0.00     90.48
06:36:00 PM       1      0.00      0.00     13.04      0.00      0.00     86.96
06:36:01 PM       1      0.00      0.00      9.09      0.00      0.00     90.91
06:36:02 PM       1      0.00      0.00      9.09      0.00      0.00     90.91
06:36:03 PM       1      0.00      0.00     17.39      0.00      0.00     82.61
06:36:04 PM       1      0.00      0.00      9.09      0.00      0.00     90.91
06:36:05 PM       1      0.00      0.00      9.52      0.00      0.00     90.48
06:36:06 PM       1      0.00      0.00      9.09      0.00      0.00     90.91
06:36:07 PM       1      0.00      0.00      9.09      0.00      0.00     90.91
Average:          1      0.23      0.00     11.42      0.00      0.00     88.36
