Linux 3.14.33-regular (node220-2) 	01/04/2017 	_x86_64_	(8 CPU)

08:28:18 PM     CPU     %user     %nice   %system   %iowait    %steal     %idle
08:28:19 PM       1      0.00      0.00      4.76      0.00      0.00     95.24
08:28:20 PM       1      0.00      0.00      9.09      0.00      0.00     90.91
08:28:21 PM       1      0.00      0.00      0.00      0.00      0.00    100.00
08:28:22 PM       1      0.00      0.00      9.09      0.00      0.00     90.91
08:28:23 PM       1      4.76      0.00      0.00      0.00      0.00     95.24
08:28:24 PM       1      0.00      0.00      0.00      0.00      0.00    100.00
08:28:25 PM       1      0.00      0.00      4.76      0.00      0.00     95.24
08:28:26 PM       1      0.00      0.00     16.67      0.00      0.00     83.33
08:28:27 PM       1      0.00      0.00      4.76      0.00      0.00     95.24
08:28:28 PM       1      0.00      0.00      9.09      0.00      0.00     90.91
08:28:29 PM       1      0.00      0.00      8.70      0.00      0.00     91.30
08:28:30 PM       1      0.00      0.00      9.09      0.00      0.00     90.91
08:28:31 PM       1      0.00      0.00     13.04      0.00      0.00     86.96
08:28:32 PM       1      0.00      0.00      9.09      0.00      0.00     90.91
08:28:33 PM       1      0.00      0.00     13.04      0.00      0.00     86.96
08:28:34 PM       1      0.00      0.00      9.09      0.00      0.00     90.91
08:28:35 PM       1      0.00      0.00      9.09      0.00      0.00     90.91
08:28:36 PM       1      0.00      0.00      4.76      0.00      0.00     95.24
08:28:37 PM       1      0.00      0.00      9.09      0.00      0.00     90.91
08:28:38 PM       1      0.00      0.00      4.55      0.00      0.00     95.45
Average:          1      0.23      0.00      7.57      0.00      0.00     92.20
