Linux 3.14.33-regular (node220-2) 	01/04/2017 	_x86_64_	(8 CPU)

07:55:41 PM     CPU     %user     %nice   %system   %iowait    %steal     %idle
07:55:42 PM       1      0.00      0.00      9.09      0.00      0.00     90.91
07:55:43 PM       1      0.00      0.00      4.76      0.00      0.00     95.24
07:55:44 PM       1      0.00      0.00      9.52      0.00      0.00     90.48
07:55:45 PM       1      0.00      0.00      4.76      0.00      0.00     95.24
07:55:46 PM       1      0.00      0.00      0.00      0.00      0.00    100.00
07:55:47 PM       1      0.00      0.00      4.76      0.00      0.00     95.24
07:55:48 PM       1      0.00      0.00      4.76      0.00      0.00     95.24
07:55:49 PM       1      0.00      0.00      4.76      0.00      0.00     95.24
07:55:50 PM       1      0.00      0.00      0.00      0.00      0.00    100.00
07:55:51 PM       1      0.00      0.00      4.76      0.00      0.00     95.24
07:55:52 PM       1      0.00      0.00      5.00      0.00      0.00     95.00
07:55:53 PM       1      0.00      0.00      9.09      0.00      0.00     90.91
07:55:54 PM       1      0.00      0.00      0.00      0.00      0.00    100.00
07:55:55 PM       1      4.17      0.00     12.50      0.00      0.00     83.33
07:55:56 PM       1      0.00      0.00      4.76      0.00      0.00     95.24
07:55:57 PM       1      0.00      0.00      9.09      0.00      0.00     90.91
07:55:58 PM       1      0.00      0.00      0.00      0.00      0.00    100.00
07:55:59 PM       1      0.00      0.00      4.76      0.00      0.00     95.24
07:56:00 PM       1      0.00      0.00      9.09      0.00      0.00     90.91
07:56:01 PM       1      0.00      0.00      4.76      0.00      0.00     95.24
Average:          1      0.24      0.00      5.45      0.00      0.00     94.31
