Linux 3.14.33-regular (node220-2) 	01/04/2017 	_x86_64_	(8 CPU)

06:32:34 PM     CPU     %user     %nice   %system   %iowait    %steal     %idle
06:32:35 PM       1      0.00      0.00      9.09      0.00      0.00     90.91
06:32:36 PM       1      0.00      0.00      5.00      0.00      0.00     95.00
06:32:37 PM       1      0.00      0.00      0.00      0.00      0.00    100.00
06:32:38 PM       1      0.00      0.00      9.09      0.00      0.00     90.91
06:32:39 PM       1      0.00      0.00      0.00      0.00      0.00    100.00
06:32:40 PM       1      0.00      0.00      9.52      0.00      0.00     90.48
06:32:41 PM       1      0.00      0.00      0.00      0.00      0.00    100.00
06:32:42 PM       1      0.00      0.00      4.76      0.00      0.00     95.24
06:32:43 PM       1      0.00      0.00     13.04      0.00      0.00     86.96
06:32:44 PM       1      0.00      0.00      0.00      0.00      0.00    100.00
06:32:45 PM       1      0.00      0.00      4.76      0.00      0.00     95.24
06:32:46 PM       1      0.00      0.00      5.00      0.00      0.00     95.00
06:32:47 PM       1      0.00      0.00      4.76      0.00      0.00     95.24
06:32:48 PM       1      0.00      0.00      4.76      0.00      0.00     95.24
06:32:49 PM       1      0.00      0.00      5.00      0.00      0.00     95.00
06:32:50 PM       1      0.00      0.00      4.76      0.00      0.00     95.24
06:32:51 PM       1      0.00      0.00      4.76      0.00      0.00     95.24
06:32:52 PM       1      0.00      0.00      5.00      0.00      0.00     95.00
06:32:53 PM       1      0.00      0.00      5.00      0.00      0.00     95.00
06:32:54 PM       1      0.00      0.00      0.00      0.00      0.00    100.00
Average:          1      0.00      0.00      4.84      0.00      0.00     95.16
