Linux 3.14.33-regular (node220-2) 	01/04/2017 	_x86_64_	(8 CPU)

08:07:12 PM     CPU     %user     %nice   %system   %iowait    %steal     %idle
08:07:13 PM       1      0.00      0.00      4.76      0.00      0.00     95.24
08:07:14 PM       1      0.00      0.00      9.09      0.00      0.00     90.91
08:07:15 PM       1      0.00      0.00      0.00      0.00      0.00    100.00
08:07:16 PM       1      0.00      0.00      9.09      0.00      0.00     90.91
08:07:17 PM       1      0.00      0.00      4.76      0.00      0.00     95.24
08:07:18 PM       1      0.00      0.00     13.04      0.00      0.00     86.96
08:07:19 PM       1      0.00      0.00      4.76      0.00      0.00     95.24
08:07:20 PM       1      0.00      0.00      9.52      0.00      0.00     90.48
08:07:21 PM       1      0.00      0.00      4.76      0.00      0.00     95.24
08:07:22 PM       1      0.00      0.00      4.55      0.00      0.00     95.45
08:07:23 PM       1      0.00      0.00      5.00      0.00      0.00     95.00
08:07:24 PM       1      0.00      0.00      4.76      0.00      0.00     95.24
08:07:25 PM       1      0.00      0.00      4.76      0.00      0.00     95.24
08:07:26 PM       1      0.00      0.00      9.52      0.00      0.00     90.48
08:07:27 PM       1      0.00      0.00      9.52      0.00      0.00     90.48
08:07:28 PM       1      0.00      0.00      9.52      0.00      0.00     90.48
08:07:29 PM       1      0.00      0.00      9.09      0.00      0.00     90.91
08:07:30 PM       1      0.00      0.00      4.76      0.00      0.00     95.24
08:07:31 PM       1      0.00      0.00      4.76      0.00      0.00     95.24
08:07:32 PM       1      4.55      0.00      4.55      0.00      0.00     90.91
Average:          1      0.24      0.00      6.59      0.00      0.00     93.18
