Linux 3.14.33-regular (node220-2) 	01/04/2017 	_x86_64_	(8 CPU)

07:30:10 PM     CPU     %user     %nice   %system   %iowait    %steal     %idle
07:30:11 PM       1      0.00      0.00      4.76      0.00      0.00     95.24
07:30:12 PM       1      0.00      0.00      9.52      0.00      0.00     90.48
07:30:13 PM       1      0.00      0.00      0.00      0.00      0.00    100.00
07:30:14 PM       1      0.00      0.00      0.00      0.00      0.00    100.00
07:30:15 PM       1      0.00      0.00      4.76      0.00      0.00     95.24
07:30:16 PM       1      0.00      0.00      4.76      0.00      0.00     95.24
07:30:17 PM       1      0.00      0.00      0.00      0.00      0.00    100.00
07:30:18 PM       1      0.00      0.00      4.55      0.00      0.00     95.45
07:30:19 PM       1      0.00      0.00      4.76      0.00      0.00     95.24
07:30:20 PM       1      0.00      0.00      4.76      0.00      0.00     95.24
07:30:21 PM       1      0.00      0.00      4.76      0.00      0.00     95.24
07:30:22 PM       1      0.00      0.00      4.76      0.00      0.00     95.24
07:30:23 PM       1      0.00      0.00      0.00      0.00      0.00    100.00
07:30:24 PM       1      0.00      0.00      9.09      0.00      0.00     90.91
07:30:25 PM       1      0.00      0.00      0.00      0.00      0.00    100.00
07:30:26 PM       1      0.00      0.00      0.00      0.00      0.00    100.00
07:30:27 PM       1      0.00      0.00      4.76      0.00      0.00     95.24
07:30:28 PM       1      0.00      0.00      5.00      0.00      0.00     95.00
07:30:29 PM       1      0.00      0.00      4.55      0.00      0.00     95.45
07:30:30 PM       1      0.00      0.00      0.00      0.00      0.00    100.00
Average:          1      0.00      0.00      3.61      0.00      0.00     96.39
