Linux 3.14.33-regular (node220-2) 	01/04/2017 	_x86_64_	(8 CPU)

08:18:05 PM     CPU     %user     %nice   %system   %iowait    %steal     %idle
08:18:06 PM       1      0.00      0.00      0.00      0.00      0.00    100.00
08:18:07 PM       1      0.00      0.00      9.09      0.00      0.00     90.91
08:18:08 PM       1      0.00      0.00      4.76      0.00      0.00     95.24
08:18:09 PM       1      5.00      0.00      0.00      0.00      0.00     95.00
08:18:10 PM       1      0.00      0.00     13.64      0.00      0.00     86.36
08:18:11 PM       1      0.00      0.00      0.00      0.00      0.00    100.00
08:18:12 PM       1      0.00      0.00      0.00      0.00      0.00    100.00
08:18:13 PM       1      0.00      0.00      4.76      0.00      0.00     95.24
08:18:14 PM       1      0.00      0.00      4.76      0.00      0.00     95.24
08:18:15 PM       1      0.00      0.00      4.76      0.00      0.00     95.24
08:18:16 PM       1      0.00      0.00      4.76      0.00      0.00     95.24
08:18:17 PM       1      0.00      0.00      0.00      0.00      0.00    100.00
08:18:18 PM       1      0.00      0.00      0.00      0.00      0.00    100.00
08:18:19 PM       1      0.00      0.00      4.76      0.00      0.00     95.24
08:18:20 PM       1      0.00      0.00      0.00      0.00      0.00    100.00
08:18:21 PM       1      0.00      0.00      9.52      0.00      0.00     90.48
08:18:22 PM       1      0.00      0.00      4.76      0.00      0.00     95.24
08:18:23 PM       1      0.00      0.00      4.76      0.00      0.00     95.24
08:18:24 PM       1      0.00      0.00      0.00      0.00      0.00    100.00
08:18:25 PM       1      0.00      0.00      5.00      0.00      0.00     95.00
Average:          1      0.24      0.00      3.90      0.00      0.00     95.85
