Linux 3.14.33-regular (node220-2) 	01/04/2017 	_x86_64_	(8 CPU)

08:32:46 PM     CPU     %user     %nice   %system   %iowait    %steal     %idle
08:32:47 PM       1      0.00      0.00      4.76      0.00      0.00     95.24
08:32:48 PM       1      0.00      0.00      5.00      0.00      0.00     95.00
08:32:49 PM       1      0.00      0.00      4.76      0.00      0.00     95.24
08:32:50 PM       1      0.00      0.00      4.76      0.00      0.00     95.24
08:32:51 PM       1      0.00      0.00      0.00      0.00      0.00    100.00
08:32:52 PM       1      0.00      0.00      9.09      0.00      0.00     90.91
08:32:53 PM       1      0.00      0.00      4.76      0.00      0.00     95.24
08:32:54 PM       1      0.00      0.00      0.00      0.00      0.00    100.00
08:32:55 PM       1      0.00      0.00      9.09      0.00      0.00     90.91
08:32:56 PM       1      0.00      0.00     16.67      0.00      0.00     83.33
08:32:57 PM       1      0.00      0.00      0.00      0.00      0.00    100.00
08:32:58 PM       1      0.00      0.00      5.00      0.00      0.00     95.00
08:32:59 PM       1      0.00      0.00      9.09      0.00      0.00     90.91
08:33:00 PM       1      0.00      0.00      5.00      0.00      0.00     95.00
08:33:01 PM       1      0.00      0.00      9.52      0.00      0.00     90.48
08:33:02 PM       1      0.00      0.00      9.52      0.00      0.00     90.48
08:33:03 PM       1      0.00      0.00      0.00      0.00      0.00    100.00
08:33:04 PM       1      0.00      0.00      9.52      0.00      0.00     90.48
08:33:05 PM       1      0.00      0.00      4.76      0.00      0.00     95.24
08:33:06 PM       1      0.00      0.00      4.76      0.00      0.00     95.24
Average:          1      0.00      0.00      6.00      0.00      0.00     94.00
