Linux 3.14.33-regular (node220-2) 	01/04/2017 	_x86_64_	(8 CPU)

08:02:43 PM     CPU     %user     %nice   %system   %iowait    %steal     %idle
08:02:44 PM       1      0.00      0.00     20.00      0.00      0.00     80.00
08:02:45 PM       1      0.00      0.00      4.76      0.00      0.00     95.24
08:02:46 PM       1      0.00      0.00      9.09      0.00      0.00     90.91
08:02:47 PM       1      0.00      0.00      4.76      0.00      0.00     95.24
08:02:48 PM       1      0.00      0.00     13.04      0.00      0.00     86.96
08:02:49 PM       1      4.17      0.00     12.50      0.00      0.00     83.33
08:02:50 PM       1      0.00      0.00      9.09      0.00      0.00     90.91
08:02:51 PM       1      0.00      0.00      4.76      0.00      0.00     95.24
08:02:52 PM       1      0.00      0.00      9.09      0.00      0.00     90.91
08:02:53 PM       1      0.00      0.00     13.04      0.00      0.00     86.96
08:02:54 PM       1      0.00      0.00      4.76      0.00      0.00     95.24
08:02:55 PM       1      0.00      0.00      9.09      0.00      0.00     90.91
08:02:56 PM       1      0.00      0.00      9.09      0.00      0.00     90.91
08:02:57 PM       1      0.00      0.00      9.09      0.00      0.00     90.91
08:02:58 PM       1      0.00      0.00      9.09      0.00      0.00     90.91
08:02:59 PM       1      0.00      0.00     13.04      0.00      0.00     86.96
08:03:00 PM       1      0.00      0.00      4.76      0.00      0.00     95.24
08:03:01 PM       1      0.00      0.00      9.52      0.00      0.00     90.48
08:03:02 PM       1      0.00      0.00     16.67      0.00      0.00     83.33
08:03:03 PM       1      0.00      0.00      9.52      0.00      0.00     90.48
Average:          1      0.23      0.00      9.93      0.00      0.00     89.84
