Linux 3.14.33-regular (node220-2) 	01/04/2017 	_x86_64_	(8 CPU)

07:37:49 PM     CPU     %user     %nice   %system   %iowait    %steal     %idle
07:37:50 PM       1      0.00      0.00     16.67      0.00      0.00     83.33
07:37:51 PM       1      0.00      0.00      9.09      0.00      0.00     90.91
07:37:52 PM       1      0.00      0.00      9.52      0.00      0.00     90.48
07:37:53 PM       1      4.17      0.00     16.67      0.00      0.00     79.17
07:37:54 PM       1      0.00      0.00      5.00      0.00      0.00     95.00
07:37:55 PM       1      0.00      0.00      9.52      0.00      0.00     90.48
07:37:56 PM       1      0.00      0.00     16.67      0.00      0.00     83.33
07:37:57 PM       1      0.00      0.00      9.52      0.00      0.00     90.48
07:37:58 PM       1      0.00      0.00      9.09      0.00      0.00     90.91
07:37:59 PM       1      0.00      0.00      9.09      0.00      0.00     90.91
07:38:00 PM       1      0.00      0.00      4.76      0.00      0.00     95.24
07:38:01 PM       1      0.00      0.00     13.04      0.00      0.00     86.96
07:38:02 PM       1      0.00      0.00     16.67      0.00      0.00     83.33
07:38:03 PM       1      0.00      0.00      5.00      0.00      0.00     95.00
07:38:04 PM       1      0.00      0.00      5.00      0.00      0.00     95.00
07:38:05 PM       1      0.00      0.00      9.09      0.00      0.00     90.91
07:38:06 PM       1      0.00      0.00      9.52      0.00      0.00     90.48
07:38:07 PM       1      0.00      0.00      9.09      0.00      0.00     90.91
07:38:08 PM       1      0.00      0.00      9.09      0.00      0.00     90.91
07:38:09 PM       1      0.00      0.00      9.52      0.00      0.00     90.48
Average:          1      0.23      0.00     10.30      0.00      0.00     89.47
