Linux 3.14.33-regular (node220-2) 	01/04/2017 	_x86_64_	(8 CPU)

08:25:07 PM     CPU     %user     %nice   %system   %iowait    %steal     %idle
08:25:08 PM       1      0.00      0.00     20.83      0.00      0.00     79.17
08:25:09 PM       1      0.00      0.00     16.67      0.00      0.00     83.33
08:25:10 PM       1      0.00      0.00     17.39      0.00      0.00     82.61
08:25:11 PM       1      0.00      0.00      9.09      0.00      0.00     90.91
08:25:12 PM       1      4.35      0.00      8.70      0.00      0.00     86.96
08:25:13 PM       1      0.00      0.00      9.09      0.00      0.00     90.91
08:25:14 PM       1      0.00      0.00     13.64      0.00      0.00     86.36
08:25:15 PM       1      0.00      0.00      9.52      0.00      0.00     90.48
08:25:16 PM       1      0.00      0.00      9.09      0.00      0.00     90.91
08:25:17 PM       1      0.00      0.00      9.09      0.00      0.00     90.91
08:25:18 PM       1      0.00      0.00      9.09      0.00      0.00     90.91
08:25:19 PM       1      0.00      0.00      9.09      0.00      0.00     90.91
08:25:20 PM       1      0.00      0.00     13.64      0.00      0.00     86.36
08:25:21 PM       1      0.00      0.00      9.09      0.00      0.00     90.91
08:25:22 PM       1      0.00      0.00     13.64      0.00      0.00     86.36
08:25:23 PM       1      0.00      0.00      8.70      0.00      0.00     91.30
08:25:24 PM       1      0.00      0.00      5.00      0.00      0.00     95.00
08:25:25 PM       1      0.00      0.00     12.50      0.00      0.00     87.50
08:25:26 PM       1      0.00      0.00     13.04      0.00      0.00     86.96
08:25:27 PM       1      0.00      0.00      4.76      0.00      0.00     95.24
Average:          1      0.22      0.00     11.21      0.00      0.00     88.57
