Linux 3.14.33-regular (node220-2) 	01/04/2017 	_x86_64_	(8 CPU)

07:12:16 PM     CPU     %user     %nice   %system   %iowait    %steal     %idle
07:12:17 PM       1      0.00      0.00     16.67      0.00      0.00     83.33
07:12:18 PM       1      0.00      0.00      9.52      0.00      0.00     90.48
07:12:19 PM       1      0.00      0.00      9.09      0.00      0.00     90.91
07:12:20 PM       1      0.00      0.00     13.04      0.00      0.00     86.96
07:12:21 PM       1      0.00      0.00     13.04      0.00      0.00     86.96
07:12:22 PM       1      0.00      0.00      9.09      0.00      0.00     90.91
07:12:23 PM       1      0.00      0.00      9.09      0.00      0.00     90.91
07:12:24 PM       1      0.00      0.00     13.04      0.00      0.00     86.96
07:12:25 PM       1      0.00      0.00      4.55      0.00      0.00     95.45
07:12:26 PM       1      0.00      0.00     16.67      0.00      0.00     83.33
07:12:27 PM       1      0.00      0.00      8.70      0.00      0.00     91.30
07:12:28 PM       1      0.00      0.00      9.52      0.00      0.00     90.48
07:12:29 PM       1      0.00      0.00      4.76      0.00      0.00     95.24
07:12:30 PM       1      0.00      0.00      8.70      0.00      0.00     91.30
07:12:31 PM       1      0.00      0.00     12.50      0.00      0.00     87.50
07:12:32 PM       1      0.00      0.00      9.09      0.00      0.00     90.91
07:12:33 PM       1      0.00      0.00      9.09      0.00      0.00     90.91
07:12:34 PM       1      0.00      0.00      4.76      0.00      0.00     95.24
07:12:35 PM       1      0.00      0.00     17.39      0.00      0.00     82.61
07:12:36 PM       1      0.00      0.00      0.00      0.00      0.00    100.00
Average:          1      0.00      0.00     10.09      0.00      0.00     89.91
