Linux 3.14.33-regular (node220-2) 	01/04/2017 	_x86_64_	(8 CPU)

06:42:10 PM     CPU     %user     %nice   %system   %iowait    %steal     %idle
06:42:11 PM       1      0.00      0.00      0.00      0.00      0.00    100.00
06:42:12 PM       1      0.00      0.00      9.52      0.00      0.00     90.48
06:42:13 PM       1      0.00      0.00      9.09      0.00      0.00     90.91
06:42:14 PM       1      4.17      0.00     16.67      0.00      0.00     79.17
06:42:15 PM       1      0.00      0.00      9.52      0.00      0.00     90.48
06:42:16 PM       1      0.00      0.00     13.04      0.00      0.00     86.96
06:42:17 PM       1      0.00      0.00      9.09      0.00      0.00     90.91
06:42:18 PM       1      0.00      0.00     26.92      0.00      0.00     73.08
06:42:19 PM       1      0.00      0.00     13.64      0.00      0.00     86.36
06:42:20 PM       1      0.00      0.00     13.04      0.00      0.00     86.96
06:42:21 PM       1      0.00      0.00     13.04      0.00      0.00     86.96
06:42:22 PM       1      0.00      0.00     16.67      0.00      0.00     83.33
06:42:23 PM       1      0.00      0.00      9.09      0.00      0.00     90.91
06:42:24 PM       1      0.00      0.00      9.09      0.00      0.00     90.91
06:42:25 PM       1      0.00      0.00     13.64      0.00      0.00     86.36
06:42:26 PM       1      0.00      0.00     13.04      0.00      0.00     86.96
06:42:27 PM       1      0.00      0.00      9.52      0.00      0.00     90.48
06:42:28 PM       1      0.00      0.00     13.64      0.00      0.00     86.36
06:42:29 PM       1      0.00      0.00     13.04      0.00      0.00     86.96
06:42:30 PM       1      0.00      0.00      9.52      0.00      0.00     90.48
Average:          1      0.22      0.00     12.33      0.00      0.00     87.44
