Linux 3.14.33-regular (node220-2) 	01/04/2017 	_x86_64_	(8 CPU)

07:31:26 PM     CPU     %user     %nice   %system   %iowait    %steal     %idle
07:31:27 PM       1      0.00      0.00      4.76      0.00      0.00     95.24
07:31:28 PM       1      0.00      0.00      9.52      0.00      0.00     90.48
07:31:29 PM       1      0.00      0.00      4.76      0.00      0.00     95.24
07:31:30 PM       1      0.00      0.00      4.76      0.00      0.00     95.24
07:31:31 PM       1      0.00      0.00      0.00      0.00      0.00    100.00
07:31:32 PM       1      0.00      0.00      5.00      0.00      0.00     95.00
07:31:33 PM       1      0.00      0.00      0.00      0.00      0.00    100.00
07:31:34 PM       1      0.00      0.00      4.76      0.00      0.00     95.24
07:31:35 PM       1      4.55      0.00      4.55      0.00      0.00     90.91
07:31:36 PM       1      0.00      0.00      5.00      0.00      0.00     95.00
07:31:37 PM       1      0.00      0.00      5.00      0.00      0.00     95.00
07:31:38 PM       1      0.00      0.00      4.55      0.00      0.00     95.45
07:31:39 PM       1      0.00      0.00      9.09      0.00      0.00     90.91
07:31:40 PM       1      0.00      0.00      5.00      0.00      0.00     95.00
07:31:41 PM       1      0.00      0.00      4.76      0.00      0.00     95.24
07:31:42 PM       1      0.00      0.00      5.00      0.00      0.00     95.00
07:31:43 PM       1      0.00      0.00     13.04      0.00      0.00     86.96
07:31:44 PM       1      0.00      0.00      9.52      0.00      0.00     90.48
07:31:45 PM       1      4.35      0.00      8.70      0.00      0.00     86.96
07:31:46 PM       1      0.00      0.00      0.00      0.00      0.00    100.00
Average:          1      0.48      0.00      5.48      0.00      0.00     94.05
