Linux 3.14.33-regular (node220-2) 	01/04/2017 	_x86_64_	(8 CPU)

08:11:02 PM     CPU     %user     %nice   %system   %iowait    %steal     %idle
08:11:03 PM       1      0.00      0.00      0.00      0.00      0.00    100.00
08:11:04 PM       1      0.00      0.00      0.00      0.00      0.00    100.00
08:11:05 PM       1      0.00      0.00      0.00      0.00      0.00    100.00
08:11:06 PM       1      0.00      0.00      9.09      0.00      0.00     90.91
08:11:07 PM       1      0.00      0.00      0.00      0.00      0.00    100.00
08:11:08 PM       1      0.00      0.00      4.76      0.00      0.00     95.24
08:11:09 PM       1      0.00      0.00      0.00      0.00      0.00    100.00
08:11:10 PM       1      0.00      0.00      9.52      0.00      0.00     90.48
08:11:11 PM       1      0.00      0.00      4.76      0.00      0.00     95.24
08:11:12 PM       1      0.00      0.00      5.00      0.00      0.00     95.00
08:11:13 PM       1      0.00      0.00      9.09      0.00      0.00     90.91
08:11:14 PM       1      0.00      0.00      0.00      0.00      0.00    100.00
08:11:15 PM       1      0.00      0.00      0.00      0.00      0.00    100.00
08:11:16 PM       1      0.00      0.00      9.52      0.00      0.00     90.48
08:11:17 PM       1      0.00      0.00      4.76      0.00      0.00     95.24
08:11:18 PM       1      0.00      0.00     13.64      0.00      0.00     86.36
08:11:19 PM       1      0.00      0.00      0.00      0.00      0.00    100.00
08:11:20 PM       1      4.55      0.00      9.09      0.00      0.00     86.36
08:11:21 PM       1      0.00      0.00      5.00      0.00      0.00     95.00
08:11:22 PM       1      0.00      0.00      9.09      0.00      0.00     90.91
Average:          1      0.24      0.00      4.84      0.00      0.00     94.92
