Linux 3.14.33-regular (node220-2) 	01/04/2017 	_x86_64_	(8 CPU)

07:50:36 PM     CPU     %user     %nice   %system   %iowait    %steal     %idle
07:50:37 PM       1      0.00      0.00      0.00      0.00      0.00    100.00
07:50:38 PM       1      0.00      0.00     13.04      0.00      0.00     86.96
07:50:39 PM       1      0.00      0.00      0.00      0.00      0.00    100.00
07:50:40 PM       1      0.00      0.00     13.64      0.00      0.00     86.36
07:50:41 PM       1      0.00      0.00      9.52      0.00      0.00     90.48
07:50:42 PM       1      0.00      0.00      9.09      0.00      0.00     90.91
07:50:43 PM       1      0.00      0.00      4.76      0.00      0.00     95.24
07:50:44 PM       1      0.00      0.00      9.52      0.00      0.00     90.48
07:50:45 PM       1      0.00      0.00      4.76      0.00      0.00     95.24
07:50:46 PM       1      0.00      0.00      9.09      0.00      0.00     90.91
07:50:47 PM       1      0.00      0.00      9.09      0.00      0.00     90.91
07:50:48 PM       1      0.00      0.00      0.00      0.00      0.00    100.00
07:50:49 PM       1      0.00      0.00      0.00      0.00      0.00    100.00
07:50:50 PM       1      0.00      0.00      0.00      0.00      0.00    100.00
07:50:51 PM       1      0.00      0.00      0.00      0.00      0.00    100.00
07:50:52 PM       1      0.00      0.00      5.00      0.00      0.00     95.00
07:50:53 PM       1      0.00      0.00      9.09      0.00      0.00     90.91
07:50:54 PM       1      0.00      0.00     13.64      0.00      0.00     86.36
07:50:55 PM       1      0.00      0.00     13.64      0.00      0.00     86.36
07:50:56 PM       1      0.00      0.00     23.08      0.00      0.00     76.92
Average:          1      0.00      0.00      7.76      0.00      0.00     92.24
