Linux 3.14.33-regular (node220-2) 	01/04/2017 	_x86_64_	(8 CPU)

08:27:40 PM     CPU     %user     %nice   %system   %iowait    %steal     %idle
08:27:41 PM       1      0.00      0.00     13.64      0.00      0.00     86.36
08:27:42 PM       1      0.00      0.00      9.09      0.00      0.00     90.91
08:27:43 PM       1      0.00      0.00      0.00      0.00      0.00    100.00
08:27:44 PM       1      0.00      0.00     17.39      0.00      0.00     82.61
08:27:45 PM       1      0.00      0.00      9.09      0.00      0.00     90.91
08:27:46 PM       1      0.00      0.00      4.76      0.00      0.00     95.24
08:27:47 PM       1      4.17      0.00     12.50      0.00      0.00     83.33
08:27:48 PM       1      0.00      0.00     20.83      0.00      0.00     79.17
08:27:49 PM       1      0.00      0.00      4.76      0.00      0.00     95.24
08:27:50 PM       1      0.00      0.00     13.04      0.00      0.00     86.96
08:27:51 PM       1      0.00      0.00      9.09      0.00      0.00     90.91
08:27:52 PM       1      0.00      0.00      9.52      0.00      0.00     90.48
08:27:53 PM       1      0.00      0.00      8.70      0.00      0.00     91.30
08:27:54 PM       1      0.00      0.00     13.04      0.00      0.00     86.96
08:27:55 PM       1      0.00      0.00     13.64      0.00      0.00     86.36
08:27:56 PM       1      0.00      0.00      9.09      0.00      0.00     90.91
08:27:57 PM       1      0.00      0.00     13.04      0.00      0.00     86.96
08:27:58 PM       1      0.00      0.00      4.76      0.00      0.00     95.24
08:27:59 PM       1      0.00      0.00     13.04      0.00      0.00     86.96
08:28:00 PM       1      0.00      0.00      9.52      0.00      0.00     90.48
Average:          1      0.23      0.00     10.61      0.00      0.00     89.16
