Linux 3.14.33-regular (node220-2) 	01/04/2017 	_x86_64_	(8 CPU)

07:53:46 PM     CPU     %user     %nice   %system   %iowait    %steal     %idle
07:53:47 PM       1      0.00      0.00      5.00      0.00      0.00     95.00
07:53:48 PM       1      0.00      0.00     16.67      0.00      0.00     83.33
07:53:49 PM       1      0.00      0.00      9.09      0.00      0.00     90.91
07:53:50 PM       1      4.35      0.00      8.70      0.00      0.00     86.96
07:53:51 PM       1      0.00      0.00      9.09      0.00      0.00     90.91
07:53:52 PM       1      0.00      0.00      4.76      0.00      0.00     95.24
07:53:53 PM       1      0.00      0.00     12.50      0.00      0.00     87.50
07:53:54 PM       1      0.00      0.00      9.09      0.00      0.00     90.91
07:53:55 PM       1      0.00      0.00      0.00      0.00      0.00    100.00
07:53:56 PM       1      0.00      0.00     16.67      0.00      0.00     83.33
07:53:57 PM       1      0.00      0.00      9.09      0.00      0.00     90.91
07:53:58 PM       1      0.00      0.00      4.55      0.00      0.00     95.45
07:53:59 PM       1      0.00      0.00      4.76      0.00      0.00     95.24
07:54:00 PM       1      0.00      0.00      9.09      0.00      0.00     90.91
07:54:01 PM       1      0.00      0.00      4.76      0.00      0.00     95.24
07:54:02 PM       1      0.00      0.00     13.04      0.00      0.00     86.96
07:54:03 PM       1      0.00      0.00      9.09      0.00      0.00     90.91
07:54:04 PM       1      0.00      0.00     13.04      0.00      0.00     86.96
07:54:05 PM       1      0.00      0.00      0.00      0.00      0.00    100.00
07:54:06 PM       1      0.00      0.00      4.76      0.00      0.00     95.24
Average:          1      0.23      0.00      8.43      0.00      0.00     91.34
