Linux 3.14.33-regular (node220-2) 	01/04/2017 	_x86_64_	(8 CPU)

08:23:50 PM     CPU     %user     %nice   %system   %iowait    %steal     %idle
08:23:51 PM       1      0.00      0.00      0.00      0.00      0.00    100.00
08:23:52 PM       1      4.55      0.00      4.55      0.00      0.00     90.91
08:23:53 PM       1      0.00      0.00     20.83      0.00      0.00     79.17
08:23:54 PM       1      0.00      0.00      4.76      0.00      0.00     95.24
08:23:55 PM       1      0.00      0.00      9.09      0.00      0.00     90.91
08:23:56 PM       1      0.00      0.00     13.04      0.00      0.00     86.96
08:23:57 PM       1      0.00      0.00      5.00      0.00      0.00     95.00
08:23:58 PM       1      0.00      0.00      9.09      0.00      0.00     90.91
08:23:59 PM       1      0.00      0.00      9.09      0.00      0.00     90.91
08:24:00 PM       1      0.00      0.00      9.52      0.00      0.00     90.48
08:24:01 PM       1      0.00      0.00      4.76      0.00      0.00     95.24
08:24:02 PM       1      0.00      0.00     13.04      0.00      0.00     86.96
08:24:03 PM       1      0.00      0.00      4.76      0.00      0.00     95.24
08:24:04 PM       1      0.00      0.00     13.64      0.00      0.00     86.36
08:24:05 PM       1      0.00      0.00      4.76      0.00      0.00     95.24
08:24:06 PM       1      0.00      0.00      9.09      0.00      0.00     90.91
08:24:07 PM       1      0.00      0.00      4.76      0.00      0.00     95.24
08:24:08 PM       1      0.00      0.00     13.64      0.00      0.00     86.36
08:24:09 PM       1      0.00      0.00      0.00      0.00      0.00    100.00
08:24:10 PM       1      0.00      0.00      9.09      0.00      0.00     90.91
Average:          1      0.23      0.00      8.33      0.00      0.00     91.44
