Linux 3.14.33-regular (node220-2) 	01/04/2017 	_x86_64_	(8 CPU)

07:19:55 PM     CPU     %user     %nice   %system   %iowait    %steal     %idle
07:19:56 PM       1      0.00      0.00      4.76      0.00      0.00     95.24
07:19:57 PM       1      0.00      0.00      4.76      0.00      0.00     95.24
07:19:58 PM       1      0.00      0.00      4.76      0.00      0.00     95.24
07:19:59 PM       1      0.00      0.00      4.76      0.00      0.00     95.24
07:20:00 PM       1      0.00      0.00      4.76      0.00      0.00     95.24
07:20:01 PM       1      0.00      0.00      4.76      0.00      0.00     95.24
07:20:02 PM       1      0.00      0.00      4.76      0.00      0.00     95.24
07:20:03 PM       1      0.00      0.00      0.00      0.00      0.00    100.00
07:20:04 PM       1      0.00      0.00      9.09      0.00      0.00     90.91
07:20:05 PM       1      0.00      0.00      0.00      0.00      0.00    100.00
07:20:06 PM       1      0.00      0.00      0.00      0.00      0.00    100.00
07:20:07 PM       1      0.00      0.00      5.00      0.00      0.00     95.00
07:20:08 PM       1      0.00      0.00      4.76      0.00      0.00     95.24
07:20:09 PM       1      0.00      0.00      0.00      0.00      0.00    100.00
07:20:10 PM       1      0.00      0.00      0.00      0.00      0.00    100.00
07:20:11 PM       1      0.00      0.00      5.00      0.00      0.00     95.00
07:20:12 PM       1      0.00      0.00      4.76      0.00      0.00     95.24
07:20:13 PM       1      0.00      0.00      0.00      0.00      0.00    100.00
07:20:14 PM       1      0.00      0.00      4.76      0.00      0.00     95.24
07:20:15 PM       1      0.00      0.00      0.00      0.00      0.00    100.00
Average:          1      0.00      0.00      3.45      0.00      0.00     96.55
