Linux 3.14.33-regular (node220-2) 	01/04/2017 	_x86_64_	(8 CPU)

07:23:46 PM     CPU     %user     %nice   %system   %iowait    %steal     %idle
07:23:47 PM       1      0.00      0.00      0.00      0.00      0.00    100.00
07:23:48 PM       1      0.00      0.00      4.76      0.00      0.00     95.24
07:23:49 PM       1      0.00      0.00      4.76      0.00      0.00     95.24
07:23:50 PM       1      0.00      0.00      0.00      0.00      0.00    100.00
07:23:51 PM       1      0.00      0.00      4.76      0.00      0.00     95.24
07:23:52 PM       1      0.00      0.00      9.09      0.00      0.00     90.91
07:23:53 PM       1      0.00      0.00      0.00      0.00      0.00    100.00
07:23:54 PM       1      0.00      0.00      4.76      0.00      0.00     95.24
07:23:55 PM       1      0.00      0.00      4.55      0.00      0.00     95.45
07:23:56 PM       1      0.00      0.00      5.00      0.00      0.00     95.00
07:23:57 PM       1      0.00      0.00      9.09      0.00      0.00     90.91
07:23:58 PM       1      0.00      0.00      4.76      0.00      0.00     95.24
07:23:59 PM       1      0.00      0.00      9.09      0.00      0.00     90.91
07:24:00 PM       1      0.00      0.00      9.09      0.00      0.00     90.91
07:24:01 PM       1      0.00      0.00      5.00      0.00      0.00     95.00
07:24:02 PM       1      0.00      0.00     16.67      0.00      0.00     83.33
07:24:03 PM       1      0.00      0.00      4.76      0.00      0.00     95.24
07:24:04 PM       1      0.00      0.00      9.09      0.00      0.00     90.91
07:24:05 PM       1      0.00      0.00     13.04      0.00      0.00     86.96
07:24:06 PM       1      0.00      0.00      4.76      0.00      0.00     95.24
Average:          1      0.00      0.00      6.35      0.00      0.00     93.65
