Linux 3.14.33-regular (node220-2) 	01/04/2017 	_x86_64_	(8 CPU)

06:42:48 PM     CPU     %user     %nice   %system   %iowait    %steal     %idle
06:42:49 PM       1      0.00      0.00      4.76      0.00      0.00     95.24
06:42:50 PM       1      0.00      0.00      5.00      0.00      0.00     95.00
06:42:51 PM       1      0.00      0.00      5.26      0.00      0.00     94.74
06:42:52 PM       1      0.00      0.00      4.76      0.00      0.00     95.24
06:42:53 PM       1      0.00      0.00      4.76      0.00      0.00     95.24
06:42:54 PM       1      0.00      0.00      0.00      0.00      0.00    100.00
06:42:55 PM       1      0.00      0.00      9.09      0.00      0.00     90.91
06:42:56 PM       1      5.00      0.00      0.00      0.00      0.00     95.00
06:42:57 PM       1      0.00      0.00     13.04      0.00      0.00     86.96
06:42:58 PM       1      0.00      0.00      9.09      0.00      0.00     90.91
06:42:59 PM       1      0.00      0.00      4.76      0.00      0.00     95.24
06:43:00 PM       1      0.00      0.00      5.00      0.00      0.00     95.00
06:43:01 PM       1      0.00      0.00     13.04      0.00      0.00     86.96
06:43:02 PM       1      0.00      0.00     16.67      0.00      0.00     83.33
06:43:03 PM       1      0.00      0.00      9.09      0.00      0.00     90.91
06:43:04 PM       1      0.00      0.00     18.18      0.00      0.00     81.82
06:43:05 PM       1      0.00      0.00     13.04      0.00      0.00     86.96
06:43:06 PM       1      0.00      0.00      4.76      0.00      0.00     95.24
06:43:07 PM       1      0.00      0.00      4.76      0.00      0.00     95.24
06:43:08 PM       1      0.00      0.00      9.52      0.00      0.00     90.48
Average:          1      0.23      0.00      7.96      0.00      0.00     91.80
