Linux 3.14.33-regular (node220-2) 	01/04/2017 	_x86_64_	(8 CPU)

07:45:29 PM     CPU     %user     %nice   %system   %iowait    %steal     %idle
07:45:30 PM       1      0.00      0.00      9.09      0.00      0.00     90.91
07:45:31 PM       1      0.00      0.00     20.00      0.00      0.00     80.00
07:45:32 PM       1      0.00      0.00     16.67      0.00      0.00     83.33
07:45:33 PM       1      0.00      0.00     13.04      0.00      0.00     86.96
07:45:34 PM       1      0.00      0.00      9.09      0.00      0.00     90.91
07:45:35 PM       1      0.00      0.00      9.09      0.00      0.00     90.91
07:45:36 PM       1      0.00      0.00      9.52      0.00      0.00     90.48
07:45:37 PM       1      0.00      0.00     13.04      0.00      0.00     86.96
07:45:38 PM       1      0.00      0.00      4.76      0.00      0.00     95.24
07:45:39 PM       1      0.00      0.00      9.09      0.00      0.00     90.91
07:45:40 PM       1      0.00      0.00      9.09      0.00      0.00     90.91
07:45:41 PM       1      0.00      0.00     13.64      0.00      0.00     86.36
07:45:42 PM       1      0.00      0.00     20.83      0.00      0.00     79.17
07:45:43 PM       1      0.00      0.00      5.00      0.00      0.00     95.00
07:45:44 PM       1      0.00      0.00     24.00      0.00      0.00     76.00
07:45:45 PM       1      0.00      0.00      9.09      0.00      0.00     90.91
07:45:46 PM       1      0.00      0.00     13.64      0.00      0.00     86.36
07:45:47 PM       1      0.00      0.00      9.09      0.00      0.00     90.91
07:45:48 PM       1      0.00      0.00     13.64      0.00      0.00     86.36
07:45:49 PM       1      0.00      0.00     13.64      0.00      0.00     86.36
Average:          1      0.00      0.00     12.50      0.00      0.00     87.50
