Linux 3.14.33-regular (node220-2) 	01/04/2017 	_x86_64_	(8 CPU)

06:47:20 PM     CPU     %user     %nice   %system   %iowait    %steal     %idle
06:47:21 PM       1      0.00      0.00     16.67      0.00      0.00     83.33
06:47:22 PM       1      0.00      0.00      5.00      0.00      0.00     95.00
06:47:23 PM       1      0.00      0.00     13.04      0.00      0.00     86.96
06:47:24 PM       1      0.00      0.00      5.00      0.00      0.00     95.00
06:47:25 PM       1      0.00      0.00      4.55      0.00      0.00     95.45
06:47:26 PM       1      0.00      0.00      5.00      0.00      0.00     95.00
06:47:27 PM       1      0.00      0.00      4.76      0.00      0.00     95.24
06:47:28 PM       1      0.00      0.00      0.00      0.00      0.00    100.00
06:47:29 PM       1      0.00      0.00     13.04      0.00      0.00     86.96
06:47:30 PM       1      0.00      0.00      0.00      0.00      0.00    100.00
06:47:31 PM       1      0.00      0.00      4.76      0.00      0.00     95.24
06:47:32 PM       1      0.00      0.00      9.52      0.00      0.00     90.48
06:47:33 PM       1      0.00      0.00      0.00      0.00      0.00    100.00
06:47:34 PM       1      0.00      0.00      9.09      0.00      0.00     90.91
06:47:35 PM       1      0.00      0.00      9.09      0.00      0.00     90.91
06:47:36 PM       1      0.00      0.00      4.76      0.00      0.00     95.24
06:47:37 PM       1      0.00      0.00      9.09      0.00      0.00     90.91
06:47:38 PM       1      0.00      0.00      5.00      0.00      0.00     95.00
06:47:39 PM       1      0.00      0.00      4.76      0.00      0.00     95.24
06:47:40 PM       1      0.00      0.00      5.00      0.00      0.00     95.00
Average:          1      0.00      0.00      6.62      0.00      0.00     93.38
