Linux 3.14.33-regular (node220-2) 	01/03/2017 	_x86_64_	(8 CPU)

12:06:49 AM     CPU     %user     %nice   %system   %iowait    %steal     %idle
12:06:50 AM       1      7.00      0.00     93.00      0.00      0.00      0.00
12:06:51 AM       1      5.94      0.00     94.06      0.00      0.00      0.00
12:06:52 AM       1      7.00      0.00     93.00      0.00      0.00      0.00
12:06:53 AM       1      5.00      0.00     95.00      0.00      0.00      0.00
12:06:54 AM       1     13.13      0.00     86.87      0.00      0.00      0.00
12:06:55 AM       1      6.00      0.00     94.00      0.00      0.00      0.00
12:06:56 AM       1      8.00      0.00     92.00      0.00      0.00      0.00
12:06:57 AM       1      7.00      0.00     93.00      0.00      0.00      0.00
12:06:58 AM       1      6.00      0.00     94.00      0.00      0.00      0.00
12:06:59 AM       1      8.00      0.00     92.00      0.00      0.00      0.00
12:07:00 AM       1      6.00      0.00     94.00      0.00      0.00      0.00
12:07:01 AM       1      6.93      0.00     93.07      0.00      0.00      0.00
12:07:02 AM       1      8.08      0.00     91.92      0.00      0.00      0.00
12:07:03 AM       1      6.00      0.00     94.00      0.00      0.00      0.00
12:07:04 AM       1     12.87      0.00     87.13      0.00      0.00      0.00
12:07:05 AM       1      8.08      0.00     91.92      0.00      0.00      0.00
12:07:06 AM       1      8.91      0.00     91.09      0.00      0.00      0.00
12:07:07 AM       1     10.10      0.00     89.90      0.00      0.00      0.00
12:07:08 AM       1      8.00      0.00     92.00      0.00      0.00      0.00
12:07:09 AM       1      6.00      0.00     94.00      0.00      0.00      0.00
Average:          1      7.70      0.00     92.30      0.00      0.00      0.00
