Linux 3.14.33-regular (node220-2) 	01/03/2017 	_x86_64_	(8 CPU)

12:06:11 AM     CPU     %user     %nice   %system   %iowait    %steal     %idle
12:06:12 AM       1     11.11      0.00     88.89      0.00      0.00      0.00
12:06:13 AM       1      5.94      0.00     94.06      0.00      0.00      0.00
12:06:14 AM       1      4.00      0.00     96.00      0.00      0.00      0.00
12:06:15 AM       1      7.00      0.00     93.00      0.00      0.00      0.00
12:06:16 AM       1      7.00      0.00     93.00      0.00      0.00      0.00
12:06:17 AM       1      7.00      0.00     93.00      0.00      0.00      0.00
12:06:18 AM       1      8.08      0.00     91.92      0.00      0.00      0.00
12:06:19 AM       1      3.96      0.00     96.04      0.00      0.00      0.00
12:06:20 AM       1      4.04      0.00     95.96      0.00      0.00      0.00
12:06:21 AM       1      6.93      0.00     93.07      0.00      0.00      0.00
12:06:22 AM       1      9.00      0.00     91.00      0.00      0.00      0.00
12:06:23 AM       1      7.00      0.00     93.00      0.00      0.00      0.00
12:06:24 AM       1      5.05      0.00     94.95      0.00      0.00      0.00
12:06:25 AM       1      6.93      0.00     93.07      0.00      0.00      0.00
12:06:26 AM       1      7.00      0.00     93.00      0.00      0.00      0.00
12:06:27 AM       1      6.00      0.00     94.00      0.00      0.00      0.00
12:06:28 AM       1      9.09      0.00     90.91      0.00      0.00      0.00
12:06:29 AM       1     10.00      0.00     90.00      0.00      0.00      0.00
12:06:30 AM       1      6.00      0.00     94.00      0.00      0.00      0.00
12:06:31 AM       1      6.93      0.00     93.07      0.00      0.00      0.00
Average:          1      6.90      0.00     93.10      0.00      0.00      0.00
