Linux 3.14.33-regular (node220-2) 	01/03/2017 	_x86_64_	(8 CPU)

12:11:19 AM     CPU     %user     %nice   %system   %iowait    %steal     %idle
12:11:20 AM       1      8.00      0.00     92.00      0.00      0.00      0.00
12:11:21 AM       1     12.00      0.00     88.00      0.00      0.00      0.00
12:11:22 AM       1      5.00      0.00     95.00      0.00      0.00      0.00
12:11:23 AM       1      9.00      0.00     91.00      0.00      0.00      0.00
12:11:24 AM       1     10.00      0.00     90.00      0.00      0.00      0.00
12:11:25 AM       1      8.00      0.00     92.00      0.00      0.00      0.00
12:11:26 AM       1      8.00      0.00     92.00      0.00      0.00      0.00
12:11:27 AM       1      6.00      0.00     94.00      0.00      0.00      0.00
12:11:28 AM       1      6.00      0.00     94.00      0.00      0.00      0.00
12:11:29 AM       1      6.00      0.00     94.00      0.00      0.00      0.00
12:11:30 AM       1      7.00      0.00     93.00      0.00      0.00      0.00
12:11:31 AM       1      9.09      0.00     90.91      0.00      0.00      0.00
12:11:32 AM       1      5.94      0.00     94.06      0.00      0.00      0.00
12:11:33 AM       1      5.00      0.00     95.00      0.00      0.00      0.00
12:11:34 AM       1     11.00      0.00     89.00      0.00      0.00      0.00
12:11:35 AM       1      7.07      0.00     92.93      0.00      0.00      0.00
12:11:36 AM       1      9.80      0.00     90.20      0.00      0.00      0.00
12:11:37 AM       1      8.08      0.00     91.92      0.00      0.00      0.00
12:11:38 AM       1     12.00      0.00     88.00      0.00      0.00      0.00
12:11:39 AM       1      7.00      0.00     93.00      0.00      0.00      0.00
Average:          1      8.00      0.00     92.00      0.00      0.00      0.00
