Linux 3.14.33-regular (node220-2) 	01/03/2017 	_x86_64_	(8 CPU)

12:15:48 AM     CPU     %user     %nice   %system   %iowait    %steal     %idle
12:15:49 AM       1      8.08      0.00     91.92      0.00      0.00      0.00
12:15:50 AM       1      5.94      0.00     94.06      0.00      0.00      0.00
12:15:51 AM       1      8.08      0.00     91.92      0.00      0.00      0.00
12:15:52 AM       1      6.00      0.00     94.00      0.00      0.00      0.00
12:15:53 AM       1      7.92      0.00     92.08      0.00      0.00      0.00
12:15:54 AM       1      8.08      0.00     91.92      0.00      0.00      0.00
12:15:55 AM       1      6.93      0.00     93.07      0.00      0.00      0.00
12:15:56 AM       1      7.07      0.00     92.93      0.00      0.00      0.00
12:15:57 AM       1      8.91      0.00     91.09      0.00      0.00      0.00
12:15:58 AM       1     10.00      0.00     90.00      0.00      0.00      0.00
12:15:59 AM       1     12.00      0.00     88.00      0.00      0.00      0.00
12:16:00 AM       1     11.11      0.00     88.89      0.00      0.00      0.00
12:16:01 AM       1      4.95      0.00     95.05      0.00      0.00      0.00
12:16:02 AM       1      5.05      0.00     94.95      0.00      0.00      0.00
12:16:03 AM       1      8.91      0.00     91.09      0.00      0.00      0.00
12:16:04 AM       1      9.00      0.00     91.00      0.00      0.00      0.00
12:16:05 AM       1      8.00      0.00     92.00      0.00      0.00      0.00
12:16:06 AM       1      6.00      0.00     94.00      0.00      0.00      0.00
12:16:07 AM       1     11.00      0.00     89.00      0.00      0.00      0.00
12:16:08 AM       1      5.00      0.00     95.00      0.00      0.00      0.00
Average:          1      7.90      0.00     92.10      0.00      0.00      0.00
