Linux 3.14.33-regular (node220-2) 	01/03/2017 	_x86_64_	(8 CPU)

12:02:58 AM     CPU     %user     %nice   %system   %iowait    %steal     %idle
12:02:59 AM       1      7.07      0.00     92.93      0.00      0.00      0.00
12:03:00 AM       1      8.91      0.00     91.09      0.00      0.00      0.00
12:03:01 AM       1     10.00      0.00     90.00      0.00      0.00      0.00
12:03:02 AM       1     10.00      0.00     90.00      0.00      0.00      0.00
12:03:03 AM       1      9.09      0.00     90.91      0.00      0.00      0.00
12:03:04 AM       1      9.00      0.00     91.00      0.00      0.00      0.00
12:03:05 AM       1      6.00      0.00     94.00      0.00      0.00      0.00
12:03:06 AM       1      5.94      0.00     94.06      0.00      0.00      0.00
12:03:07 AM       1      7.00      0.00     93.00      0.00      0.00      0.00
12:03:08 AM       1      8.00      0.00     92.00      0.00      0.00      0.00
12:03:09 AM       1     10.10      0.00     89.90      0.00      0.00      0.00
12:03:10 AM       1      7.00      0.00     93.00      0.00      0.00      0.00
12:03:11 AM       1      8.91      0.00     91.09      0.00      0.00      0.00
12:03:12 AM       1      9.09      0.00     90.91      0.00      0.00      0.00
12:03:13 AM       1     10.89      0.00     89.11      0.00      0.00      0.00
12:03:14 AM       1      7.07      0.00     92.93      0.00      0.00      0.00
12:03:15 AM       1      8.00      0.00     92.00      0.00      0.00      0.00
12:03:16 AM       1      8.91      0.00     91.09      0.00      0.00      0.00
12:03:17 AM       1     10.00      0.00     90.00      0.00      0.00      0.00
12:03:18 AM       1     11.00      0.00     89.00      0.00      0.00      0.00
Average:          1      8.60      0.00     91.40      0.00      0.00      0.00
