Linux 3.14.33-regular (node220-2) 	01/03/2017 	_x86_64_	(8 CPU)

12:05:33 AM     CPU     %user     %nice   %system   %iowait    %steal     %idle
12:05:34 AM       1      6.06      0.00     93.94      0.00      0.00      0.00
12:05:35 AM       1      6.00      0.00     94.00      0.00      0.00      0.00
12:05:36 AM       1      5.94      0.00     94.06      0.00      0.00      0.00
12:05:37 AM       1      7.07      0.00     92.93      0.00      0.00      0.00
12:05:38 AM       1      9.00      0.00     91.00      0.00      0.00      0.00
12:05:39 AM       1      8.00      0.00     92.00      0.00      0.00      0.00
12:05:40 AM       1      9.90      0.00     90.10      0.00      0.00      0.00
12:05:41 AM       1      6.06      0.00     93.94      0.00      0.00      0.00
12:05:42 AM       1      6.93      0.00     93.07      0.00      0.00      0.00
12:05:43 AM       1      9.09      0.00     90.91      0.00      0.00      0.00
12:05:44 AM       1      8.08      0.00     91.92      0.00      0.00      0.00
12:05:45 AM       1      6.93      0.00     93.07      0.00      0.00      0.00
12:05:46 AM       1      6.00      0.00     94.00      0.00      0.00      0.00
12:05:47 AM       1      8.00      0.00     92.00      0.00      0.00      0.00
12:05:48 AM       1      8.00      0.00     92.00      0.00      0.00      0.00
12:05:49 AM       1      8.00      0.00     92.00      0.00      0.00      0.00
12:05:50 AM       1      6.93      0.00     93.07      0.00      0.00      0.00
12:05:51 AM       1      8.08      0.00     91.92      0.00      0.00      0.00
12:05:52 AM       1      4.95      0.00     95.05      0.00      0.00      0.00
12:05:53 AM       1      5.05      0.00     94.95      0.00      0.00      0.00
Average:          1      7.20      0.00     92.80      0.00      0.00      0.00
