Linux 3.14.33-regular (node220-2) 	01/03/2017 	_x86_64_	(8 CPU)

12:04:16 AM     CPU     %user     %nice   %system   %iowait    %steal     %idle
12:04:17 AM       1     10.00      0.00     90.00      0.00      0.00      0.00
12:04:18 AM       1      7.00      0.00     93.00      0.00      0.00      0.00
12:04:19 AM       1      9.00      0.00     91.00      0.00      0.00      0.00
12:04:20 AM       1     14.00      0.00     86.00      0.00      0.00      0.00
12:04:21 AM       1      7.00      0.00     93.00      0.00      0.00      0.00
12:04:22 AM       1      7.07      0.00     92.93      0.00      0.00      0.00
12:04:23 AM       1      4.95      0.00     95.05      0.00      0.00      0.00
12:04:24 AM       1      5.00      0.00     95.00      0.00      0.00      0.00
12:04:25 AM       1      6.00      0.00     94.00      0.00      0.00      0.00
12:04:26 AM       1      9.90      0.00     90.10      0.00      0.00      0.00
12:04:27 AM       1      7.00      0.00     93.00      0.00      0.00      0.00
12:04:28 AM       1      9.18      0.00     90.82      0.00      0.00      0.00
12:04:29 AM       1      5.00      0.00     95.00      0.00      0.00      0.00
12:04:30 AM       1     10.78      0.00     89.22      0.00      0.00      0.00
12:04:31 AM       1      9.09      0.00     90.91      0.00      0.00      0.00
12:04:32 AM       1     12.00      0.00     88.00      0.00      0.00      0.00
12:04:33 AM       1      7.00      0.00     93.00      0.00      0.00      0.00
12:04:34 AM       1      7.00      0.00     93.00      0.00      0.00      0.00
12:04:35 AM       1      8.00      0.00     92.00      0.00      0.00      0.00
12:04:36 AM       1      8.08      0.00     91.92      0.00      0.00      0.00
Average:          1      8.15      0.00     91.85      0.00      0.00      0.00
