Linux 3.14.33-regular (node220-2) 	01/06/2017 	_x86_64_	(8 CPU)

08:58:42 PM     CPU     %user     %nice   %system   %iowait    %steal     %idle
08:58:43 PM       1     26.26      0.00     73.74      0.00      0.00      0.00
08:58:44 PM       1     25.00      0.00     75.00      0.00      0.00      0.00
08:58:45 PM       1     20.79      0.00     79.21      0.00      0.00      0.00
08:58:46 PM       1     24.00      0.00     76.00      0.00      0.00      0.00
08:58:47 PM       1     22.22      0.00     77.78      0.00      0.00      0.00
08:58:48 PM       1     21.00      0.00     79.00      0.00      0.00      0.00
08:58:49 PM       1     19.19      0.00     80.81      0.00      0.00      0.00
08:58:50 PM       1     22.77      0.00     77.23      0.00      0.00      0.00
08:58:51 PM       1     27.27      0.00     72.73      0.00      0.00      0.00
08:58:52 PM       1     21.78      0.00     78.22      0.00      0.00      0.00
08:58:53 PM       1     20.20      0.00     79.80      0.00      0.00      0.00
08:58:54 PM       1     26.00      0.00     74.00      0.00      0.00      0.00
08:58:55 PM       1     17.00      0.00     83.00      0.00      0.00      0.00
08:58:56 PM       1     23.00      0.00     77.00      0.00      0.00      0.00
08:58:57 PM       1     22.77      0.00     77.23      0.00      0.00      0.00
08:58:58 PM       1     21.21      0.00     78.79      0.00      0.00      0.00
08:58:59 PM       1     20.00      0.00     80.00      0.00      0.00      0.00
08:59:00 PM       1     22.00      0.00     78.00      0.00      0.00      0.00
08:59:01 PM       1     23.00      0.00     77.00      0.00      0.00      0.00
08:59:02 PM       1     21.00      0.00     79.00      0.00      0.00      0.00
Average:          1     22.32      0.00     77.68      0.00      0.00      0.00
