Linux 3.14.33-regular (node220-2) 	01/06/2017 	_x86_64_	(8 CPU)

06:56:16 PM     CPU     %user     %nice   %system   %iowait    %steal     %idle
06:56:17 PM       1     22.22      0.00     77.78      0.00      0.00      0.00
06:56:18 PM       1     28.00      0.00     72.00      0.00      0.00      0.00
06:56:19 PM       1     28.00      0.00     72.00      0.00      0.00      0.00
06:56:20 PM       1     24.75      0.00     75.25      0.00      0.00      0.00
06:56:21 PM       1     22.22      0.00     77.78      0.00      0.00      0.00
06:56:22 PM       1     23.76      0.00     76.24      0.00      0.00      0.00
06:56:23 PM       1     20.00      0.00     80.00      0.00      0.00      0.00
06:56:24 PM       1     25.00      0.00     75.00      0.00      0.00      0.00
06:56:25 PM       1     24.24      0.00     75.76      0.00      0.00      0.00
06:56:26 PM       1     24.00      0.00     76.00      0.00      0.00      0.00
06:56:27 PM       1     18.00      0.00     82.00      0.00      0.00      0.00
06:56:28 PM       1     22.00      0.00     78.00      0.00      0.00      0.00
06:56:29 PM       1     16.83      0.00     83.17      0.00      0.00      0.00
06:56:30 PM       1     22.22      0.00     77.78      0.00      0.00      0.00
06:56:31 PM       1     25.00      0.00     75.00      0.00      0.00      0.00
06:56:32 PM       1     21.78      0.00     78.22      0.00      0.00      0.00
06:56:33 PM       1     16.16      0.00     83.84      0.00      0.00      0.00
06:56:34 PM       1     24.00      0.00     76.00      0.00      0.00      0.00
06:56:35 PM       1     21.78      0.00     78.22      0.00      0.00      0.00
06:56:36 PM       1     21.00      0.00     79.00      0.00      0.00      0.00
Average:          1     22.55      0.00     77.45      0.00      0.00      0.00
