Linux 3.14.33-regular (node220-2) 	01/06/2017 	_x86_64_	(8 CPU)

10:34:12 PM     CPU     %user     %nice   %system   %iowait    %steal     %idle
10:34:13 PM       1     22.00      0.00     78.00      0.00      0.00      0.00
10:34:14 PM       1     24.00      0.00     76.00      0.00      0.00      0.00
10:34:15 PM       1     22.22      0.00     77.78      0.00      0.00      0.00
10:34:16 PM       1     20.79      0.00     79.21      0.00      0.00      0.00
10:34:17 PM       1     21.00      0.00     79.00      0.00      0.00      0.00
10:34:18 PM       1     23.00      0.00     77.00      0.00      0.00      0.00
10:34:19 PM       1     19.00      0.00     81.00      0.00      0.00      0.00
10:34:20 PM       1     22.00      0.00     78.00      0.00      0.00      0.00
10:34:21 PM       1     20.00      0.00     80.00      0.00      0.00      0.00
10:34:22 PM       1     21.78      0.00     78.22      0.00      0.00      0.00
10:34:23 PM       1     18.37      0.00     81.63      0.00      0.00      0.00
10:34:24 PM       1     20.79      0.00     79.21      0.00      0.00      0.00
10:34:25 PM       1     24.75      0.00     75.25      0.00      0.00      0.00
10:34:26 PM       1     27.00      0.00     73.00      0.00      0.00      0.00
10:34:27 PM       1     23.00      0.00     77.00      0.00      0.00      0.00
10:34:28 PM       1     22.00      0.00     78.00      0.00      0.00      0.00
10:34:29 PM       1     23.00      0.00     77.00      0.00      0.00      0.00
10:34:30 PM       1     18.18      0.00     81.82      0.00      0.00      0.00
10:34:31 PM       1     23.76      0.00     76.24      0.00      0.00      0.00
10:34:32 PM       1     19.19      0.00     80.81      0.00      0.00      0.00
Average:          1     21.80      0.00     78.20      0.00      0.00      0.00
