Linux 3.14.33-regular (node220-2) 	01/06/2017 	_x86_64_	(8 CPU)

10:44:26 PM     CPU     %user     %nice   %system   %iowait    %steal     %idle
10:44:27 PM       1     22.00      0.00     78.00      0.00      0.00      0.00
10:44:28 PM       1     25.00      0.00     75.00      0.00      0.00      0.00
10:44:29 PM       1     19.00      0.00     81.00      0.00      0.00      0.00
10:44:30 PM       1     22.00      0.00     78.00      0.00      0.00      0.00
10:44:31 PM       1     22.00      0.00     78.00      0.00      0.00      0.00
10:44:32 PM       1     17.00      0.00     83.00      0.00      0.00      0.00
10:44:33 PM       1     24.00      0.00     76.00      0.00      0.00      0.00
10:44:34 PM       1     21.00      0.00     79.00      0.00      0.00      0.00
10:44:35 PM       1     26.00      0.00     74.00      0.00      0.00      0.00
10:44:36 PM       1     22.77      0.00     77.23      0.00      0.00      0.00
10:44:37 PM       1     24.24      0.00     75.76      0.00      0.00      0.00
10:44:38 PM       1     22.77      0.00     77.23      0.00      0.00      0.00
10:44:39 PM       1     24.00      0.00     76.00      0.00      0.00      0.00
10:44:40 PM       1     23.23      0.00     76.77      0.00      0.00      0.00
10:44:41 PM       1     16.83      0.00     83.17      0.00      0.00      0.00
10:44:42 PM       1     23.23      0.00     76.77      0.00      0.00      0.00
10:44:43 PM       1     17.00      0.00     83.00      0.00      0.00      0.00
10:44:44 PM       1     17.00      0.00     83.00      0.00      0.00      0.00
10:44:45 PM       1     26.00      0.00     74.00      0.00      0.00      0.00
10:44:46 PM       1     26.00      0.00     74.00      0.00      0.00      0.00
Average:          1     22.05      0.00     77.95      0.00      0.00      0.00
