Linux 3.14.33-regular (node220-2) 	01/06/2017 	_x86_64_	(8 CPU)

08:19:36 PM     CPU     %user     %nice   %system   %iowait    %steal     %idle
08:19:37 PM       1     17.00      0.00     83.00      0.00      0.00      0.00
08:19:38 PM       1     23.00      0.00     77.00      0.00      0.00      0.00
08:19:39 PM       1     21.00      0.00     79.00      0.00      0.00      0.00
08:19:40 PM       1     22.00      0.00     78.00      0.00      0.00      0.00
08:19:41 PM       1     26.00      0.00     74.00      0.00      0.00      0.00
08:19:42 PM       1     20.00      0.00     80.00      0.00      0.00      0.00
08:19:43 PM       1     24.00      0.00     76.00      0.00      0.00      0.00
08:19:44 PM       1     22.00      0.00     78.00      0.00      0.00      0.00
08:19:45 PM       1     22.00      0.00     78.00      0.00      0.00      0.00
08:19:46 PM       1     23.00      0.00     77.00      0.00      0.00      0.00
08:19:47 PM       1     23.00      0.00     77.00      0.00      0.00      0.00
08:19:48 PM       1     18.00      0.00     82.00      0.00      0.00      0.00
08:19:49 PM       1     22.00      0.00     78.00      0.00      0.00      0.00
08:19:50 PM       1     22.00      0.00     78.00      0.00      0.00      0.00
08:19:51 PM       1     24.00      0.00     76.00      0.00      0.00      0.00
08:19:52 PM       1     23.00      0.00     77.00      0.00      0.00      0.00
08:19:53 PM       1     15.00      0.00     85.00      0.00      0.00      0.00
08:19:54 PM       1     24.00      0.00     76.00      0.00      0.00      0.00
08:19:55 PM       1     19.19      0.00     80.81      0.00      0.00      0.00
08:19:56 PM       1     24.75      0.00     75.25      0.00      0.00      0.00
Average:          1     21.75      0.00     78.25      0.00      0.00      0.00
