Linux 3.14.33-regular (node220-2) 	01/06/2017 	_x86_64_	(8 CPU)

05:17:32 PM     CPU     %user     %nice   %system   %iowait    %steal     %idle
05:17:33 PM       1     24.00      0.00     76.00      0.00      0.00      0.00
05:17:34 PM       1     23.00      0.00     77.00      0.00      0.00      0.00
05:17:35 PM       1     24.00      0.00     76.00      0.00      0.00      0.00
05:17:36 PM       1     21.78      0.00     78.22      0.00      0.00      0.00
05:17:37 PM       1     19.00      0.00     81.00      0.00      0.00      0.00
05:17:38 PM       1     17.17      0.00     82.83      0.00      0.00      0.00
05:17:39 PM       1     24.00      0.00     76.00      0.00      0.00      0.00
05:17:40 PM       1     24.00      0.00     76.00      0.00      0.00      0.00
05:17:41 PM       1     22.00      0.00     78.00      0.00      0.00      0.00
05:17:42 PM       1     22.00      0.00     78.00      0.00      0.00      0.00
05:17:43 PM       1     24.00      0.00     76.00      0.00      0.00      0.00
05:17:44 PM       1     21.78      0.00     78.22      0.00      0.00      0.00
05:17:45 PM       1     19.00      0.00     81.00      0.00      0.00      0.00
05:17:46 PM       1     21.00      0.00     79.00      0.00      0.00      0.00
05:17:47 PM       1     23.23      0.00     76.77      0.00      0.00      0.00
05:17:48 PM       1     23.76      0.00     76.24      0.00      0.00      0.00
05:17:49 PM       1     21.00      0.00     79.00      0.00      0.00      0.00
05:17:50 PM       1     21.21      0.00     78.79      0.00      0.00      0.00
05:17:51 PM       1     22.77      0.00     77.23      0.00      0.00      0.00
05:17:52 PM       1     24.00      0.00     76.00      0.00      0.00      0.00
Average:          1     22.14      0.00     77.86      0.00      0.00      0.00
