Linux 3.14.33-regular (node220-2) 	01/06/2017 	_x86_64_	(8 CPU)

06:37:40 PM     CPU     %user     %nice   %system   %iowait    %steal     %idle
06:37:41 PM       1     19.19      0.00     80.81      0.00      0.00      0.00
06:37:42 PM       1     20.79      0.00     79.21      0.00      0.00      0.00
06:37:43 PM       1     19.19      0.00     80.81      0.00      0.00      0.00
06:37:44 PM       1     27.00      0.00     73.00      0.00      0.00      0.00
06:37:45 PM       1     19.00      0.00     81.00      0.00      0.00      0.00
06:37:46 PM       1     21.00      0.00     79.00      0.00      0.00      0.00
06:37:47 PM       1     27.72      0.00     72.28      0.00      0.00      0.00
06:37:48 PM       1     18.00      0.00     82.00      0.00      0.00      0.00
06:37:49 PM       1     26.00      0.00     74.00      0.00      0.00      0.00
06:37:50 PM       1     25.00      0.00     75.00      0.00      0.00      0.00
06:37:51 PM       1     18.18      0.00     81.82      0.00      0.00      0.00
06:37:52 PM       1     19.80      0.00     80.20      0.00      0.00      0.00
06:37:53 PM       1     24.00      0.00     76.00      0.00      0.00      0.00
06:37:54 PM       1     21.00      0.00     79.00      0.00      0.00      0.00
06:37:55 PM       1     22.00      0.00     78.00      0.00      0.00      0.00
06:37:56 PM       1     20.00      0.00     80.00      0.00      0.00      0.00
06:37:57 PM       1     22.00      0.00     78.00      0.00      0.00      0.00
06:37:58 PM       1     24.00      0.00     76.00      0.00      0.00      0.00
06:37:59 PM       1     22.22      0.00     77.78      0.00      0.00      0.00
06:38:00 PM       1     23.76      0.00     76.24      0.00      0.00      0.00
Average:          1     22.00      0.00     78.00      0.00      0.00      0.00
