Linux 3.14.33-regular (node220-2) 	01/06/2017 	_x86_64_	(8 CPU)

01:55:06 PM     CPU     %user     %nice   %system   %iowait    %steal     %idle
01:55:07 PM       1     21.00      0.00     79.00      0.00      0.00      0.00
01:55:08 PM       1     16.16      0.00     83.84      0.00      0.00      0.00
01:55:09 PM       1     23.00      0.00     77.00      0.00      0.00      0.00
01:55:10 PM       1     25.74      0.00     74.26      0.00      0.00      0.00
01:55:11 PM       1     22.00      0.00     78.00      0.00      0.00      0.00
01:55:12 PM       1     21.00      0.00     79.00      0.00      0.00      0.00
01:55:13 PM       1     21.21      0.00     78.79      0.00      0.00      0.00
01:55:14 PM       1     22.77      0.00     77.23      0.00      0.00      0.00
01:55:15 PM       1     20.20      0.00     79.80      0.00      0.00      0.00
01:55:16 PM       1     22.77      0.00     77.23      0.00      0.00      0.00
01:55:17 PM       1     23.23      0.00     76.77      0.00      0.00      0.00
01:55:18 PM       1     22.00      0.00     78.00      0.00      0.00      0.00
01:55:19 PM       1     24.00      0.00     76.00      0.00      0.00      0.00
01:55:20 PM       1     21.00      0.00     79.00      0.00      0.00      0.00
01:55:21 PM       1     20.79      0.00     79.21      0.00      0.00      0.00
01:55:22 PM       1     25.00      0.00     75.00      0.00      0.00      0.00
01:55:23 PM       1     24.24      0.00     75.76      0.00      0.00      0.00
01:55:24 PM       1     22.77      0.00     77.23      0.00      0.00      0.00
01:55:25 PM       1     25.25      0.00     74.75      0.00      0.00      0.00
01:55:26 PM       1     20.79      0.00     79.21      0.00      0.00      0.00
Average:          1     22.25      0.00     77.75      0.00      0.00      0.00
