Linux 3.14.33-regular (node220-2) 	01/06/2017 	_x86_64_	(8 CPU)

04:37:15 PM     CPU     %user     %nice   %system   %iowait    %steal     %idle
04:37:16 PM       1     26.00      0.00     74.00      0.00      0.00      0.00
04:37:17 PM       1     25.74      0.00     74.26      0.00      0.00      0.00
04:37:18 PM       1     22.00      0.00     78.00      0.00      0.00      0.00
04:37:19 PM       1     18.18      0.00     81.82      0.00      0.00      0.00
04:37:20 PM       1     20.00      0.00     80.00      0.00      0.00      0.00
04:37:21 PM       1     24.00      0.00     76.00      0.00      0.00      0.00
04:37:22 PM       1     16.00      0.00     84.00      0.00      0.00      0.00
04:37:23 PM       1     20.00      0.00     80.00      0.00      0.00      0.00
04:37:24 PM       1     26.00      0.00     74.00      0.00      0.00      0.00
04:37:25 PM       1     23.00      0.00     77.00      0.00      0.00      0.00
04:37:26 PM       1     25.00      0.00     75.00      0.00      0.00      0.00
04:37:27 PM       1     21.00      0.00     79.00      0.00      0.00      0.00
04:37:28 PM       1     23.00      0.00     77.00      0.00      0.00      0.00
04:37:29 PM       1     23.76      0.00     76.24      0.00      0.00      0.00
04:37:30 PM       1     18.18      0.00     81.82      0.00      0.00      0.00
04:37:31 PM       1     24.00      0.00     76.00      0.00      0.00      0.00
04:37:32 PM       1     19.00      0.00     81.00      0.00      0.00      0.00
04:37:33 PM       1     22.00      0.00     78.00      0.00      0.00      0.00
04:37:34 PM       1     26.73      0.00     73.27      0.00      0.00      0.00
04:37:35 PM       1     21.21      0.00     78.79      0.00      0.00      0.00
Average:          1     22.25      0.00     77.75      0.00      0.00      0.00
