Linux 3.14.33-regular (node220-2) 	01/06/2017 	_x86_64_	(8 CPU)

10:06:42 PM     CPU     %user     %nice   %system   %iowait    %steal     %idle
10:06:43 PM       1     20.79      0.00     79.21      0.00      0.00      0.00
10:06:44 PM       1     22.00      0.00     78.00      0.00      0.00      0.00
10:06:45 PM       1     19.00      0.00     81.00      0.00      0.00      0.00
10:06:46 PM       1     24.24      0.00     75.76      0.00      0.00      0.00
10:06:47 PM       1     22.00      0.00     78.00      0.00      0.00      0.00
10:06:48 PM       1     21.78      0.00     78.22      0.00      0.00      0.00
10:06:49 PM       1     23.23      0.00     76.77      0.00      0.00      0.00
10:06:50 PM       1     22.00      0.00     78.00      0.00      0.00      0.00
10:06:51 PM       1     22.00      0.00     78.00      0.00      0.00      0.00
10:06:52 PM       1     21.00      0.00     79.00      0.00      0.00      0.00
10:06:53 PM       1     26.00      0.00     74.00      0.00      0.00      0.00
10:06:54 PM       1     20.00      0.00     80.00      0.00      0.00      0.00
10:06:55 PM       1     23.00      0.00     77.00      0.00      0.00      0.00
10:06:56 PM       1     23.00      0.00     77.00      0.00      0.00      0.00
10:06:57 PM       1     21.78      0.00     78.22      0.00      0.00      0.00
10:06:58 PM       1     25.00      0.00     75.00      0.00      0.00      0.00
10:06:59 PM       1     25.25      0.00     74.75      0.00      0.00      0.00
10:07:00 PM       1     20.79      0.00     79.21      0.00      0.00      0.00
10:07:01 PM       1     21.21      0.00     78.79      0.00      0.00      0.00
10:07:02 PM       1     22.77      0.00     77.23      0.00      0.00      0.00
Average:          1     22.34      0.00     77.66      0.00      0.00      0.00
