Linux 3.14.33-regular (node220-2) 	01/06/2017 	_x86_64_	(8 CPU)

03:37:47 PM     CPU     %user     %nice   %system   %iowait    %steal     %idle
03:37:48 PM       1     23.00      0.00     77.00      0.00      0.00      0.00
03:37:49 PM       1     23.00      0.00     77.00      0.00      0.00      0.00
03:37:50 PM       1     18.00      0.00     82.00      0.00      0.00      0.00
03:37:51 PM       1     22.00      0.00     78.00      0.00      0.00      0.00
03:37:52 PM       1     21.00      0.00     79.00      0.00      0.00      0.00
03:37:53 PM       1     21.78      0.00     78.22      0.00      0.00      0.00
03:37:54 PM       1     23.23      0.00     76.77      0.00      0.00      0.00
03:37:55 PM       1     22.00      0.00     78.00      0.00      0.00      0.00
03:37:56 PM       1     24.00      0.00     76.00      0.00      0.00      0.00
03:37:57 PM       1     22.00      0.00     78.00      0.00      0.00      0.00
03:37:58 PM       1     24.00      0.00     76.00      0.00      0.00      0.00
03:37:59 PM       1     23.00      0.00     77.00      0.00      0.00      0.00
03:38:00 PM       1     25.74      0.00     74.26      0.00      0.00      0.00
03:38:01 PM       1     17.17      0.00     82.83      0.00      0.00      0.00
03:38:02 PM       1     24.00      0.00     76.00      0.00      0.00      0.00
03:38:03 PM       1     22.00      0.00     78.00      0.00      0.00      0.00
03:38:04 PM       1     20.00      0.00     80.00      0.00      0.00      0.00
03:38:05 PM       1     23.00      0.00     77.00      0.00      0.00      0.00
03:38:06 PM       1     25.74      0.00     74.26      0.00      0.00      0.00
03:38:07 PM       1     23.23      0.00     76.77      0.00      0.00      0.00
Average:          1     22.40      0.00     77.60      0.00      0.00      0.00
