Linux 3.14.33-regular (node220-2) 	01/06/2017 	_x86_64_	(8 CPU)

04:03:57 PM     CPU     %user     %nice   %system   %iowait    %steal     %idle
04:03:58 PM       1     25.00      0.00     75.00      0.00      0.00      0.00
04:03:59 PM       1     22.00      0.00     78.00      0.00      0.00      0.00
04:04:00 PM       1     23.76      0.00     76.24      0.00      0.00      0.00
04:04:01 PM       1     20.00      0.00     80.00      0.00      0.00      0.00
04:04:02 PM       1     24.00      0.00     76.00      0.00      0.00      0.00
04:04:03 PM       1     18.18      0.00     81.82      0.00      0.00      0.00
04:04:04 PM       1     22.00      0.00     78.00      0.00      0.00      0.00
04:04:05 PM       1     21.78      0.00     78.22      0.00      0.00      0.00
04:04:06 PM       1     18.00      0.00     82.00      0.00      0.00      0.00
04:04:07 PM       1     24.00      0.00     76.00      0.00      0.00      0.00
04:04:08 PM       1     21.00      0.00     79.00      0.00      0.00      0.00
04:04:09 PM       1     18.18      0.00     81.82      0.00      0.00      0.00
04:04:10 PM       1     19.00      0.00     81.00      0.00      0.00      0.00
04:04:11 PM       1     26.73      0.00     73.27      0.00      0.00      0.00
04:04:12 PM       1     23.00      0.00     77.00      0.00      0.00      0.00
04:04:13 PM       1     19.19      0.00     80.81      0.00      0.00      0.00
04:04:14 PM       1     24.00      0.00     76.00      0.00      0.00      0.00
04:04:15 PM       1     23.00      0.00     77.00      0.00      0.00      0.00
04:04:16 PM       1     19.00      0.00     81.00      0.00      0.00      0.00
04:04:17 PM       1     22.77      0.00     77.23      0.00      0.00      0.00
Average:          1     21.74      0.00     78.26      0.00      0.00      0.00
