Linux 3.14.33-regular (node220-2) 	01/06/2017 	_x86_64_	(8 CPU)

06:19:44 PM     CPU     %user     %nice   %system   %iowait    %steal     %idle
06:19:45 PM       1     21.00      0.00     79.00      0.00      0.00      0.00
06:19:46 PM       1     25.25      0.00     74.75      0.00      0.00      0.00
06:19:47 PM       1     20.79      0.00     79.21      0.00      0.00      0.00
06:19:48 PM       1     23.23      0.00     76.77      0.00      0.00      0.00
06:19:49 PM       1     20.00      0.00     80.00      0.00      0.00      0.00
06:19:50 PM       1     23.76      0.00     76.24      0.00      0.00      0.00
06:19:51 PM       1     21.00      0.00     79.00      0.00      0.00      0.00
06:19:52 PM       1     24.00      0.00     76.00      0.00      0.00      0.00
06:19:53 PM       1     17.00      0.00     83.00      0.00      0.00      0.00
06:19:54 PM       1     21.00      0.00     79.00      0.00      0.00      0.00
06:19:55 PM       1     20.79      0.00     79.21      0.00      0.00      0.00
06:19:56 PM       1     24.24      0.00     75.76      0.00      0.00      0.00
06:19:57 PM       1     20.79      0.00     79.21      0.00      0.00      0.00
06:19:58 PM       1     28.28      0.00     71.72      0.00      0.00      0.00
06:19:59 PM       1     19.80      0.00     80.20      0.00      0.00      0.00
06:20:00 PM       1     22.22      0.00     77.78      0.00      0.00      0.00
06:20:01 PM       1     19.80      0.00     80.20      0.00      0.00      0.00
06:20:02 PM       1     24.00      0.00     76.00      0.00      0.00      0.00
06:20:03 PM       1     26.26      0.00     73.74      0.00      0.00      0.00
06:20:04 PM       1     26.00      0.00     74.00      0.00      0.00      0.00
Average:          1     22.45      0.00     77.55      0.00      0.00      0.00
