Linux 3.14.33-regular (node220-2) 	01/06/2017 	_x86_64_	(8 CPU)

01:52:33 PM     CPU     %user     %nice   %system   %iowait    %steal     %idle
01:52:34 PM       1     18.18      0.00     81.82      0.00      0.00      0.00
01:52:35 PM       1     21.78      0.00     78.22      0.00      0.00      0.00
01:52:36 PM       1     22.00      0.00     78.00      0.00      0.00      0.00
01:52:37 PM       1     18.00      0.00     82.00      0.00      0.00      0.00
01:52:38 PM       1     20.00      0.00     80.00      0.00      0.00      0.00
01:52:39 PM       1     22.00      0.00     78.00      0.00      0.00      0.00
01:52:40 PM       1     23.00      0.00     77.00      0.00      0.00      0.00
01:52:41 PM       1     27.00      0.00     73.00      0.00      0.00      0.00
01:52:42 PM       1     20.00      0.00     80.00      0.00      0.00      0.00
01:52:43 PM       1     26.00      0.00     74.00      0.00      0.00      0.00
01:52:44 PM       1     23.00      0.00     77.00      0.00      0.00      0.00
01:52:45 PM       1     16.00      0.00     84.00      0.00      0.00      0.00
01:52:46 PM       1     22.00      0.00     78.00      0.00      0.00      0.00
01:52:47 PM       1     20.00      0.00     80.00      0.00      0.00      0.00
01:52:48 PM       1     24.00      0.00     76.00      0.00      0.00      0.00
01:52:49 PM       1     26.00      0.00     74.00      0.00      0.00      0.00
01:52:50 PM       1     19.00      0.00     81.00      0.00      0.00      0.00
01:52:51 PM       1     22.00      0.00     78.00      0.00      0.00      0.00
01:52:52 PM       1     24.00      0.00     76.00      0.00      0.00      0.00
01:52:53 PM       1     20.00      0.00     80.00      0.00      0.00      0.00
Average:          1     21.70      0.00     78.30      0.00      0.00      0.00
