Linux 3.14.33-regular (node220-2) 	01/06/2017 	_x86_64_	(8 CPU)

03:54:23 PM     CPU     %user     %nice   %system   %iowait    %steal     %idle
03:54:24 PM       1     24.00      0.00     76.00      0.00      0.00      0.00
03:54:25 PM       1     25.00      0.00     75.00      0.00      0.00      0.00
03:54:26 PM       1     18.00      0.00     82.00      0.00      0.00      0.00
03:54:27 PM       1     21.00      0.00     79.00      0.00      0.00      0.00
03:54:28 PM       1     24.00      0.00     76.00      0.00      0.00      0.00
03:54:29 PM       1     28.00      0.00     72.00      0.00      0.00      0.00
03:54:30 PM       1     23.23      0.00     76.77      0.00      0.00      0.00
03:54:31 PM       1     22.77      0.00     77.23      0.00      0.00      0.00
03:54:32 PM       1     24.00      0.00     76.00      0.00      0.00      0.00
03:54:33 PM       1     20.00      0.00     80.00      0.00      0.00      0.00
03:54:34 PM       1     22.00      0.00     78.00      0.00      0.00      0.00
03:54:35 PM       1     15.15      0.00     84.85      0.00      0.00      0.00
03:54:36 PM       1     23.76      0.00     76.24      0.00      0.00      0.00
03:54:37 PM       1     20.00      0.00     80.00      0.00      0.00      0.00
03:54:38 PM       1     23.00      0.00     77.00      0.00      0.00      0.00
03:54:39 PM       1     23.00      0.00     77.00      0.00      0.00      0.00
03:54:40 PM       1     21.00      0.00     79.00      0.00      0.00      0.00
03:54:41 PM       1     23.00      0.00     77.00      0.00      0.00      0.00
03:54:42 PM       1     21.00      0.00     79.00      0.00      0.00      0.00
03:54:43 PM       1     19.00      0.00     81.00      0.00      0.00      0.00
Average:          1     22.05      0.00     77.95      0.00      0.00      0.00
