Linux 3.14.33-regular (node220-2) 	01/06/2017 	_x86_64_	(8 CPU)

01:48:42 PM     CPU     %user     %nice   %system   %iowait    %steal     %idle
01:48:43 PM       1     18.00      0.00     82.00      0.00      0.00      0.00
01:48:44 PM       1     22.00      0.00     78.00      0.00      0.00      0.00
01:48:45 PM       1     22.00      0.00     78.00      0.00      0.00      0.00
01:48:46 PM       1     21.78      0.00     78.22      0.00      0.00      0.00
01:48:47 PM       1     22.00      0.00     78.00      0.00      0.00      0.00
01:48:48 PM       1     23.00      0.00     77.00      0.00      0.00      0.00
01:48:49 PM       1     22.00      0.00     78.00      0.00      0.00      0.00
01:48:50 PM       1     25.00      0.00     75.00      0.00      0.00      0.00
01:48:51 PM       1     20.20      0.00     79.80      0.00      0.00      0.00
01:48:52 PM       1     24.75      0.00     75.25      0.00      0.00      0.00
01:48:53 PM       1     23.00      0.00     77.00      0.00      0.00      0.00
01:48:54 PM       1     24.24      0.00     75.76      0.00      0.00      0.00
01:48:55 PM       1     19.00      0.00     81.00      0.00      0.00      0.00
01:48:56 PM       1     22.00      0.00     78.00      0.00      0.00      0.00
01:48:57 PM       1     22.77      0.00     77.23      0.00      0.00      0.00
01:48:58 PM       1     23.00      0.00     77.00      0.00      0.00      0.00
01:48:59 PM       1     26.26      0.00     73.74      0.00      0.00      0.00
01:49:00 PM       1     28.71      0.00     71.29      0.00      0.00      0.00
01:49:01 PM       1     20.00      0.00     80.00      0.00      0.00      0.00
01:49:02 PM       1     17.17      0.00     82.83      0.00      0.00      0.00
Average:          1     22.35      0.00     77.65      0.00      0.00      0.00
