Linux 3.14.33-regular (node220-2) 	01/06/2017 	_x86_64_	(8 CPU)

10:31:39 PM     CPU     %user     %nice   %system   %iowait    %steal     %idle
10:31:40 PM       1     23.00      0.00     77.00      0.00      0.00      0.00
10:31:41 PM       1     21.21      0.00     78.79      0.00      0.00      0.00
10:31:42 PM       1     20.00      0.00     80.00      0.00      0.00      0.00
10:31:43 PM       1     19.00      0.00     81.00      0.00      0.00      0.00
10:31:44 PM       1     19.00      0.00     81.00      0.00      0.00      0.00
10:31:45 PM       1     21.78      0.00     78.22      0.00      0.00      0.00
10:31:46 PM       1     24.00      0.00     76.00      0.00      0.00      0.00
10:31:47 PM       1     26.00      0.00     74.00      0.00      0.00      0.00
10:31:48 PM       1     21.00      0.00     79.00      0.00      0.00      0.00
10:31:49 PM       1     25.25      0.00     74.75      0.00      0.00      0.00
10:31:50 PM       1     21.78      0.00     78.22      0.00      0.00      0.00
10:31:51 PM       1     21.21      0.00     78.79      0.00      0.00      0.00
10:31:52 PM       1     20.00      0.00     80.00      0.00      0.00      0.00
10:31:53 PM       1     27.00      0.00     73.00      0.00      0.00      0.00
10:31:54 PM       1     21.78      0.00     78.22      0.00      0.00      0.00
10:31:55 PM       1     23.00      0.00     77.00      0.00      0.00      0.00
10:31:56 PM       1     23.00      0.00     77.00      0.00      0.00      0.00
10:31:57 PM       1     20.00      0.00     80.00      0.00      0.00      0.00
10:31:58 PM       1     24.00      0.00     76.00      0.00      0.00      0.00
10:31:59 PM       1     24.00      0.00     76.00      0.00      0.00      0.00
Average:          1     22.30      0.00     77.70      0.00      0.00      0.00
