Linux 3.14.33-regular (node220-2) 	01/06/2017 	_x86_64_	(8 CPU)

03:49:55 PM     CPU     %user     %nice   %system   %iowait    %steal     %idle
03:49:56 PM       1     21.00      0.00     79.00      0.00      0.00      0.00
03:49:57 PM       1     25.00      0.00     75.00      0.00      0.00      0.00
03:49:58 PM       1     21.00      0.00     79.00      0.00      0.00      0.00
03:49:59 PM       1     24.75      0.00     75.25      0.00      0.00      0.00
03:50:00 PM       1     18.00      0.00     82.00      0.00      0.00      0.00
03:50:01 PM       1     22.00      0.00     78.00      0.00      0.00      0.00
03:50:02 PM       1     22.00      0.00     78.00      0.00      0.00      0.00
03:50:03 PM       1     20.20      0.00     79.80      0.00      0.00      0.00
03:50:04 PM       1     23.00      0.00     77.00      0.00      0.00      0.00
03:50:05 PM       1     18.81      0.00     81.19      0.00      0.00      0.00
03:50:06 PM       1     23.23      0.00     76.77      0.00      0.00      0.00
03:50:07 PM       1     21.00      0.00     79.00      0.00      0.00      0.00
03:50:08 PM       1     21.00      0.00     79.00      0.00      0.00      0.00
03:50:09 PM       1     22.00      0.00     78.00      0.00      0.00      0.00
03:50:10 PM       1     23.00      0.00     77.00      0.00      0.00      0.00
03:50:11 PM       1     22.00      0.00     78.00      0.00      0.00      0.00
03:50:12 PM       1     25.00      0.00     75.00      0.00      0.00      0.00
03:50:13 PM       1     22.77      0.00     77.23      0.00      0.00      0.00
03:50:14 PM       1     25.00      0.00     75.00      0.00      0.00      0.00
03:50:15 PM       1     20.00      0.00     80.00      0.00      0.00      0.00
Average:          1     22.04      0.00     77.96      0.00      0.00      0.00
