Linux 3.14.33-regular (node220-2) 	01/06/2017 	_x86_64_	(8 CPU)

10:47:37 PM     CPU     %user     %nice   %system   %iowait    %steal     %idle
10:47:38 PM       1     21.00      0.00     79.00      0.00      0.00      0.00
10:47:39 PM       1     22.00      0.00     78.00      0.00      0.00      0.00
10:47:40 PM       1     16.00      0.00     84.00      0.00      0.00      0.00
10:47:41 PM       1     23.00      0.00     77.00      0.00      0.00      0.00
10:47:42 PM       1     20.79      0.00     79.21      0.00      0.00      0.00
10:47:43 PM       1     18.00      0.00     82.00      0.00      0.00      0.00
10:47:44 PM       1     20.20      0.00     79.80      0.00      0.00      0.00
10:47:45 PM       1     21.00      0.00     79.00      0.00      0.00      0.00
10:47:46 PM       1     19.00      0.00     81.00      0.00      0.00      0.00
10:47:47 PM       1     21.00      0.00     79.00      0.00      0.00      0.00
10:47:48 PM       1     24.75      0.00     75.25      0.00      0.00      0.00
10:47:49 PM       1     23.23      0.00     76.77      0.00      0.00      0.00
10:47:50 PM       1     24.00      0.00     76.00      0.00      0.00      0.00
10:47:51 PM       1     20.00      0.00     80.00      0.00      0.00      0.00
10:47:52 PM       1     20.00      0.00     80.00      0.00      0.00      0.00
10:47:53 PM       1     22.00      0.00     78.00      0.00      0.00      0.00
10:47:54 PM       1     22.00      0.00     78.00      0.00      0.00      0.00
10:47:55 PM       1     19.00      0.00     81.00      0.00      0.00      0.00
10:47:56 PM       1     22.00      0.00     78.00      0.00      0.00      0.00
10:47:57 PM       1     21.00      0.00     79.00      0.00      0.00      0.00
Average:          1     21.00      0.00     79.00      0.00      0.00      0.00
