Linux 3.14.33-regular (node220-2) 	01/06/2017 	_x86_64_	(8 CPU)

03:53:45 PM     CPU     %user     %nice   %system   %iowait    %steal     %idle
03:53:46 PM       1     23.00      0.00     77.00      0.00      0.00      0.00
03:53:47 PM       1     24.00      0.00     76.00      0.00      0.00      0.00
03:53:48 PM       1     25.00      0.00     75.00      0.00      0.00      0.00
03:53:49 PM       1     20.20      0.00     79.80      0.00      0.00      0.00
03:53:50 PM       1     20.79      0.00     79.21      0.00      0.00      0.00
03:53:51 PM       1     23.00      0.00     77.00      0.00      0.00      0.00
03:53:52 PM       1     26.00      0.00     74.00      0.00      0.00      0.00
03:53:53 PM       1     20.00      0.00     80.00      0.00      0.00      0.00
03:53:54 PM       1     21.00      0.00     79.00      0.00      0.00      0.00
03:53:55 PM       1     23.23      0.00     76.77      0.00      0.00      0.00
03:53:56 PM       1     20.79      0.00     79.21      0.00      0.00      0.00
03:53:57 PM       1     27.00      0.00     73.00      0.00      0.00      0.00
03:53:58 PM       1     23.23      0.00     76.77      0.00      0.00      0.00
03:53:59 PM       1     24.75      0.00     75.25      0.00      0.00      0.00
03:54:00 PM       1     24.00      0.00     76.00      0.00      0.00      0.00
03:54:01 PM       1     20.00      0.00     80.00      0.00      0.00      0.00
03:54:02 PM       1     18.00      0.00     82.00      0.00      0.00      0.00
03:54:03 PM       1     19.00      0.00     81.00      0.00      0.00      0.00
03:54:04 PM       1     22.00      0.00     78.00      0.00      0.00      0.00
03:54:05 PM       1     23.00      0.00     77.00      0.00      0.00      0.00
Average:          1     22.40      0.00     77.60      0.00      0.00      0.00
