Linux 3.14.33-regular (node220-2) 	01/06/2017 	_x86_64_	(8 CPU)

01:21:08 PM     CPU     %user     %nice   %system   %iowait    %steal     %idle
01:21:09 PM       1     26.00      0.00     74.00      0.00      0.00      0.00
01:21:10 PM       1     20.00      0.00     80.00      0.00      0.00      0.00
01:21:11 PM       1     22.00      0.00     78.00      0.00      0.00      0.00
01:21:12 PM       1     20.00      0.00     80.00      0.00      0.00      0.00
01:21:13 PM       1     22.77      0.00     77.23      0.00      0.00      0.00
01:21:14 PM       1     18.18      0.00     81.82      0.00      0.00      0.00
01:21:15 PM       1     24.00      0.00     76.00      0.00      0.00      0.00
01:21:16 PM       1     22.00      0.00     78.00      0.00      0.00      0.00
01:21:17 PM       1     24.00      0.00     76.00      0.00      0.00      0.00
01:21:18 PM       1     24.00      0.00     76.00      0.00      0.00      0.00
01:21:19 PM       1     28.00      0.00     72.00      0.00      0.00      0.00
01:21:20 PM       1     25.00      0.00     75.00      0.00      0.00      0.00
01:21:21 PM       1     23.23      0.00     76.77      0.00      0.00      0.00
01:21:22 PM       1     17.82      0.00     82.18      0.00      0.00      0.00
01:21:23 PM       1     22.22      0.00     77.78      0.00      0.00      0.00
01:21:24 PM       1     22.77      0.00     77.23      0.00      0.00      0.00
01:21:25 PM       1     21.00      0.00     79.00      0.00      0.00      0.00
01:21:26 PM       1     25.00      0.00     75.00      0.00      0.00      0.00
01:21:27 PM       1     18.00      0.00     82.00      0.00      0.00      0.00
01:21:28 PM       1     25.00      0.00     75.00      0.00      0.00      0.00
Average:          1     22.55      0.00     77.45      0.00      0.00      0.00
