Linux 3.14.33-regular (node220-2) 	01/06/2017 	_x86_64_	(8 CPU)

09:00:37 PM     CPU     %user     %nice   %system   %iowait    %steal     %idle
09:00:38 PM       1     25.25      0.00     74.75      0.00      0.00      0.00
09:00:39 PM       1     21.00      0.00     79.00      0.00      0.00      0.00
09:00:40 PM       1     23.76      0.00     76.24      0.00      0.00      0.00
09:00:41 PM       1     22.00      0.00     78.00      0.00      0.00      0.00
09:00:42 PM       1     19.19      0.00     80.81      0.00      0.00      0.00
09:00:43 PM       1     24.00      0.00     76.00      0.00      0.00      0.00
09:00:44 PM       1     22.00      0.00     78.00      0.00      0.00      0.00
09:00:45 PM       1     24.00      0.00     76.00      0.00      0.00      0.00
09:00:46 PM       1     20.00      0.00     80.00      0.00      0.00      0.00
09:00:47 PM       1     23.00      0.00     77.00      0.00      0.00      0.00
09:00:48 PM       1     23.00      0.00     77.00      0.00      0.00      0.00
09:00:49 PM       1     19.00      0.00     81.00      0.00      0.00      0.00
09:00:50 PM       1     21.00      0.00     79.00      0.00      0.00      0.00
09:00:51 PM       1     21.00      0.00     79.00      0.00      0.00      0.00
09:00:52 PM       1     20.00      0.00     80.00      0.00      0.00      0.00
09:00:53 PM       1     20.00      0.00     80.00      0.00      0.00      0.00
09:00:54 PM       1     23.00      0.00     77.00      0.00      0.00      0.00
09:00:55 PM       1     21.00      0.00     79.00      0.00      0.00      0.00
09:00:56 PM       1     20.00      0.00     80.00      0.00      0.00      0.00
09:00:57 PM       1     23.00      0.00     77.00      0.00      0.00      0.00
Average:          1     21.76      0.00     78.24      0.00      0.00      0.00
