Linux 3.14.33-regular (node220-2) 	01/06/2017 	_x86_64_	(8 CPU)

10:27:10 PM     CPU     %user     %nice   %system   %iowait    %steal     %idle
10:27:11 PM       1     17.00      0.00     83.00      0.00      0.00      0.00
10:27:12 PM       1     21.00      0.00     79.00      0.00      0.00      0.00
10:27:13 PM       1     21.00      0.00     79.00      0.00      0.00      0.00
10:27:14 PM       1     22.00      0.00     78.00      0.00      0.00      0.00
10:27:15 PM       1     18.18      0.00     81.82      0.00      0.00      0.00
10:27:16 PM       1     16.83      0.00     83.17      0.00      0.00      0.00
10:27:17 PM       1     18.18      0.00     81.82      0.00      0.00      0.00
10:27:18 PM       1     26.73      0.00     73.27      0.00      0.00      0.00
10:27:19 PM       1     24.24      0.00     75.76      0.00      0.00      0.00
10:27:20 PM       1     22.00      0.00     78.00      0.00      0.00      0.00
10:27:21 PM       1     25.00      0.00     75.00      0.00      0.00      0.00
10:27:22 PM       1     22.77      0.00     77.23      0.00      0.00      0.00
10:27:23 PM       1     20.20      0.00     79.80      0.00      0.00      0.00
10:27:24 PM       1     19.80      0.00     80.20      0.00      0.00      0.00
10:27:25 PM       1     22.00      0.00     78.00      0.00      0.00      0.00
10:27:26 PM       1     25.00      0.00     75.00      0.00      0.00      0.00
10:27:27 PM       1     25.00      0.00     75.00      0.00      0.00      0.00
10:27:28 PM       1     20.00      0.00     80.00      0.00      0.00      0.00
10:27:29 PM       1     24.24      0.00     75.76      0.00      0.00      0.00
10:27:30 PM       1     23.76      0.00     76.24      0.00      0.00      0.00
Average:          1     21.75      0.00     78.25      0.00      0.00      0.00
