Linux 3.14.33-regular (node220-2) 	01/06/2017 	_x86_64_	(8 CPU)

04:02:03 PM     CPU     %user     %nice   %system   %iowait    %steal     %idle
04:02:04 PM       1     28.28      0.00     71.72      0.00      0.00      0.00
04:02:05 PM       1     19.80      0.00     80.20      0.00      0.00      0.00
04:02:06 PM       1     26.26      0.00     73.74      0.00      0.00      0.00
04:02:07 PM       1     21.78      0.00     78.22      0.00      0.00      0.00
04:02:08 PM       1     20.20      0.00     79.80      0.00      0.00      0.00
04:02:09 PM       1     21.78      0.00     78.22      0.00      0.00      0.00
04:02:10 PM       1     23.00      0.00     77.00      0.00      0.00      0.00
04:02:11 PM       1     19.19      0.00     80.81      0.00      0.00      0.00
04:02:12 PM       1     24.75      0.00     75.25      0.00      0.00      0.00
04:02:13 PM       1     25.00      0.00     75.00      0.00      0.00      0.00
04:02:14 PM       1     21.00      0.00     79.00      0.00      0.00      0.00
04:02:15 PM       1     23.00      0.00     77.00      0.00      0.00      0.00
04:02:16 PM       1     19.00      0.00     81.00      0.00      0.00      0.00
04:02:17 PM       1     19.00      0.00     81.00      0.00      0.00      0.00
04:02:18 PM       1     24.00      0.00     76.00      0.00      0.00      0.00
04:02:19 PM       1     26.00      0.00     74.00      0.00      0.00      0.00
04:02:20 PM       1     19.19      0.00     80.81      0.00      0.00      0.00
04:02:21 PM       1     18.81      0.00     81.19      0.00      0.00      0.00
04:02:22 PM       1     24.00      0.00     76.00      0.00      0.00      0.00
04:02:23 PM       1     18.00      0.00     82.00      0.00      0.00      0.00
Average:          1     22.10      0.00     77.90      0.00      0.00      0.00
