Linux 3.14.33-regular (node220-2) 	01/06/2017 	_x86_64_	(8 CPU)

03:39:42 PM     CPU     %user     %nice   %system   %iowait    %steal     %idle
03:39:43 PM       1     17.00      0.00     83.00      0.00      0.00      0.00
03:39:44 PM       1     21.78      0.00     78.22      0.00      0.00      0.00
03:39:45 PM       1     23.23      0.00     76.77      0.00      0.00      0.00
03:39:46 PM       1     22.77      0.00     77.23      0.00      0.00      0.00
03:39:47 PM       1     24.00      0.00     76.00      0.00      0.00      0.00
03:39:48 PM       1     23.00      0.00     77.00      0.00      0.00      0.00
03:39:49 PM       1     21.00      0.00     79.00      0.00      0.00      0.00
03:39:50 PM       1     16.00      0.00     84.00      0.00      0.00      0.00
03:39:51 PM       1     22.00      0.00     78.00      0.00      0.00      0.00
03:39:52 PM       1     24.00      0.00     76.00      0.00      0.00      0.00
03:39:53 PM       1     18.18      0.00     81.82      0.00      0.00      0.00
03:39:54 PM       1     21.78      0.00     78.22      0.00      0.00      0.00
03:39:55 PM       1     23.00      0.00     77.00      0.00      0.00      0.00
03:39:56 PM       1     24.00      0.00     76.00      0.00      0.00      0.00
03:39:57 PM       1     21.00      0.00     79.00      0.00      0.00      0.00
03:39:58 PM       1     22.00      0.00     78.00      0.00      0.00      0.00
03:39:59 PM       1     20.00      0.00     80.00      0.00      0.00      0.00
03:40:00 PM       1     21.00      0.00     79.00      0.00      0.00      0.00
03:40:01 PM       1     22.00      0.00     78.00      0.00      0.00      0.00
03:40:02 PM       1     20.00      0.00     80.00      0.00      0.00      0.00
Average:          1     21.39      0.00     78.61      0.00      0.00      0.00
