Linux 3.14.33-regular (node220-2) 	01/06/2017 	_x86_64_	(8 CPU)

06:49:50 PM     CPU     %user     %nice   %system   %iowait    %steal     %idle
06:49:51 PM       1     22.22      0.00     77.78      0.00      0.00      0.00
06:49:52 PM       1     26.73      0.00     73.27      0.00      0.00      0.00
06:49:53 PM       1     18.00      0.00     82.00      0.00      0.00      0.00
06:49:54 PM       1     23.23      0.00     76.77      0.00      0.00      0.00
06:49:55 PM       1     22.77      0.00     77.23      0.00      0.00      0.00
06:49:56 PM       1     25.00      0.00     75.00      0.00      0.00      0.00
06:49:57 PM       1     22.00      0.00     78.00      0.00      0.00      0.00
06:49:58 PM       1     24.00      0.00     76.00      0.00      0.00      0.00
06:49:59 PM       1     20.00      0.00     80.00      0.00      0.00      0.00
06:50:00 PM       1     21.00      0.00     79.00      0.00      0.00      0.00
06:50:01 PM       1     26.26      0.00     73.74      0.00      0.00      0.00
06:50:02 PM       1     22.77      0.00     77.23      0.00      0.00      0.00
06:50:03 PM       1     22.00      0.00     78.00      0.00      0.00      0.00
06:50:04 PM       1     28.28      0.00     71.72      0.00      0.00      0.00
06:50:05 PM       1     21.00      0.00     79.00      0.00      0.00      0.00
06:50:06 PM       1     24.00      0.00     76.00      0.00      0.00      0.00
06:50:07 PM       1     19.00      0.00     81.00      0.00      0.00      0.00
06:50:08 PM       1     19.00      0.00     81.00      0.00      0.00      0.00
06:50:09 PM       1     23.00      0.00     77.00      0.00      0.00      0.00
06:50:10 PM       1     19.80      0.00     80.20      0.00      0.00      0.00
Average:          1     22.50      0.00     77.50      0.00      0.00      0.00
