Linux 3.14.33-regular (node220-2) 	01/06/2017 	_x86_64_	(8 CPU)

10:38:41 PM     CPU     %user     %nice   %system   %iowait    %steal     %idle
10:38:42 PM       1     20.00      0.00     80.00      0.00      0.00      0.00
10:38:43 PM       1     26.00      0.00     74.00      0.00      0.00      0.00
10:38:44 PM       1     24.75      0.00     75.25      0.00      0.00      0.00
10:38:45 PM       1     20.00      0.00     80.00      0.00      0.00      0.00
10:38:46 PM       1     16.00      0.00     84.00      0.00      0.00      0.00
10:38:47 PM       1     27.27      0.00     72.73      0.00      0.00      0.00
10:38:48 PM       1     19.00      0.00     81.00      0.00      0.00      0.00
10:38:49 PM       1     25.00      0.00     75.00      0.00      0.00      0.00
10:38:50 PM       1     26.26      0.00     73.74      0.00      0.00      0.00
10:38:51 PM       1     21.00      0.00     79.00      0.00      0.00      0.00
10:38:52 PM       1     25.74      0.00     74.26      0.00      0.00      0.00
10:38:53 PM       1     22.22      0.00     77.78      0.00      0.00      0.00
10:38:54 PM       1     18.81      0.00     81.19      0.00      0.00      0.00
10:38:55 PM       1     23.23      0.00     76.77      0.00      0.00      0.00
10:38:56 PM       1     16.83      0.00     83.17      0.00      0.00      0.00
10:38:57 PM       1     21.00      0.00     79.00      0.00      0.00      0.00
10:38:58 PM       1     24.00      0.00     76.00      0.00      0.00      0.00
10:38:59 PM       1     20.20      0.00     79.80      0.00      0.00      0.00
10:39:00 PM       1     22.00      0.00     78.00      0.00      0.00      0.00
10:39:01 PM       1     19.00      0.00     81.00      0.00      0.00      0.00
Average:          1     21.91      0.00     78.09      0.00      0.00      0.00
