Linux 3.14.33-regular (node220-2) 	01/06/2017 	_x86_64_	(8 CPU)

07:46:56 PM     CPU     %user     %nice   %system   %iowait    %steal     %idle
07:46:57 PM       1     22.77      0.00     77.23      0.00      0.00      0.00
07:46:58 PM       1     21.21      0.00     78.79      0.00      0.00      0.00
07:46:59 PM       1     19.80      0.00     80.20      0.00      0.00      0.00
07:47:00 PM       1     18.00      0.00     82.00      0.00      0.00      0.00
07:47:01 PM       1     22.22      0.00     77.78      0.00      0.00      0.00
07:47:02 PM       1     21.78      0.00     78.22      0.00      0.00      0.00
07:47:03 PM       1     20.00      0.00     80.00      0.00      0.00      0.00
07:47:04 PM       1     22.00      0.00     78.00      0.00      0.00      0.00
07:47:05 PM       1     22.00      0.00     78.00      0.00      0.00      0.00
07:47:06 PM       1     17.00      0.00     83.00      0.00      0.00      0.00
07:47:07 PM       1     22.00      0.00     78.00      0.00      0.00      0.00
07:47:08 PM       1     24.00      0.00     76.00      0.00      0.00      0.00
07:47:09 PM       1     21.00      0.00     79.00      0.00      0.00      0.00
07:47:10 PM       1     23.00      0.00     77.00      0.00      0.00      0.00
07:47:11 PM       1     20.00      0.00     80.00      0.00      0.00      0.00
07:47:12 PM       1     23.00      0.00     77.00      0.00      0.00      0.00
07:47:13 PM       1     24.24      0.00     75.76      0.00      0.00      0.00
07:47:14 PM       1     21.78      0.00     78.22      0.00      0.00      0.00
07:47:15 PM       1     18.18      0.00     81.82      0.00      0.00      0.00
07:47:16 PM       1     17.82      0.00     82.18      0.00      0.00      0.00
Average:          1     21.09      0.00     78.91      0.00      0.00      0.00
