Linux 3.14.33-regular (node220-2) 	01/06/2017 	_x86_64_	(8 CPU)

08:17:42 PM     CPU     %user     %nice   %system   %iowait    %steal     %idle
08:17:43 PM       1     16.83      0.00     83.17      0.00      0.00      0.00
08:17:44 PM       1     17.17      0.00     82.83      0.00      0.00      0.00
08:17:45 PM       1     26.00      0.00     74.00      0.00      0.00      0.00
08:17:46 PM       1     27.00      0.00     73.00      0.00      0.00      0.00
08:17:47 PM       1     24.75      0.00     75.25      0.00      0.00      0.00
08:17:48 PM       1     19.00      0.00     81.00      0.00      0.00      0.00
08:17:49 PM       1     23.23      0.00     76.77      0.00      0.00      0.00
08:17:50 PM       1     26.00      0.00     74.00      0.00      0.00      0.00
08:17:51 PM       1     21.78      0.00     78.22      0.00      0.00      0.00
08:17:52 PM       1     20.20      0.00     79.80      0.00      0.00      0.00
08:17:53 PM       1     26.00      0.00     74.00      0.00      0.00      0.00
08:17:54 PM       1     23.00      0.00     77.00      0.00      0.00      0.00
08:17:55 PM       1     24.00      0.00     76.00      0.00      0.00      0.00
08:17:56 PM       1     27.00      0.00     73.00      0.00      0.00      0.00
08:17:57 PM       1     24.00      0.00     76.00      0.00      0.00      0.00
08:17:58 PM       1     18.00      0.00     82.00      0.00      0.00      0.00
08:17:59 PM       1     20.00      0.00     80.00      0.00      0.00      0.00
08:18:00 PM       1     18.00      0.00     82.00      0.00      0.00      0.00
08:18:01 PM       1     20.00      0.00     80.00      0.00      0.00      0.00
08:18:02 PM       1     19.00      0.00     81.00      0.00      0.00      0.00
Average:          1     22.05      0.00     77.95      0.00      0.00      0.00
