Linux 3.14.33-regular (node220-2) 	01/06/2017 	_x86_64_	(8 CPU)

02:26:33 PM     CPU     %user     %nice   %system   %iowait    %steal     %idle
02:26:34 PM       1     23.76      0.00     76.24      0.00      0.00      0.00
02:26:35 PM       1     22.00      0.00     78.00      0.00      0.00      0.00
02:26:36 PM       1     20.20      0.00     79.80      0.00      0.00      0.00
02:26:37 PM       1     29.70      0.00     70.30      0.00      0.00      0.00
02:26:38 PM       1     19.19      0.00     80.81      0.00      0.00      0.00
02:26:39 PM       1     22.00      0.00     78.00      0.00      0.00      0.00
02:26:40 PM       1     25.74      0.00     74.26      0.00      0.00      0.00
02:26:41 PM       1     21.00      0.00     79.00      0.00      0.00      0.00
02:26:42 PM       1     22.00      0.00     78.00      0.00      0.00      0.00
02:26:43 PM       1     19.19      0.00     80.81      0.00      0.00      0.00
02:26:44 PM       1     27.00      0.00     73.00      0.00      0.00      0.00
02:26:45 PM       1     27.72      0.00     72.28      0.00      0.00      0.00
02:26:46 PM       1     23.00      0.00     77.00      0.00      0.00      0.00
02:26:47 PM       1     23.00      0.00     77.00      0.00      0.00      0.00
02:26:48 PM       1     22.22      0.00     77.78      0.00      0.00      0.00
02:26:49 PM       1     20.79      0.00     79.21      0.00      0.00      0.00
02:26:50 PM       1     22.00      0.00     78.00      0.00      0.00      0.00
02:26:51 PM       1     21.00      0.00     79.00      0.00      0.00      0.00
02:26:52 PM       1     24.24      0.00     75.76      0.00      0.00      0.00
02:26:53 PM       1     21.78      0.00     78.22      0.00      0.00      0.00
Average:          1     22.89      0.00     77.11      0.00      0.00      0.00
