Linux 3.14.33-regular (node220-2) 	01/06/2017 	_x86_64_	(8 CPU)

04:05:14 PM     CPU     %user     %nice   %system   %iowait    %steal     %idle
04:05:15 PM       1     17.17      0.00     82.83      0.00      0.00      0.00
04:05:16 PM       1     17.82      0.00     82.18      0.00      0.00      0.00
04:05:17 PM       1     22.22      0.00     77.78      0.00      0.00      0.00
04:05:18 PM       1     23.76      0.00     76.24      0.00      0.00      0.00
04:05:19 PM       1     23.00      0.00     77.00      0.00      0.00      0.00
04:05:20 PM       1     23.00      0.00     77.00      0.00      0.00      0.00
04:05:21 PM       1     27.72      0.00     72.28      0.00      0.00      0.00
04:05:22 PM       1     21.00      0.00     79.00      0.00      0.00      0.00
04:05:23 PM       1     21.21      0.00     78.79      0.00      0.00      0.00
04:05:24 PM       1     22.00      0.00     78.00      0.00      0.00      0.00
04:05:25 PM       1     18.00      0.00     82.00      0.00      0.00      0.00
04:05:26 PM       1     19.80      0.00     80.20      0.00      0.00      0.00
04:05:27 PM       1     18.18      0.00     81.82      0.00      0.00      0.00
04:05:28 PM       1     21.00      0.00     79.00      0.00      0.00      0.00
04:05:29 PM       1     19.00      0.00     81.00      0.00      0.00      0.00
04:05:30 PM       1     21.00      0.00     79.00      0.00      0.00      0.00
04:05:31 PM       1     22.00      0.00     78.00      0.00      0.00      0.00
04:05:32 PM       1     20.00      0.00     80.00      0.00      0.00      0.00
04:05:33 PM       1     21.00      0.00     79.00      0.00      0.00      0.00
04:05:34 PM       1     22.00      0.00     78.00      0.00      0.00      0.00
Average:          1     21.05      0.00     78.95      0.00      0.00      0.00
