Linux 3.14.33-regular (node220-2) 	01/06/2017 	_x86_64_	(8 CPU)

09:24:22 PM     CPU     %user     %nice   %system   %iowait    %steal     %idle
09:24:23 PM       1     21.00      0.00     79.00      0.00      0.00      0.00
09:24:24 PM       1     20.00      0.00     80.00      0.00      0.00      0.00
09:24:25 PM       1     21.21      0.00     78.79      0.00      0.00      0.00
09:24:26 PM       1     21.78      0.00     78.22      0.00      0.00      0.00
09:24:27 PM       1     27.00      0.00     73.00      0.00      0.00      0.00
09:24:28 PM       1     23.00      0.00     77.00      0.00      0.00      0.00
09:24:29 PM       1     23.00      0.00     77.00      0.00      0.00      0.00
09:24:30 PM       1     24.00      0.00     76.00      0.00      0.00      0.00
09:24:31 PM       1     25.00      0.00     75.00      0.00      0.00      0.00
09:24:32 PM       1     25.00      0.00     75.00      0.00      0.00      0.00
09:24:33 PM       1     21.00      0.00     79.00      0.00      0.00      0.00
09:24:34 PM       1     21.00      0.00     79.00      0.00      0.00      0.00
09:24:35 PM       1     22.00      0.00     78.00      0.00      0.00      0.00
09:24:36 PM       1     21.00      0.00     79.00      0.00      0.00      0.00
09:24:37 PM       1     23.00      0.00     77.00      0.00      0.00      0.00
09:24:38 PM       1     26.00      0.00     74.00      0.00      0.00      0.00
09:24:39 PM       1     25.00      0.00     75.00      0.00      0.00      0.00
09:24:40 PM       1     20.20      0.00     79.80      0.00      0.00      0.00
09:24:41 PM       1     22.00      0.00     78.00      0.00      0.00      0.00
09:24:42 PM       1     22.00      0.00     78.00      0.00      0.00      0.00
Average:          1     22.71      0.00     77.29      0.00      0.00      0.00
