Linux 3.14.33-regular (node220-2) 	01/06/2017 	_x86_64_	(8 CPU)

09:44:53 PM     CPU     %user     %nice   %system   %iowait    %steal     %idle
09:44:54 PM       1     24.00      0.00     76.00      0.00      0.00      0.00
09:44:55 PM       1     21.21      0.00     78.79      0.00      0.00      0.00
09:44:56 PM       1     19.80      0.00     80.20      0.00      0.00      0.00
09:44:57 PM       1     24.00      0.00     76.00      0.00      0.00      0.00
09:44:58 PM       1     17.00      0.00     83.00      0.00      0.00      0.00
09:44:59 PM       1     17.17      0.00     82.83      0.00      0.00      0.00
09:45:00 PM       1     24.75      0.00     75.25      0.00      0.00      0.00
09:45:01 PM       1     21.00      0.00     79.00      0.00      0.00      0.00
09:45:02 PM       1     21.78      0.00     78.22      0.00      0.00      0.00
09:45:03 PM       1     24.49      0.00     75.51      0.00      0.00      0.00
09:45:04 PM       1     17.82      0.00     82.18      0.00      0.00      0.00
09:45:05 PM       1     21.00      0.00     79.00      0.00      0.00      0.00
09:45:06 PM       1     24.00      0.00     76.00      0.00      0.00      0.00
09:45:07 PM       1     17.17      0.00     82.83      0.00      0.00      0.00
09:45:08 PM       1     26.00      0.00     74.00      0.00      0.00      0.00
09:45:09 PM       1     22.77      0.00     77.23      0.00      0.00      0.00
09:45:10 PM       1     26.00      0.00     74.00      0.00      0.00      0.00
09:45:11 PM       1     25.25      0.00     74.75      0.00      0.00      0.00
09:45:12 PM       1     17.82      0.00     82.18      0.00      0.00      0.00
09:45:13 PM       1     16.83      0.00     83.17      0.00      0.00      0.00
Average:          1     21.49      0.00     78.51      0.00      0.00      0.00
