Linux 3.14.33-regular (node220-2) 	01/06/2017 	_x86_64_	(8 CPU)

12:53:34 PM     CPU     %user     %nice   %system   %iowait    %steal     %idle
12:53:35 PM       1     28.00      0.00     72.00      0.00      0.00      0.00
12:53:36 PM       1     24.24      0.00     75.76      0.00      0.00      0.00
12:53:37 PM       1     21.00      0.00     79.00      0.00      0.00      0.00
12:53:38 PM       1     24.00      0.00     76.00      0.00      0.00      0.00
12:53:39 PM       1     21.00      0.00     79.00      0.00      0.00      0.00
12:53:40 PM       1     20.00      0.00     80.00      0.00      0.00      0.00
12:53:41 PM       1     23.00      0.00     77.00      0.00      0.00      0.00
12:53:42 PM       1     20.00      0.00     80.00      0.00      0.00      0.00
12:53:43 PM       1     23.00      0.00     77.00      0.00      0.00      0.00
12:53:44 PM       1     21.00      0.00     79.00      0.00      0.00      0.00
12:53:45 PM       1     24.00      0.00     76.00      0.00      0.00      0.00
12:53:46 PM       1     24.00      0.00     76.00      0.00      0.00      0.00
12:53:47 PM       1     20.00      0.00     80.00      0.00      0.00      0.00
12:53:48 PM       1     24.00      0.00     76.00      0.00      0.00      0.00
12:53:49 PM       1     20.00      0.00     80.00      0.00      0.00      0.00
12:53:50 PM       1     19.00      0.00     81.00      0.00      0.00      0.00
12:53:51 PM       1     25.00      0.00     75.00      0.00      0.00      0.00
12:53:52 PM       1     23.00      0.00     77.00      0.00      0.00      0.00
12:53:53 PM       1     24.00      0.00     76.00      0.00      0.00      0.00
12:53:54 PM       1     22.00      0.00     78.00      0.00      0.00      0.00
Average:          1     22.51      0.00     77.49      0.00      0.00      0.00
