Linux 3.14.33-regular (node220-2) 	01/06/2017 	_x86_64_	(8 CPU)

08:34:20 PM     CPU     %user     %nice   %system   %iowait    %steal     %idle
08:34:21 PM       1     23.00      0.00     77.00      0.00      0.00      0.00
08:34:22 PM       1     18.00      0.00     82.00      0.00      0.00      0.00
08:34:23 PM       1     22.00      0.00     78.00      0.00      0.00      0.00
08:34:24 PM       1     24.00      0.00     76.00      0.00      0.00      0.00
08:34:25 PM       1     23.00      0.00     77.00      0.00      0.00      0.00
08:34:26 PM       1     23.00      0.00     77.00      0.00      0.00      0.00
08:34:27 PM       1     18.00      0.00     82.00      0.00      0.00      0.00
08:34:28 PM       1     21.00      0.00     79.00      0.00      0.00      0.00
08:34:29 PM       1     20.00      0.00     80.00      0.00      0.00      0.00
08:34:30 PM       1     21.00      0.00     79.00      0.00      0.00      0.00
08:34:31 PM       1     22.22      0.00     77.78      0.00      0.00      0.00
08:34:32 PM       1     24.75      0.00     75.25      0.00      0.00      0.00
08:34:33 PM       1     20.00      0.00     80.00      0.00      0.00      0.00
08:34:34 PM       1     23.23      0.00     76.77      0.00      0.00      0.00
08:34:35 PM       1     22.00      0.00     78.00      0.00      0.00      0.00
08:34:36 PM       1     19.80      0.00     80.20      0.00      0.00      0.00
08:34:37 PM       1     20.00      0.00     80.00      0.00      0.00      0.00
08:34:38 PM       1     23.00      0.00     77.00      0.00      0.00      0.00
08:34:39 PM       1     24.00      0.00     76.00      0.00      0.00      0.00
08:34:40 PM       1     23.23      0.00     76.77      0.00      0.00      0.00
Average:          1     21.76      0.00     78.24      0.00      0.00      0.00
