Linux 3.14.33-regular (node220-2) 	01/06/2017 	_x86_64_	(8 CPU)

01:19:12 PM     CPU     %user     %nice   %system   %iowait    %steal     %idle
01:19:13 PM       1     23.00      0.00     77.00      0.00      0.00      0.00
01:19:14 PM       1     21.00      0.00     79.00      0.00      0.00      0.00
01:19:15 PM       1     25.74      0.00     74.26      0.00      0.00      0.00
01:19:16 PM       1     24.00      0.00     76.00      0.00      0.00      0.00
01:19:17 PM       1     18.00      0.00     82.00      0.00      0.00      0.00
01:19:18 PM       1     25.00      0.00     75.00      0.00      0.00      0.00
01:19:19 PM       1     17.00      0.00     83.00      0.00      0.00      0.00
01:19:20 PM       1     25.74      0.00     74.26      0.00      0.00      0.00
01:19:21 PM       1     23.23      0.00     76.77      0.00      0.00      0.00
01:19:22 PM       1     18.00      0.00     82.00      0.00      0.00      0.00
01:19:23 PM       1     22.77      0.00     77.23      0.00      0.00      0.00
01:19:24 PM       1     23.23      0.00     76.77      0.00      0.00      0.00
01:19:25 PM       1     20.79      0.00     79.21      0.00      0.00      0.00
01:19:26 PM       1     27.27      0.00     72.73      0.00      0.00      0.00
01:19:27 PM       1     22.00      0.00     78.00      0.00      0.00      0.00
01:19:28 PM       1     20.00      0.00     80.00      0.00      0.00      0.00
01:19:29 PM       1     26.00      0.00     74.00      0.00      0.00      0.00
01:19:30 PM       1     24.00      0.00     76.00      0.00      0.00      0.00
01:19:31 PM       1     22.00      0.00     78.00      0.00      0.00      0.00
01:19:32 PM       1     22.00      0.00     78.00      0.00      0.00      0.00
Average:          1     22.54      0.00     77.46      0.00      0.00      0.00
