Linux 3.14.33-regular (node220-2) 	01/06/2017 	_x86_64_	(8 CPU)

08:43:57 PM     CPU     %user     %nice   %system   %iowait    %steal     %idle
08:43:58 PM       1     18.18      0.00     81.82      0.00      0.00      0.00
08:43:59 PM       1     25.00      0.00     75.00      0.00      0.00      0.00
08:44:00 PM       1     22.00      0.00     78.00      0.00      0.00      0.00
08:44:01 PM       1     22.77      0.00     77.23      0.00      0.00      0.00
08:44:02 PM       1     23.23      0.00     76.77      0.00      0.00      0.00
08:44:03 PM       1     22.77      0.00     77.23      0.00      0.00      0.00
08:44:04 PM       1     21.21      0.00     78.79      0.00      0.00      0.00
08:44:05 PM       1     18.81      0.00     81.19      0.00      0.00      0.00
08:44:06 PM       1     23.23      0.00     76.77      0.00      0.00      0.00
08:44:07 PM       1     20.00      0.00     80.00      0.00      0.00      0.00
08:44:08 PM       1     18.00      0.00     82.00      0.00      0.00      0.00
08:44:09 PM       1     20.00      0.00     80.00      0.00      0.00      0.00
08:44:10 PM       1     23.00      0.00     77.00      0.00      0.00      0.00
08:44:11 PM       1     26.00      0.00     74.00      0.00      0.00      0.00
08:44:12 PM       1     25.74      0.00     74.26      0.00      0.00      0.00
08:44:13 PM       1     19.19      0.00     80.81      0.00      0.00      0.00
08:44:14 PM       1     26.00      0.00     74.00      0.00      0.00      0.00
08:44:15 PM       1     27.00      0.00     73.00      0.00      0.00      0.00
08:44:16 PM       1     20.00      0.00     80.00      0.00      0.00      0.00
08:44:17 PM       1     24.00      0.00     76.00      0.00      0.00      0.00
Average:          1     22.31      0.00     77.69      0.00      0.00      0.00
