Linux 3.14.33-regular (node220-2) 	01/06/2017 	_x86_64_	(8 CPU)

09:04:29 PM     CPU     %user     %nice   %system   %iowait    %steal     %idle
09:04:30 PM       1     27.00      0.00     73.00      0.00      0.00      0.00
09:04:31 PM       1     24.00      0.00     76.00      0.00      0.00      0.00
09:04:32 PM       1     23.00      0.00     77.00      0.00      0.00      0.00
09:04:33 PM       1     25.00      0.00     75.00      0.00      0.00      0.00
09:04:34 PM       1     21.00      0.00     79.00      0.00      0.00      0.00
09:04:35 PM       1     19.00      0.00     81.00      0.00      0.00      0.00
09:04:36 PM       1     25.00      0.00     75.00      0.00      0.00      0.00
09:04:37 PM       1     19.00      0.00     81.00      0.00      0.00      0.00
09:04:38 PM       1     18.81      0.00     81.19      0.00      0.00      0.00
09:04:39 PM       1     19.19      0.00     80.81      0.00      0.00      0.00
09:04:40 PM       1     17.00      0.00     83.00      0.00      0.00      0.00
09:04:41 PM       1     25.00      0.00     75.00      0.00      0.00      0.00
09:04:42 PM       1     22.00      0.00     78.00      0.00      0.00      0.00
09:04:43 PM       1     24.00      0.00     76.00      0.00      0.00      0.00
09:04:44 PM       1     21.21      0.00     78.79      0.00      0.00      0.00
09:04:45 PM       1     19.80      0.00     80.20      0.00      0.00      0.00
09:04:46 PM       1     23.00      0.00     77.00      0.00      0.00      0.00
09:04:47 PM       1     21.00      0.00     79.00      0.00      0.00      0.00
09:04:48 PM       1     18.18      0.00     81.82      0.00      0.00      0.00
09:04:49 PM       1     24.75      0.00     75.25      0.00      0.00      0.00
Average:          1     21.85      0.00     78.15      0.00      0.00      0.00
