Linux 3.14.33-regular (node220-2) 	01/06/2017 	_x86_64_	(8 CPU)

08:44:36 PM     CPU     %user     %nice   %system   %iowait    %steal     %idle
08:44:37 PM       1     22.00      0.00     78.00      0.00      0.00      0.00
08:44:38 PM       1     22.22      0.00     77.78      0.00      0.00      0.00
08:44:39 PM       1     23.00      0.00     77.00      0.00      0.00      0.00
08:44:40 PM       1     17.00      0.00     83.00      0.00      0.00      0.00
08:44:41 PM       1     22.00      0.00     78.00      0.00      0.00      0.00
08:44:42 PM       1     24.00      0.00     76.00      0.00      0.00      0.00
08:44:43 PM       1     19.00      0.00     81.00      0.00      0.00      0.00
08:44:44 PM       1     25.00      0.00     75.00      0.00      0.00      0.00
08:44:45 PM       1     20.00      0.00     80.00      0.00      0.00      0.00
08:44:46 PM       1     19.00      0.00     81.00      0.00      0.00      0.00
08:44:47 PM       1     22.00      0.00     78.00      0.00      0.00      0.00
08:44:48 PM       1     23.00      0.00     77.00      0.00      0.00      0.00
08:44:49 PM       1     26.00      0.00     74.00      0.00      0.00      0.00
08:44:50 PM       1     22.77      0.00     77.23      0.00      0.00      0.00
08:44:51 PM       1     23.00      0.00     77.00      0.00      0.00      0.00
08:44:52 PM       1     22.22      0.00     77.78      0.00      0.00      0.00
08:44:53 PM       1     23.76      0.00     76.24      0.00      0.00      0.00
08:44:54 PM       1     25.00      0.00     75.00      0.00      0.00      0.00
08:44:55 PM       1     21.00      0.00     79.00      0.00      0.00      0.00
08:44:56 PM       1     22.22      0.00     77.78      0.00      0.00      0.00
Average:          1     22.21      0.00     77.79      0.00      0.00      0.00
