Linux 3.14.33-regular (node220-2) 	01/06/2017 	_x86_64_	(8 CPU)

08:45:15 PM     CPU     %user     %nice   %system   %iowait    %steal     %idle
08:45:16 PM       1     22.00      0.00     78.00      0.00      0.00      0.00
08:45:17 PM       1     26.00      0.00     74.00      0.00      0.00      0.00
08:45:18 PM       1     17.00      0.00     83.00      0.00      0.00      0.00
08:45:19 PM       1     24.24      0.00     75.76      0.00      0.00      0.00
08:45:20 PM       1     22.00      0.00     78.00      0.00      0.00      0.00
08:45:21 PM       1     21.78      0.00     78.22      0.00      0.00      0.00
08:45:22 PM       1     17.00      0.00     83.00      0.00      0.00      0.00
08:45:23 PM       1     21.21      0.00     78.79      0.00      0.00      0.00
08:45:24 PM       1     28.71      0.00     71.29      0.00      0.00      0.00
08:45:25 PM       1     24.00      0.00     76.00      0.00      0.00      0.00
08:45:26 PM       1     19.19      0.00     80.81      0.00      0.00      0.00
08:45:27 PM       1     18.81      0.00     81.19      0.00      0.00      0.00
08:45:28 PM       1     18.18      0.00     81.82      0.00      0.00      0.00
08:45:29 PM       1     21.78      0.00     78.22      0.00      0.00      0.00
08:45:30 PM       1     18.00      0.00     82.00      0.00      0.00      0.00
08:45:31 PM       1     27.00      0.00     73.00      0.00      0.00      0.00
08:45:32 PM       1     25.00      0.00     75.00      0.00      0.00      0.00
08:45:33 PM       1     22.00      0.00     78.00      0.00      0.00      0.00
08:45:34 PM       1     23.00      0.00     77.00      0.00      0.00      0.00
08:45:35 PM       1     19.00      0.00     81.00      0.00      0.00      0.00
Average:          1     21.80      0.00     78.20      0.00      0.00      0.00
