Linux 3.14.33-regular (node220-2) 	01/06/2017 	_x86_64_	(8 CPU)

01:43:36 PM     CPU     %user     %nice   %system   %iowait    %steal     %idle
01:43:37 PM       1     23.76      0.00     76.24      0.00      0.00      0.00
01:43:38 PM       1     24.00      0.00     76.00      0.00      0.00      0.00
01:43:39 PM       1     26.00      0.00     74.00      0.00      0.00      0.00
01:43:40 PM       1     20.00      0.00     80.00      0.00      0.00      0.00
01:43:41 PM       1     19.00      0.00     81.00      0.00      0.00      0.00
01:43:42 PM       1     19.00      0.00     81.00      0.00      0.00      0.00
01:43:43 PM       1     18.18      0.00     81.82      0.00      0.00      0.00
01:43:44 PM       1     24.00      0.00     76.00      0.00      0.00      0.00
01:43:45 PM       1     22.00      0.00     78.00      0.00      0.00      0.00
01:43:46 PM       1     24.00      0.00     76.00      0.00      0.00      0.00
01:43:47 PM       1     21.78      0.00     78.22      0.00      0.00      0.00
01:43:48 PM       1     22.00      0.00     78.00      0.00      0.00      0.00
01:43:49 PM       1     25.00      0.00     75.00      0.00      0.00      0.00
01:43:50 PM       1     26.00      0.00     74.00      0.00      0.00      0.00
01:43:51 PM       1     22.00      0.00     78.00      0.00      0.00      0.00
01:43:52 PM       1     24.00      0.00     76.00      0.00      0.00      0.00
01:43:53 PM       1     23.00      0.00     77.00      0.00      0.00      0.00
01:43:54 PM       1     23.00      0.00     77.00      0.00      0.00      0.00
01:43:55 PM       1     23.00      0.00     77.00      0.00      0.00      0.00
01:43:56 PM       1     23.00      0.00     77.00      0.00      0.00      0.00
Average:          1     22.64      0.00     77.36      0.00      0.00      0.00
