Linux 3.14.33-regular (node220-2) 	01/06/2017 	_x86_64_	(8 CPU)

09:09:36 PM     CPU     %user     %nice   %system   %iowait    %steal     %idle
09:09:37 PM       1     25.00      0.00     75.00      0.00      0.00      0.00
09:09:38 PM       1     25.00      0.00     75.00      0.00      0.00      0.00
09:09:39 PM       1     26.00      0.00     74.00      0.00      0.00      0.00
09:09:40 PM       1     25.00      0.00     75.00      0.00      0.00      0.00
09:09:41 PM       1     24.00      0.00     76.00      0.00      0.00      0.00
09:09:42 PM       1     23.76      0.00     76.24      0.00      0.00      0.00
09:09:43 PM       1     18.18      0.00     81.82      0.00      0.00      0.00
09:09:44 PM       1     20.00      0.00     80.00      0.00      0.00      0.00
09:09:45 PM       1     20.00      0.00     80.00      0.00      0.00      0.00
09:09:46 PM       1     20.00      0.00     80.00      0.00      0.00      0.00
09:09:47 PM       1     25.74      0.00     74.26      0.00      0.00      0.00
09:09:48 PM       1     19.19      0.00     80.81      0.00      0.00      0.00
09:09:49 PM       1     23.00      0.00     77.00      0.00      0.00      0.00
09:09:50 PM       1     24.00      0.00     76.00      0.00      0.00      0.00
09:09:51 PM       1     21.00      0.00     79.00      0.00      0.00      0.00
09:09:52 PM       1     22.00      0.00     78.00      0.00      0.00      0.00
09:09:53 PM       1     21.00      0.00     79.00      0.00      0.00      0.00
09:09:54 PM       1     19.00      0.00     81.00      0.00      0.00      0.00
09:09:55 PM       1     24.00      0.00     76.00      0.00      0.00      0.00
09:09:56 PM       1     18.00      0.00     82.00      0.00      0.00      0.00
Average:          1     22.20      0.00     77.80      0.00      0.00      0.00
