Linux 3.14.33-regular (node220-2) 	01/06/2017 	_x86_64_	(8 CPU)

10:30:22 PM     CPU     %user     %nice   %system   %iowait    %steal     %idle
10:30:23 PM       1     17.17      0.00     82.83      0.00      0.00      0.00
10:30:24 PM       1     22.00      0.00     78.00      0.00      0.00      0.00
10:30:25 PM       1     23.00      0.00     77.00      0.00      0.00      0.00
10:30:26 PM       1     25.00      0.00     75.00      0.00      0.00      0.00
10:30:27 PM       1     22.77      0.00     77.23      0.00      0.00      0.00
10:30:28 PM       1     23.23      0.00     76.77      0.00      0.00      0.00
10:30:29 PM       1     24.00      0.00     76.00      0.00      0.00      0.00
10:30:30 PM       1     26.00      0.00     74.00      0.00      0.00      0.00
10:30:31 PM       1     19.00      0.00     81.00      0.00      0.00      0.00
10:30:32 PM       1     20.79      0.00     79.21      0.00      0.00      0.00
10:30:33 PM       1     19.19      0.00     80.81      0.00      0.00      0.00
10:30:34 PM       1     21.78      0.00     78.22      0.00      0.00      0.00
10:30:35 PM       1     22.00      0.00     78.00      0.00      0.00      0.00
10:30:36 PM       1     23.00      0.00     77.00      0.00      0.00      0.00
10:30:37 PM       1     24.24      0.00     75.76      0.00      0.00      0.00
10:30:38 PM       1     22.00      0.00     78.00      0.00      0.00      0.00
10:30:39 PM       1     23.00      0.00     77.00      0.00      0.00      0.00
10:30:40 PM       1     25.00      0.00     75.00      0.00      0.00      0.00
10:30:41 PM       1     20.00      0.00     80.00      0.00      0.00      0.00
10:30:42 PM       1     24.00      0.00     76.00      0.00      0.00      0.00
Average:          1     22.36      0.00     77.64      0.00      0.00      0.00
