Linux 3.14.33-regular (node220-2) 	01/06/2017 	_x86_64_	(8 CPU)

02:28:27 PM     CPU     %user     %nice   %system   %iowait    %steal     %idle
02:28:28 PM       1     22.22      0.00     77.78      0.00      0.00      0.00
02:28:29 PM       1     23.76      0.00     76.24      0.00      0.00      0.00
02:28:30 PM       1     24.24      0.00     75.76      0.00      0.00      0.00
02:28:31 PM       1     19.80      0.00     80.20      0.00      0.00      0.00
02:28:32 PM       1     23.00      0.00     77.00      0.00      0.00      0.00
02:28:33 PM       1     21.21      0.00     78.79      0.00      0.00      0.00
02:28:34 PM       1     20.00      0.00     80.00      0.00      0.00      0.00
02:28:35 PM       1     18.00      0.00     82.00      0.00      0.00      0.00
02:28:36 PM       1     24.00      0.00     76.00      0.00      0.00      0.00
02:28:37 PM       1     20.00      0.00     80.00      0.00      0.00      0.00
02:28:38 PM       1     24.00      0.00     76.00      0.00      0.00      0.00
02:28:39 PM       1     23.00      0.00     77.00      0.00      0.00      0.00
02:28:40 PM       1     24.00      0.00     76.00      0.00      0.00      0.00
02:28:41 PM       1     20.00      0.00     80.00      0.00      0.00      0.00
02:28:42 PM       1     24.75      0.00     75.25      0.00      0.00      0.00
02:28:43 PM       1     22.00      0.00     78.00      0.00      0.00      0.00
02:28:44 PM       1     26.26      0.00     73.74      0.00      0.00      0.00
02:28:45 PM       1     21.78      0.00     78.22      0.00      0.00      0.00
02:28:46 PM       1     19.00      0.00     81.00      0.00      0.00      0.00
02:28:47 PM       1     16.16      0.00     83.84      0.00      0.00      0.00
Average:          1     21.86      0.00     78.14      0.00      0.00      0.00
