Linux 3.14.33-regular (node220-2) 	01/06/2017 	_x86_64_	(8 CPU)

07:30:16 PM     CPU     %user     %nice   %system   %iowait    %steal     %idle
07:30:17 PM       1     24.00      0.00     76.00      0.00      0.00      0.00
07:30:18 PM       1     23.00      0.00     77.00      0.00      0.00      0.00
07:30:19 PM       1     22.00      0.00     78.00      0.00      0.00      0.00
07:30:20 PM       1     19.80      0.00     80.20      0.00      0.00      0.00
07:30:21 PM       1     24.00      0.00     76.00      0.00      0.00      0.00
07:30:22 PM       1     22.22      0.00     77.78      0.00      0.00      0.00
07:30:23 PM       1     22.77      0.00     77.23      0.00      0.00      0.00
07:30:24 PM       1     20.20      0.00     79.80      0.00      0.00      0.00
07:30:25 PM       1     27.72      0.00     72.28      0.00      0.00      0.00
07:30:26 PM       1     20.00      0.00     80.00      0.00      0.00      0.00
07:30:27 PM       1     22.00      0.00     78.00      0.00      0.00      0.00
07:30:28 PM       1     23.00      0.00     77.00      0.00      0.00      0.00
07:30:29 PM       1     20.20      0.00     79.80      0.00      0.00      0.00
07:30:30 PM       1     20.79      0.00     79.21      0.00      0.00      0.00
07:30:31 PM       1     23.23      0.00     76.77      0.00      0.00      0.00
07:30:32 PM       1     19.00      0.00     81.00      0.00      0.00      0.00
07:30:33 PM       1     20.79      0.00     79.21      0.00      0.00      0.00
07:30:34 PM       1     22.00      0.00     78.00      0.00      0.00      0.00
07:30:35 PM       1     20.00      0.00     80.00      0.00      0.00      0.00
07:30:36 PM       1     23.00      0.00     77.00      0.00      0.00      0.00
Average:          1     21.99      0.00     78.01      0.00      0.00      0.00
