Linux 3.14.33-regular (node220-2) 	01/06/2017 	_x86_64_	(8 CPU)

02:54:08 PM     CPU     %user     %nice   %system   %iowait    %steal     %idle
02:54:09 PM       1     18.00      0.00     82.00      0.00      0.00      0.00
02:54:10 PM       1     23.00      0.00     77.00      0.00      0.00      0.00
02:54:11 PM       1     19.00      0.00     81.00      0.00      0.00      0.00
02:54:12 PM       1     24.00      0.00     76.00      0.00      0.00      0.00
02:54:13 PM       1     25.25      0.00     74.75      0.00      0.00      0.00
02:54:14 PM       1     27.45      0.00     72.55      0.00      0.00      0.00
02:54:15 PM       1     18.00      0.00     82.00      0.00      0.00      0.00
02:54:16 PM       1     22.00      0.00     78.00      0.00      0.00      0.00
02:54:17 PM       1     24.24      0.00     75.76      0.00      0.00      0.00
02:54:18 PM       1     20.79      0.00     79.21      0.00      0.00      0.00
02:54:19 PM       1     22.00      0.00     78.00      0.00      0.00      0.00
02:54:20 PM       1     23.23      0.00     76.77      0.00      0.00      0.00
02:54:21 PM       1     22.77      0.00     77.23      0.00      0.00      0.00
02:54:22 PM       1     21.21      0.00     78.79      0.00      0.00      0.00
02:54:23 PM       1     23.76      0.00     76.24      0.00      0.00      0.00
02:54:24 PM       1     20.20      0.00     79.80      0.00      0.00      0.00
02:54:25 PM       1     18.00      0.00     82.00      0.00      0.00      0.00
02:54:26 PM       1     20.00      0.00     80.00      0.00      0.00      0.00
02:54:27 PM       1     25.00      0.00     75.00      0.00      0.00      0.00
02:54:28 PM       1     23.00      0.00     77.00      0.00      0.00      0.00
Average:          1     22.05      0.00     77.95      0.00      0.00      0.00
