Linux 3.14.33-regular (node220-2) 	01/06/2017 	_x86_64_	(8 CPU)

05:48:18 PM     CPU     %user     %nice   %system   %iowait    %steal     %idle
05:48:19 PM       1     23.00      0.00     77.00      0.00      0.00      0.00
05:48:20 PM       1     28.00      0.00     72.00      0.00      0.00      0.00
05:48:21 PM       1     24.00      0.00     76.00      0.00      0.00      0.00
05:48:22 PM       1     18.00      0.00     82.00      0.00      0.00      0.00
05:48:23 PM       1     22.22      0.00     77.78      0.00      0.00      0.00
05:48:24 PM       1     27.72      0.00     72.28      0.00      0.00      0.00
05:48:25 PM       1     22.22      0.00     77.78      0.00      0.00      0.00
05:48:26 PM       1     22.00      0.00     78.00      0.00      0.00      0.00
05:48:27 PM       1     22.00      0.00     78.00      0.00      0.00      0.00
05:48:28 PM       1     23.00      0.00     77.00      0.00      0.00      0.00
05:48:29 PM       1     19.80      0.00     80.20      0.00      0.00      0.00
05:48:30 PM       1     18.00      0.00     82.00      0.00      0.00      0.00
05:48:31 PM       1     28.00      0.00     72.00      0.00      0.00      0.00
05:48:32 PM       1     27.27      0.00     72.73      0.00      0.00      0.00
05:48:33 PM       1     24.00      0.00     76.00      0.00      0.00      0.00
05:48:34 PM       1     21.00      0.00     79.00      0.00      0.00      0.00
05:48:35 PM       1     19.00      0.00     81.00      0.00      0.00      0.00
05:48:36 PM       1     21.00      0.00     79.00      0.00      0.00      0.00
05:48:37 PM       1     25.00      0.00     75.00      0.00      0.00      0.00
05:48:38 PM       1     20.00      0.00     80.00      0.00      0.00      0.00
Average:          1     22.76      0.00     77.24      0.00      0.00      0.00
