Linux 3.14.33-regular (node220-2) 	01/06/2017 	_x86_64_	(8 CPU)

09:30:46 PM     CPU     %user     %nice   %system   %iowait    %steal     %idle
09:30:47 PM       1     23.23      0.00     76.77      0.00      0.00      0.00
09:30:48 PM       1     23.76      0.00     76.24      0.00      0.00      0.00
09:30:49 PM       1     20.20      0.00     79.80      0.00      0.00      0.00
09:30:50 PM       1     20.79      0.00     79.21      0.00      0.00      0.00
09:30:51 PM       1     20.00      0.00     80.00      0.00      0.00      0.00
09:30:52 PM       1     22.00      0.00     78.00      0.00      0.00      0.00
09:30:53 PM       1     24.00      0.00     76.00      0.00      0.00      0.00
09:30:54 PM       1     27.00      0.00     73.00      0.00      0.00      0.00
09:30:55 PM       1     19.19      0.00     80.81      0.00      0.00      0.00
09:30:56 PM       1     22.77      0.00     77.23      0.00      0.00      0.00
09:30:57 PM       1     23.23      0.00     76.77      0.00      0.00      0.00
09:30:58 PM       1     20.79      0.00     79.21      0.00      0.00      0.00
09:30:59 PM       1     20.00      0.00     80.00      0.00      0.00      0.00
09:31:00 PM       1     17.00      0.00     83.00      0.00      0.00      0.00
09:31:01 PM       1     28.00      0.00     72.00      0.00      0.00      0.00
09:31:02 PM       1     25.25      0.00     74.75      0.00      0.00      0.00
09:31:03 PM       1     21.00      0.00     79.00      0.00      0.00      0.00
09:31:04 PM       1     20.00      0.00     80.00      0.00      0.00      0.00
09:31:05 PM       1     21.78      0.00     78.22      0.00      0.00      0.00
09:31:06 PM       1     26.00      0.00     74.00      0.00      0.00      0.00
Average:          1     22.30      0.00     77.70      0.00      0.00      0.00
