Linux 3.14.33-regular (node220-2) 	01/06/2017 	_x86_64_	(8 CPU)

06:05:36 PM     CPU     %user     %nice   %system   %iowait    %steal     %idle
06:05:37 PM       1     23.76      0.00     76.24      0.00      0.00      0.00
06:05:38 PM       1     20.20      0.00     79.80      0.00      0.00      0.00
06:05:39 PM       1     24.00      0.00     76.00      0.00      0.00      0.00
06:05:40 PM       1     23.00      0.00     77.00      0.00      0.00      0.00
06:05:41 PM       1     19.00      0.00     81.00      0.00      0.00      0.00
06:05:42 PM       1     20.79      0.00     79.21      0.00      0.00      0.00
06:05:43 PM       1     17.17      0.00     82.83      0.00      0.00      0.00
06:05:44 PM       1     24.00      0.00     76.00      0.00      0.00      0.00
06:05:45 PM       1     17.00      0.00     83.00      0.00      0.00      0.00
06:05:46 PM       1     25.00      0.00     75.00      0.00      0.00      0.00
06:05:47 PM       1     18.00      0.00     82.00      0.00      0.00      0.00
06:05:48 PM       1     22.00      0.00     78.00      0.00      0.00      0.00
06:05:49 PM       1     24.00      0.00     76.00      0.00      0.00      0.00
06:05:50 PM       1     22.00      0.00     78.00      0.00      0.00      0.00
06:05:51 PM       1     25.00      0.00     75.00      0.00      0.00      0.00
06:05:52 PM       1     24.00      0.00     76.00      0.00      0.00      0.00
06:05:53 PM       1     22.77      0.00     77.23      0.00      0.00      0.00
06:05:54 PM       1     17.17      0.00     82.83      0.00      0.00      0.00
06:05:55 PM       1     18.00      0.00     82.00      0.00      0.00      0.00
06:05:56 PM       1     17.82      0.00     82.18      0.00      0.00      0.00
Average:          1     21.24      0.00     78.76      0.00      0.00      0.00
