Linux 3.14.33-regular (node220-2) 	01/06/2017 	_x86_64_	(8 CPU)

08:30:29 PM     CPU     %user     %nice   %system   %iowait    %steal     %idle
08:30:30 PM       1     21.00      0.00     79.00      0.00      0.00      0.00
08:30:31 PM       1     21.00      0.00     79.00      0.00      0.00      0.00
08:30:32 PM       1     22.00      0.00     78.00      0.00      0.00      0.00
08:30:33 PM       1     24.75      0.00     75.25      0.00      0.00      0.00
08:30:34 PM       1     24.24      0.00     75.76      0.00      0.00      0.00
08:30:35 PM       1     24.00      0.00     76.00      0.00      0.00      0.00
08:30:36 PM       1     23.00      0.00     77.00      0.00      0.00      0.00
08:30:37 PM       1     20.00      0.00     80.00      0.00      0.00      0.00
08:30:38 PM       1     22.00      0.00     78.00      0.00      0.00      0.00
08:30:39 PM       1     23.00      0.00     77.00      0.00      0.00      0.00
08:30:40 PM       1     26.00      0.00     74.00      0.00      0.00      0.00
08:30:41 PM       1     23.76      0.00     76.24      0.00      0.00      0.00
08:30:42 PM       1     23.23      0.00     76.77      0.00      0.00      0.00
08:30:43 PM       1     22.77      0.00     77.23      0.00      0.00      0.00
08:30:44 PM       1     27.00      0.00     73.00      0.00      0.00      0.00
08:30:45 PM       1     22.00      0.00     78.00      0.00      0.00      0.00
08:30:46 PM       1     22.00      0.00     78.00      0.00      0.00      0.00
08:30:47 PM       1     26.00      0.00     74.00      0.00      0.00      0.00
08:30:48 PM       1     19.00      0.00     81.00      0.00      0.00      0.00
08:30:49 PM       1     24.24      0.00     75.76      0.00      0.00      0.00
Average:          1     23.05      0.00     76.95      0.00      0.00      0.00
