Linux 3.14.33-regular (node220-2) 	01/06/2017 	_x86_64_	(8 CPU)

10:11:48 PM     CPU     %user     %nice   %system   %iowait    %steal     %idle
10:11:49 PM       1     24.00      0.00     76.00      0.00      0.00      0.00
10:11:50 PM       1     19.00      0.00     81.00      0.00      0.00      0.00
10:11:51 PM       1     25.00      0.00     75.00      0.00      0.00      0.00
10:11:52 PM       1     22.00      0.00     78.00      0.00      0.00      0.00
10:11:53 PM       1     26.00      0.00     74.00      0.00      0.00      0.00
10:11:54 PM       1     23.00      0.00     77.00      0.00      0.00      0.00
10:11:55 PM       1     22.00      0.00     78.00      0.00      0.00      0.00
10:11:56 PM       1     21.00      0.00     79.00      0.00      0.00      0.00
10:11:57 PM       1     23.00      0.00     77.00      0.00      0.00      0.00
10:11:58 PM       1     20.00      0.00     80.00      0.00      0.00      0.00
10:11:59 PM       1     21.00      0.00     79.00      0.00      0.00      0.00
10:12:00 PM       1     22.00      0.00     78.00      0.00      0.00      0.00
10:12:01 PM       1     22.00      0.00     78.00      0.00      0.00      0.00
10:12:02 PM       1     25.74      0.00     74.26      0.00      0.00      0.00
10:12:03 PM       1     22.00      0.00     78.00      0.00      0.00      0.00
10:12:04 PM       1     26.00      0.00     74.00      0.00      0.00      0.00
10:12:05 PM       1     25.25      0.00     74.75      0.00      0.00      0.00
10:12:06 PM       1     28.00      0.00     72.00      0.00      0.00      0.00
10:12:07 PM       1     22.00      0.00     78.00      0.00      0.00      0.00
10:12:08 PM       1     24.75      0.00     75.25      0.00      0.00      0.00
Average:          1     23.19      0.00     76.81      0.00      0.00      0.00
