Linux 3.14.33-regular (node220-2) 	01/06/2017 	_x86_64_	(8 CPU)

04:42:22 PM     CPU     %user     %nice   %system   %iowait    %steal     %idle
04:42:23 PM       1     26.00      0.00     74.00      0.00      0.00      0.00
04:42:24 PM       1     21.00      0.00     79.00      0.00      0.00      0.00
04:42:25 PM       1     20.00      0.00     80.00      0.00      0.00      0.00
04:42:26 PM       1     24.00      0.00     76.00      0.00      0.00      0.00
04:42:27 PM       1     23.00      0.00     77.00      0.00      0.00      0.00
04:42:28 PM       1     22.00      0.00     78.00      0.00      0.00      0.00
04:42:29 PM       1     20.00      0.00     80.00      0.00      0.00      0.00
04:42:30 PM       1     21.00      0.00     79.00      0.00      0.00      0.00
04:42:31 PM       1     23.00      0.00     77.00      0.00      0.00      0.00
04:42:32 PM       1     22.22      0.00     77.78      0.00      0.00      0.00
04:42:33 PM       1     22.77      0.00     77.23      0.00      0.00      0.00
04:42:34 PM       1     22.00      0.00     78.00      0.00      0.00      0.00
04:42:35 PM       1     24.00      0.00     76.00      0.00      0.00      0.00
04:42:36 PM       1     22.00      0.00     78.00      0.00      0.00      0.00
04:42:37 PM       1     23.23      0.00     76.77      0.00      0.00      0.00
04:42:38 PM       1     19.00      0.00     81.00      0.00      0.00      0.00
04:42:39 PM       1     23.00      0.00     77.00      0.00      0.00      0.00
04:42:40 PM       1     19.00      0.00     81.00      0.00      0.00      0.00
04:42:41 PM       1     21.78      0.00     78.22      0.00      0.00      0.00
04:42:42 PM       1     25.25      0.00     74.75      0.00      0.00      0.00
Average:          1     22.21      0.00     77.79      0.00      0.00      0.00
