Linux 3.14.33-regular (node220-2) 	01/06/2017 	_x86_64_	(8 CPU)

10:29:05 PM     CPU     %user     %nice   %system   %iowait    %steal     %idle
10:29:06 PM       1     21.78      0.00     78.22      0.00      0.00      0.00
10:29:07 PM       1     22.00      0.00     78.00      0.00      0.00      0.00
10:29:08 PM       1     20.00      0.00     80.00      0.00      0.00      0.00
10:29:09 PM       1     20.20      0.00     79.80      0.00      0.00      0.00
10:29:10 PM       1     25.00      0.00     75.00      0.00      0.00      0.00
10:29:11 PM       1     24.00      0.00     76.00      0.00      0.00      0.00
10:29:12 PM       1     21.00      0.00     79.00      0.00      0.00      0.00
10:29:13 PM       1     24.00      0.00     76.00      0.00      0.00      0.00
10:29:14 PM       1     25.00      0.00     75.00      0.00      0.00      0.00
10:29:15 PM       1     21.00      0.00     79.00      0.00      0.00      0.00
10:29:16 PM       1     23.00      0.00     77.00      0.00      0.00      0.00
10:29:17 PM       1     23.00      0.00     77.00      0.00      0.00      0.00
10:29:18 PM       1     20.00      0.00     80.00      0.00      0.00      0.00
10:29:19 PM       1     22.00      0.00     78.00      0.00      0.00      0.00
10:29:20 PM       1     21.00      0.00     79.00      0.00      0.00      0.00
10:29:21 PM       1     20.00      0.00     80.00      0.00      0.00      0.00
10:29:22 PM       1     24.00      0.00     76.00      0.00      0.00      0.00
10:29:23 PM       1     22.00      0.00     78.00      0.00      0.00      0.00
10:29:24 PM       1     23.00      0.00     77.00      0.00      0.00      0.00
10:29:25 PM       1     18.00      0.00     82.00      0.00      0.00      0.00
Average:          1     22.00      0.00     78.00      0.00      0.00      0.00
