Linux 3.14.33-regular (node220-2) 	01/06/2017 	_x86_64_	(8 CPU)

07:27:04 PM     CPU     %user     %nice   %system   %iowait    %steal     %idle
07:27:05 PM       1     29.00      0.00     71.00      0.00      0.00      0.00
07:27:06 PM       1     18.00      0.00     82.00      0.00      0.00      0.00
07:27:07 PM       1     20.00      0.00     80.00      0.00      0.00      0.00
07:27:08 PM       1     21.00      0.00     79.00      0.00      0.00      0.00
07:27:09 PM       1     23.76      0.00     76.24      0.00      0.00      0.00
07:27:10 PM       1     23.23      0.00     76.77      0.00      0.00      0.00
07:27:11 PM       1     23.00      0.00     77.00      0.00      0.00      0.00
07:27:12 PM       1     26.00      0.00     74.00      0.00      0.00      0.00
07:27:13 PM       1     24.24      0.00     75.76      0.00      0.00      0.00
07:27:14 PM       1     19.80      0.00     80.20      0.00      0.00      0.00
07:27:15 PM       1     23.00      0.00     77.00      0.00      0.00      0.00
07:27:16 PM       1     17.00      0.00     83.00      0.00      0.00      0.00
07:27:17 PM       1     18.18      0.00     81.82      0.00      0.00      0.00
07:27:18 PM       1     25.74      0.00     74.26      0.00      0.00      0.00
07:27:19 PM       1     19.00      0.00     81.00      0.00      0.00      0.00
07:27:20 PM       1     22.00      0.00     78.00      0.00      0.00      0.00
07:27:21 PM       1     22.00      0.00     78.00      0.00      0.00      0.00
07:27:22 PM       1     18.00      0.00     82.00      0.00      0.00      0.00
07:27:23 PM       1     22.00      0.00     78.00      0.00      0.00      0.00
07:27:24 PM       1     20.00      0.00     80.00      0.00      0.00      0.00
Average:          1     21.75      0.00     78.25      0.00      0.00      0.00
