Linux 3.14.33-regular (node220-2) 	01/06/2017 	_x86_64_	(8 CPU)

09:14:06 PM     CPU     %user     %nice   %system   %iowait    %steal     %idle
09:14:07 PM       1     21.00      0.00     79.00      0.00      0.00      0.00
09:14:08 PM       1     22.00      0.00     78.00      0.00      0.00      0.00
09:14:09 PM       1     20.20      0.00     79.80      0.00      0.00      0.00
09:14:10 PM       1     15.84      0.00     84.16      0.00      0.00      0.00
09:14:11 PM       1     22.00      0.00     78.00      0.00      0.00      0.00
09:14:12 PM       1     20.20      0.00     79.80      0.00      0.00      0.00
09:14:13 PM       1     18.00      0.00     82.00      0.00      0.00      0.00
09:14:14 PM       1     25.74      0.00     74.26      0.00      0.00      0.00
09:14:15 PM       1     22.00      0.00     78.00      0.00      0.00      0.00
09:14:16 PM       1     25.00      0.00     75.00      0.00      0.00      0.00
09:14:17 PM       1     19.80      0.00     80.20      0.00      0.00      0.00
09:14:18 PM       1     20.00      0.00     80.00      0.00      0.00      0.00
09:14:19 PM       1     20.20      0.00     79.80      0.00      0.00      0.00
09:14:20 PM       1     24.00      0.00     76.00      0.00      0.00      0.00
09:14:21 PM       1     19.00      0.00     81.00      0.00      0.00      0.00
09:14:22 PM       1     21.00      0.00     79.00      0.00      0.00      0.00
09:14:23 PM       1     24.75      0.00     75.25      0.00      0.00      0.00
09:14:24 PM       1     23.00      0.00     77.00      0.00      0.00      0.00
09:14:25 PM       1     21.21      0.00     78.79      0.00      0.00      0.00
09:14:26 PM       1     17.00      0.00     83.00      0.00      0.00      0.00
Average:          1     21.10      0.00     78.90      0.00      0.00      0.00
