Linux 3.14.33-regular (node220-2) 	01/06/2017 	_x86_64_	(8 CPU)

06:31:15 PM     CPU     %user     %nice   %system   %iowait    %steal     %idle
06:31:16 PM       1     23.00      0.00     77.00      0.00      0.00      0.00
06:31:17 PM       1     21.00      0.00     79.00      0.00      0.00      0.00
06:31:18 PM       1     19.00      0.00     81.00      0.00      0.00      0.00
06:31:19 PM       1     25.00      0.00     75.00      0.00      0.00      0.00
06:31:20 PM       1     19.00      0.00     81.00      0.00      0.00      0.00
06:31:21 PM       1     22.00      0.00     78.00      0.00      0.00      0.00
06:31:22 PM       1     20.20      0.00     79.80      0.00      0.00      0.00
06:31:23 PM       1     25.74      0.00     74.26      0.00      0.00      0.00
06:31:24 PM       1     24.00      0.00     76.00      0.00      0.00      0.00
06:31:25 PM       1     27.00      0.00     73.00      0.00      0.00      0.00
06:31:26 PM       1     24.00      0.00     76.00      0.00      0.00      0.00
06:31:27 PM       1     26.73      0.00     73.27      0.00      0.00      0.00
06:31:28 PM       1     19.19      0.00     80.81      0.00      0.00      0.00
06:31:29 PM       1     18.81      0.00     81.19      0.00      0.00      0.00
06:31:30 PM       1     24.24      0.00     75.76      0.00      0.00      0.00
06:31:31 PM       1     21.00      0.00     79.00      0.00      0.00      0.00
06:31:32 PM       1     25.00      0.00     75.00      0.00      0.00      0.00
06:31:33 PM       1     22.00      0.00     78.00      0.00      0.00      0.00
06:31:34 PM       1     21.00      0.00     79.00      0.00      0.00      0.00
06:31:35 PM       1     21.00      0.00     79.00      0.00      0.00      0.00
Average:          1     22.45      0.00     77.55      0.00      0.00      0.00
