Linux 3.14.33-regular (node220-2) 	01/06/2017 	_x86_64_	(8 CPU)

03:05:03 PM     CPU     %user     %nice   %system   %iowait    %steal     %idle
03:05:04 PM       1     23.76      0.00     76.24      0.00      0.00      0.00
03:05:05 PM       1     21.21      0.00     78.79      0.00      0.00      0.00
03:05:06 PM       1     24.00      0.00     76.00      0.00      0.00      0.00
03:05:07 PM       1     21.00      0.00     79.00      0.00      0.00      0.00
03:05:08 PM       1     17.00      0.00     83.00      0.00      0.00      0.00
03:05:09 PM       1     22.77      0.00     77.23      0.00      0.00      0.00
03:05:10 PM       1     24.00      0.00     76.00      0.00      0.00      0.00
03:05:11 PM       1     23.23      0.00     76.77      0.00      0.00      0.00
03:05:12 PM       1     23.00      0.00     77.00      0.00      0.00      0.00
03:05:13 PM       1     27.00      0.00     73.00      0.00      0.00      0.00
03:05:14 PM       1     23.00      0.00     77.00      0.00      0.00      0.00
03:05:15 PM       1     26.00      0.00     74.00      0.00      0.00      0.00
03:05:16 PM       1     22.00      0.00     78.00      0.00      0.00      0.00
03:05:17 PM       1     24.00      0.00     76.00      0.00      0.00      0.00
03:05:18 PM       1     23.00      0.00     77.00      0.00      0.00      0.00
03:05:19 PM       1     23.00      0.00     77.00      0.00      0.00      0.00
03:05:20 PM       1     21.00      0.00     79.00      0.00      0.00      0.00
03:05:21 PM       1     19.00      0.00     81.00      0.00      0.00      0.00
03:05:22 PM       1     22.00      0.00     78.00      0.00      0.00      0.00
03:05:23 PM       1     25.00      0.00     75.00      0.00      0.00      0.00
Average:          1     22.75      0.00     77.25      0.00      0.00      0.00
