Linux 3.14.33-regular (node220-2) 	01/06/2017 	_x86_64_	(8 CPU)

04:30:14 PM     CPU     %user     %nice   %system   %iowait    %steal     %idle
04:30:15 PM       1     22.00      0.00     78.00      0.00      0.00      0.00
04:30:16 PM       1     23.23      0.00     76.77      0.00      0.00      0.00
04:30:17 PM       1     23.76      0.00     76.24      0.00      0.00      0.00
04:30:18 PM       1     26.00      0.00     74.00      0.00      0.00      0.00
04:30:19 PM       1     24.00      0.00     76.00      0.00      0.00      0.00
04:30:20 PM       1     20.00      0.00     80.00      0.00      0.00      0.00
04:30:21 PM       1     26.00      0.00     74.00      0.00      0.00      0.00
04:30:22 PM       1     24.00      0.00     76.00      0.00      0.00      0.00
04:30:23 PM       1     18.00      0.00     82.00      0.00      0.00      0.00
04:30:24 PM       1     22.00      0.00     78.00      0.00      0.00      0.00
04:30:25 PM       1     21.00      0.00     79.00      0.00      0.00      0.00
04:30:26 PM       1     21.00      0.00     79.00      0.00      0.00      0.00
04:30:27 PM       1     23.00      0.00     77.00      0.00      0.00      0.00
04:30:28 PM       1     20.00      0.00     80.00      0.00      0.00      0.00
04:30:29 PM       1     23.00      0.00     77.00      0.00      0.00      0.00
04:30:30 PM       1     20.20      0.00     79.80      0.00      0.00      0.00
04:30:31 PM       1     29.70      0.00     70.30      0.00      0.00      0.00
04:30:32 PM       1     24.00      0.00     76.00      0.00      0.00      0.00
04:30:33 PM       1     24.00      0.00     76.00      0.00      0.00      0.00
04:30:34 PM       1     22.00      0.00     78.00      0.00      0.00      0.00
Average:          1     22.85      0.00     77.15      0.00      0.00      0.00
