Linux 3.14.33-regular (node220-2) 	01/06/2017 	_x86_64_	(8 CPU)

07:47:35 PM     CPU     %user     %nice   %system   %iowait    %steal     %idle
07:47:36 PM       1     29.00      0.00     71.00      0.00      0.00      0.00
07:47:37 PM       1     21.00      0.00     79.00      0.00      0.00      0.00
07:47:38 PM       1     25.00      0.00     75.00      0.00      0.00      0.00
07:47:39 PM       1     27.00      0.00     73.00      0.00      0.00      0.00
07:47:40 PM       1     21.00      0.00     79.00      0.00      0.00      0.00
07:47:41 PM       1     22.22      0.00     77.78      0.00      0.00      0.00
07:47:42 PM       1     22.00      0.00     78.00      0.00      0.00      0.00
07:47:43 PM       1     18.00      0.00     82.00      0.00      0.00      0.00
07:47:44 PM       1     20.79      0.00     79.21      0.00      0.00      0.00
07:47:45 PM       1     23.00      0.00     77.00      0.00      0.00      0.00
07:47:46 PM       1     21.21      0.00     78.79      0.00      0.00      0.00
07:47:47 PM       1     24.75      0.00     75.25      0.00      0.00      0.00
07:47:48 PM       1     23.00      0.00     77.00      0.00      0.00      0.00
07:47:49 PM       1     23.00      0.00     77.00      0.00      0.00      0.00
07:47:50 PM       1     19.00      0.00     81.00      0.00      0.00      0.00
07:47:51 PM       1     25.00      0.00     75.00      0.00      0.00      0.00
07:47:52 PM       1     28.00      0.00     72.00      0.00      0.00      0.00
07:47:53 PM       1     23.00      0.00     77.00      0.00      0.00      0.00
07:47:54 PM       1     23.00      0.00     77.00      0.00      0.00      0.00
07:47:55 PM       1     23.00      0.00     77.00      0.00      0.00      0.00
Average:          1     23.10      0.00     76.90      0.00      0.00      0.00
