Linux 3.14.33-regular (node220-2) 	01/06/2017 	_x86_64_	(8 CPU)

03:08:14 PM     CPU     %user     %nice   %system   %iowait    %steal     %idle
03:08:15 PM       1     18.81      0.00     81.19      0.00      0.00      0.00
03:08:16 PM       1     21.21      0.00     78.79      0.00      0.00      0.00
03:08:17 PM       1     23.76      0.00     76.24      0.00      0.00      0.00
03:08:18 PM       1     21.00      0.00     79.00      0.00      0.00      0.00
03:08:19 PM       1     19.00      0.00     81.00      0.00      0.00      0.00
03:08:20 PM       1     27.00      0.00     73.00      0.00      0.00      0.00
03:08:21 PM       1     26.26      0.00     73.74      0.00      0.00      0.00
03:08:22 PM       1     22.77      0.00     77.23      0.00      0.00      0.00
03:08:23 PM       1     23.00      0.00     77.00      0.00      0.00      0.00
03:08:24 PM       1     24.00      0.00     76.00      0.00      0.00      0.00
03:08:25 PM       1     20.20      0.00     79.80      0.00      0.00      0.00
03:08:26 PM       1     19.00      0.00     81.00      0.00      0.00      0.00
03:08:27 PM       1     23.00      0.00     77.00      0.00      0.00      0.00
03:08:28 PM       1     18.81      0.00     81.19      0.00      0.00      0.00
03:08:29 PM       1     25.25      0.00     74.75      0.00      0.00      0.00
03:08:30 PM       1     21.00      0.00     79.00      0.00      0.00      0.00
03:08:31 PM       1     24.00      0.00     76.00      0.00      0.00      0.00
03:08:32 PM       1     22.00      0.00     78.00      0.00      0.00      0.00
03:08:33 PM       1     16.00      0.00     84.00      0.00      0.00      0.00
03:08:34 PM       1     18.81      0.00     81.19      0.00      0.00      0.00
Average:          1     21.74      0.00     78.26      0.00      0.00      0.00
