Linux 3.14.33-regular (node220-2) 	01/06/2017 	_x86_64_	(8 CPU)

10:03:29 PM     CPU     %user     %nice   %system   %iowait    %steal     %idle
10:03:30 PM       1     18.81      0.00     81.19      0.00      0.00      0.00
10:03:31 PM       1     22.22      0.00     77.78      0.00      0.00      0.00
10:03:32 PM       1     25.00      0.00     75.00      0.00      0.00      0.00
10:03:33 PM       1     22.77      0.00     77.23      0.00      0.00      0.00
10:03:34 PM       1     24.24      0.00     75.76      0.00      0.00      0.00
10:03:35 PM       1     22.00      0.00     78.00      0.00      0.00      0.00
10:03:36 PM       1     19.00      0.00     81.00      0.00      0.00      0.00
10:03:37 PM       1     24.00      0.00     76.00      0.00      0.00      0.00
10:03:38 PM       1     20.79      0.00     79.21      0.00      0.00      0.00
10:03:39 PM       1     22.22      0.00     77.78      0.00      0.00      0.00
10:03:40 PM       1     24.00      0.00     76.00      0.00      0.00      0.00
10:03:41 PM       1     23.00      0.00     77.00      0.00      0.00      0.00
10:03:42 PM       1     24.00      0.00     76.00      0.00      0.00      0.00
10:03:43 PM       1     21.00      0.00     79.00      0.00      0.00      0.00
10:03:44 PM       1     22.22      0.00     77.78      0.00      0.00      0.00
10:03:45 PM       1     26.73      0.00     73.27      0.00      0.00      0.00
10:03:46 PM       1     20.00      0.00     80.00      0.00      0.00      0.00
10:03:47 PM       1     23.76      0.00     76.24      0.00      0.00      0.00
10:03:48 PM       1     20.20      0.00     79.80      0.00      0.00      0.00
10:03:49 PM       1     25.00      0.00     75.00      0.00      0.00      0.00
Average:          1     22.55      0.00     77.45      0.00      0.00      0.00
