Linux 3.14.33-regular (node220-2) 	01/06/2017 	_x86_64_	(8 CPU)

03:44:11 PM     CPU     %user     %nice   %system   %iowait    %steal     %idle
03:44:12 PM       1     19.80      0.00     80.20      0.00      0.00      0.00
03:44:13 PM       1     23.23      0.00     76.77      0.00      0.00      0.00
03:44:14 PM       1     22.77      0.00     77.23      0.00      0.00      0.00
03:44:15 PM       1     24.24      0.00     75.76      0.00      0.00      0.00
03:44:16 PM       1     27.00      0.00     73.00      0.00      0.00      0.00
03:44:17 PM       1     20.00      0.00     80.00      0.00      0.00      0.00
03:44:18 PM       1     23.00      0.00     77.00      0.00      0.00      0.00
03:44:19 PM       1     19.00      0.00     81.00      0.00      0.00      0.00
03:44:20 PM       1     19.00      0.00     81.00      0.00      0.00      0.00
03:44:21 PM       1     20.00      0.00     80.00      0.00      0.00      0.00
03:44:22 PM       1     20.79      0.00     79.21      0.00      0.00      0.00
03:44:23 PM       1     22.22      0.00     77.78      0.00      0.00      0.00
03:44:24 PM       1     23.00      0.00     77.00      0.00      0.00      0.00
03:44:25 PM       1     23.00      0.00     77.00      0.00      0.00      0.00
03:44:26 PM       1     22.00      0.00     78.00      0.00      0.00      0.00
03:44:27 PM       1     26.00      0.00     74.00      0.00      0.00      0.00
03:44:28 PM       1     24.00      0.00     76.00      0.00      0.00      0.00
03:44:29 PM       1     24.75      0.00     75.25      0.00      0.00      0.00
03:44:30 PM       1     18.00      0.00     82.00      0.00      0.00      0.00
03:44:31 PM       1     22.22      0.00     77.78      0.00      0.00      0.00
Average:          1     22.20      0.00     77.80      0.00      0.00      0.00
