Linux 3.14.33-regular (node220-2) 	01/06/2017 	_x86_64_	(8 CPU)

05:13:04 PM     CPU     %user     %nice   %system   %iowait    %steal     %idle
05:13:05 PM       1     24.00      0.00     76.00      0.00      0.00      0.00
05:13:06 PM       1     24.00      0.00     76.00      0.00      0.00      0.00
05:13:07 PM       1     20.00      0.00     80.00      0.00      0.00      0.00
05:13:08 PM       1     22.00      0.00     78.00      0.00      0.00      0.00
05:13:09 PM       1     20.00      0.00     80.00      0.00      0.00      0.00
05:13:10 PM       1     23.76      0.00     76.24      0.00      0.00      0.00
05:13:11 PM       1     25.25      0.00     74.75      0.00      0.00      0.00
05:13:12 PM       1     23.00      0.00     77.00      0.00      0.00      0.00
05:13:13 PM       1     22.00      0.00     78.00      0.00      0.00      0.00
05:13:14 PM       1     20.00      0.00     80.00      0.00      0.00      0.00
05:13:15 PM       1     23.76      0.00     76.24      0.00      0.00      0.00
05:13:16 PM       1     23.23      0.00     76.77      0.00      0.00      0.00
05:13:17 PM       1     23.00      0.00     77.00      0.00      0.00      0.00
05:13:18 PM       1     25.00      0.00     75.00      0.00      0.00      0.00
05:13:19 PM       1     30.00      0.00     70.00      0.00      0.00      0.00
05:13:20 PM       1     22.00      0.00     78.00      0.00      0.00      0.00
05:13:21 PM       1     24.00      0.00     76.00      0.00      0.00      0.00
05:13:22 PM       1     23.00      0.00     77.00      0.00      0.00      0.00
05:13:23 PM       1     20.00      0.00     80.00      0.00      0.00      0.00
05:13:24 PM       1     21.21      0.00     78.79      0.00      0.00      0.00
Average:          1     22.96      0.00     77.04      0.00      0.00      0.00
