Linux 3.14.33-regular (node220-2) 	01/06/2017 	_x86_64_	(8 CPU)

01:16:01 PM     CPU     %user     %nice   %system   %iowait    %steal     %idle
01:16:02 PM       1     27.27      0.00     72.73      0.00      0.00      0.00
01:16:03 PM       1     22.00      0.00     78.00      0.00      0.00      0.00
01:16:04 PM       1     23.00      0.00     77.00      0.00      0.00      0.00
01:16:05 PM       1     21.00      0.00     79.00      0.00      0.00      0.00
01:16:06 PM       1     22.00      0.00     78.00      0.00      0.00      0.00
01:16:07 PM       1     22.00      0.00     78.00      0.00      0.00      0.00
01:16:08 PM       1     23.00      0.00     77.00      0.00      0.00      0.00
01:16:09 PM       1     21.78      0.00     78.22      0.00      0.00      0.00
01:16:10 PM       1     21.00      0.00     79.00      0.00      0.00      0.00
01:16:11 PM       1     21.21      0.00     78.79      0.00      0.00      0.00
01:16:12 PM       1     22.77      0.00     77.23      0.00      0.00      0.00
01:16:13 PM       1     22.00      0.00     78.00      0.00      0.00      0.00
01:16:14 PM       1     24.00      0.00     76.00      0.00      0.00      0.00
01:16:15 PM       1     19.00      0.00     81.00      0.00      0.00      0.00
01:16:16 PM       1     26.00      0.00     74.00      0.00      0.00      0.00
01:16:17 PM       1     24.24      0.00     75.76      0.00      0.00      0.00
01:16:18 PM       1     24.75      0.00     75.25      0.00      0.00      0.00
01:16:19 PM       1     25.25      0.00     74.75      0.00      0.00      0.00
01:16:20 PM       1     21.78      0.00     78.22      0.00      0.00      0.00
01:16:21 PM       1     22.00      0.00     78.00      0.00      0.00      0.00
Average:          1     22.80      0.00     77.20      0.00      0.00      0.00
