Linux 3.14.33-regular (node220-2) 	01/06/2017 	_x86_64_	(8 CPU)

02:09:17 PM     CPU     %user     %nice   %system   %iowait    %steal     %idle
02:09:18 PM       1     22.00      0.00     78.00      0.00      0.00      0.00
02:09:19 PM       1     22.00      0.00     78.00      0.00      0.00      0.00
02:09:20 PM       1     19.00      0.00     81.00      0.00      0.00      0.00
02:09:21 PM       1     24.00      0.00     76.00      0.00      0.00      0.00
02:09:22 PM       1     23.00      0.00     77.00      0.00      0.00      0.00
02:09:23 PM       1     17.82      0.00     82.18      0.00      0.00      0.00
02:09:24 PM       1     25.00      0.00     75.00      0.00      0.00      0.00
02:09:25 PM       1     27.00      0.00     73.00      0.00      0.00      0.00
02:09:26 PM       1     20.20      0.00     79.80      0.00      0.00      0.00
02:09:27 PM       1     25.00      0.00     75.00      0.00      0.00      0.00
02:09:28 PM       1     24.00      0.00     76.00      0.00      0.00      0.00
02:09:29 PM       1     25.00      0.00     75.00      0.00      0.00      0.00
02:09:30 PM       1     23.00      0.00     77.00      0.00      0.00      0.00
02:09:31 PM       1     22.77      0.00     77.23      0.00      0.00      0.00
02:09:32 PM       1     20.20      0.00     79.80      0.00      0.00      0.00
02:09:33 PM       1     21.00      0.00     79.00      0.00      0.00      0.00
02:09:34 PM       1     22.00      0.00     78.00      0.00      0.00      0.00
02:09:35 PM       1     22.00      0.00     78.00      0.00      0.00      0.00
02:09:36 PM       1     27.72      0.00     72.28      0.00      0.00      0.00
02:09:37 PM       1     22.22      0.00     77.78      0.00      0.00      0.00
Average:          1     22.75      0.00     77.25      0.00      0.00      0.00
