Linux 3.14.33-regular (node220-2) 	01/06/2017 	_x86_64_	(8 CPU)

02:00:16 PM     CPU     %user     %nice   %system   %iowait    %steal     %idle
02:00:17 PM       1     18.00      0.00     82.00      0.00      0.00      0.00
02:00:18 PM       1     20.00      0.00     80.00      0.00      0.00      0.00
02:00:19 PM       1     21.00      0.00     79.00      0.00      0.00      0.00
02:00:20 PM       1     19.00      0.00     81.00      0.00      0.00      0.00
02:00:21 PM       1     22.00      0.00     78.00      0.00      0.00      0.00
02:00:22 PM       1     21.21      0.00     78.79      0.00      0.00      0.00
02:00:23 PM       1     21.00      0.00     79.00      0.00      0.00      0.00
02:00:24 PM       1     19.00      0.00     81.00      0.00      0.00      0.00
02:00:25 PM       1     21.78      0.00     78.22      0.00      0.00      0.00
02:00:26 PM       1     22.22      0.00     77.78      0.00      0.00      0.00
02:00:27 PM       1     24.00      0.00     76.00      0.00      0.00      0.00
02:00:28 PM       1     18.81      0.00     81.19      0.00      0.00      0.00
02:00:29 PM       1     27.27      0.00     72.73      0.00      0.00      0.00
02:00:30 PM       1     20.79      0.00     79.21      0.00      0.00      0.00
02:00:31 PM       1     21.00      0.00     79.00      0.00      0.00      0.00
02:00:32 PM       1     18.18      0.00     81.82      0.00      0.00      0.00
02:00:33 PM       1     22.00      0.00     78.00      0.00      0.00      0.00
02:00:34 PM       1     26.00      0.00     74.00      0.00      0.00      0.00
02:00:35 PM       1     20.79      0.00     79.21      0.00      0.00      0.00
02:00:36 PM       1     20.00      0.00     80.00      0.00      0.00      0.00
Average:          1     21.20      0.00     78.80      0.00      0.00      0.00
