Linux 3.14.33-regular (node220-2) 	01/06/2017 	_x86_64_	(8 CPU)

01:01:52 PM     CPU     %user     %nice   %system   %iowait    %steal     %idle
01:01:53 PM       1     17.00      0.00     83.00      0.00      0.00      0.00
01:01:54 PM       1     21.21      0.00     78.79      0.00      0.00      0.00
01:01:55 PM       1     20.79      0.00     79.21      0.00      0.00      0.00
01:01:56 PM       1     20.00      0.00     80.00      0.00      0.00      0.00
01:01:57 PM       1     25.00      0.00     75.00      0.00      0.00      0.00
01:01:58 PM       1     20.00      0.00     80.00      0.00      0.00      0.00
01:01:59 PM       1     20.00      0.00     80.00      0.00      0.00      0.00
01:02:00 PM       1     23.00      0.00     77.00      0.00      0.00      0.00
01:02:01 PM       1     19.19      0.00     80.81      0.00      0.00      0.00
01:02:02 PM       1     22.00      0.00     78.00      0.00      0.00      0.00
01:02:03 PM       1     20.79      0.00     79.21      0.00      0.00      0.00
01:02:04 PM       1     21.78      0.00     78.22      0.00      0.00      0.00
01:02:05 PM       1     21.00      0.00     79.00      0.00      0.00      0.00
01:02:06 PM       1     23.23      0.00     76.77      0.00      0.00      0.00
01:02:07 PM       1     21.78      0.00     78.22      0.00      0.00      0.00
01:02:08 PM       1     17.00      0.00     83.00      0.00      0.00      0.00
01:02:09 PM       1     23.23      0.00     76.77      0.00      0.00      0.00
01:02:10 PM       1     27.00      0.00     73.00      0.00      0.00      0.00
01:02:11 PM       1     27.72      0.00     72.28      0.00      0.00      0.00
01:02:12 PM       1     24.00      0.00     76.00      0.00      0.00      0.00
Average:          1     21.79      0.00     78.21      0.00      0.00      0.00
