Linux 3.14.33-regular (node220-2) 	01/06/2017 	_x86_64_	(8 CPU)

08:28:34 PM     CPU     %user     %nice   %system   %iowait    %steal     %idle
08:28:35 PM       1     24.24      0.00     75.76      0.00      0.00      0.00
08:28:36 PM       1     20.00      0.00     80.00      0.00      0.00      0.00
08:28:37 PM       1     19.80      0.00     80.20      0.00      0.00      0.00
08:28:38 PM       1     22.22      0.00     77.78      0.00      0.00      0.00
08:28:39 PM       1     21.78      0.00     78.22      0.00      0.00      0.00
08:28:40 PM       1     21.00      0.00     79.00      0.00      0.00      0.00
08:28:41 PM       1     26.00      0.00     74.00      0.00      0.00      0.00
08:28:42 PM       1     24.00      0.00     76.00      0.00      0.00      0.00
08:28:43 PM       1     22.00      0.00     78.00      0.00      0.00      0.00
08:28:44 PM       1     25.00      0.00     75.00      0.00      0.00      0.00
08:28:45 PM       1     23.00      0.00     77.00      0.00      0.00      0.00
08:28:46 PM       1     17.17      0.00     82.83      0.00      0.00      0.00
08:28:47 PM       1     16.83      0.00     83.17      0.00      0.00      0.00
08:28:48 PM       1     20.20      0.00     79.80      0.00      0.00      0.00
08:28:49 PM       1     23.76      0.00     76.24      0.00      0.00      0.00
08:28:50 PM       1     23.23      0.00     76.77      0.00      0.00      0.00
08:28:51 PM       1     23.00      0.00     77.00      0.00      0.00      0.00
08:28:52 PM       1     23.00      0.00     77.00      0.00      0.00      0.00
08:28:53 PM       1     22.00      0.00     78.00      0.00      0.00      0.00
08:28:54 PM       1     20.00      0.00     80.00      0.00      0.00      0.00
Average:          1     21.91      0.00     78.09      0.00      0.00      0.00
