Linux 3.14.33-regular (node220-2) 	01/06/2017 	_x86_64_	(8 CPU)

04:47:29 PM     CPU     %user     %nice   %system   %iowait    %steal     %idle
04:47:30 PM       1     26.73      0.00     73.27      0.00      0.00      0.00
04:47:31 PM       1     20.20      0.00     79.80      0.00      0.00      0.00
04:47:32 PM       1     20.00      0.00     80.00      0.00      0.00      0.00
04:47:33 PM       1     22.00      0.00     78.00      0.00      0.00      0.00
04:47:34 PM       1     25.74      0.00     74.26      0.00      0.00      0.00
04:47:35 PM       1     20.20      0.00     79.80      0.00      0.00      0.00
04:47:36 PM       1     22.00      0.00     78.00      0.00      0.00      0.00
04:47:37 PM       1     24.00      0.00     76.00      0.00      0.00      0.00
04:47:38 PM       1     27.72      0.00     72.28      0.00      0.00      0.00
04:47:39 PM       1     22.22      0.00     77.78      0.00      0.00      0.00
04:47:40 PM       1     23.00      0.00     77.00      0.00      0.00      0.00
04:47:41 PM       1     23.00      0.00     77.00      0.00      0.00      0.00
04:47:42 PM       1     19.00      0.00     81.00      0.00      0.00      0.00
04:47:43 PM       1     20.00      0.00     80.00      0.00      0.00      0.00
04:47:44 PM       1     23.23      0.00     76.77      0.00      0.00      0.00
04:47:45 PM       1     17.82      0.00     82.18      0.00      0.00      0.00
04:47:46 PM       1     24.00      0.00     76.00      0.00      0.00      0.00
04:47:47 PM       1     22.22      0.00     77.78      0.00      0.00      0.00
04:47:48 PM       1     16.83      0.00     83.17      0.00      0.00      0.00
04:47:49 PM       1     21.21      0.00     78.79      0.00      0.00      0.00
Average:          1     22.06      0.00     77.94      0.00      0.00      0.00
