Linux 3.14.33-regular (node220-2) 	01/06/2017 	_x86_64_	(8 CPU)

01:53:12 PM     CPU     %user     %nice   %system   %iowait    %steal     %idle
01:53:13 PM       1     18.00      0.00     82.00      0.00      0.00      0.00
01:53:14 PM       1     22.00      0.00     78.00      0.00      0.00      0.00
01:53:15 PM       1     26.00      0.00     74.00      0.00      0.00      0.00
01:53:16 PM       1     24.00      0.00     76.00      0.00      0.00      0.00
01:53:17 PM       1     22.22      0.00     77.78      0.00      0.00      0.00
01:53:18 PM       1     22.77      0.00     77.23      0.00      0.00      0.00
01:53:19 PM       1     21.21      0.00     78.79      0.00      0.00      0.00
01:53:20 PM       1     16.83      0.00     83.17      0.00      0.00      0.00
01:53:21 PM       1     25.00      0.00     75.00      0.00      0.00      0.00
01:53:22 PM       1     20.00      0.00     80.00      0.00      0.00      0.00
01:53:23 PM       1     23.00      0.00     77.00      0.00      0.00      0.00
01:53:24 PM       1     22.00      0.00     78.00      0.00      0.00      0.00
01:53:25 PM       1     23.76      0.00     76.24      0.00      0.00      0.00
01:53:26 PM       1     23.23      0.00     76.77      0.00      0.00      0.00
01:53:27 PM       1     27.72      0.00     72.28      0.00      0.00      0.00
01:53:28 PM       1     24.00      0.00     76.00      0.00      0.00      0.00
01:53:29 PM       1     22.22      0.00     77.78      0.00      0.00      0.00
01:53:30 PM       1     22.00      0.00     78.00      0.00      0.00      0.00
01:53:31 PM       1     24.00      0.00     76.00      0.00      0.00      0.00
01:53:32 PM       1     19.00      0.00     81.00      0.00      0.00      0.00
Average:          1     22.45      0.00     77.55      0.00      0.00      0.00
