Linux 3.14.33-regular (node220-2) 	01/06/2017 	_x86_64_	(8 CPU)

09:59:39 PM     CPU     %user     %nice   %system   %iowait    %steal     %idle
09:59:40 PM       1     22.22      0.00     77.78      0.00      0.00      0.00
09:59:41 PM       1     24.75      0.00     75.25      0.00      0.00      0.00
09:59:42 PM       1     27.27      0.00     72.73      0.00      0.00      0.00
09:59:43 PM       1     17.82      0.00     82.18      0.00      0.00      0.00
09:59:44 PM       1     23.00      0.00     77.00      0.00      0.00      0.00
09:59:45 PM       1     21.21      0.00     78.79      0.00      0.00      0.00
09:59:46 PM       1     19.80      0.00     80.20      0.00      0.00      0.00
09:59:47 PM       1     23.00      0.00     77.00      0.00      0.00      0.00
09:59:48 PM       1     17.17      0.00     82.83      0.00      0.00      0.00
09:59:49 PM       1     22.77      0.00     77.23      0.00      0.00      0.00
09:59:50 PM       1     21.21      0.00     78.79      0.00      0.00      0.00
09:59:51 PM       1     27.72      0.00     72.28      0.00      0.00      0.00
09:59:52 PM       1     24.24      0.00     75.76      0.00      0.00      0.00
09:59:53 PM       1     24.00      0.00     76.00      0.00      0.00      0.00
09:59:54 PM       1     22.00      0.00     78.00      0.00      0.00      0.00
09:59:55 PM       1     19.80      0.00     80.20      0.00      0.00      0.00
09:59:56 PM       1     23.00      0.00     77.00      0.00      0.00      0.00
09:59:57 PM       1     23.23      0.00     76.77      0.00      0.00      0.00
09:59:58 PM       1     22.77      0.00     77.23      0.00      0.00      0.00
09:59:59 PM       1     25.25      0.00     74.75      0.00      0.00      0.00
Average:          1     22.61      0.00     77.39      0.00      0.00      0.00
