Linux 3.14.33-regular (node220-2) 	01/06/2017 	_x86_64_	(8 CPU)

08:52:19 PM     CPU     %user     %nice   %system   %iowait    %steal     %idle
08:52:20 PM       1     22.00      0.00     78.00      0.00      0.00      0.00
08:52:21 PM       1     23.00      0.00     77.00      0.00      0.00      0.00
08:52:22 PM       1     26.00      0.00     74.00      0.00      0.00      0.00
08:52:23 PM       1     21.00      0.00     79.00      0.00      0.00      0.00
08:52:24 PM       1     27.00      0.00     73.00      0.00      0.00      0.00
08:52:25 PM       1     22.00      0.00     78.00      0.00      0.00      0.00
08:52:26 PM       1     26.73      0.00     73.27      0.00      0.00      0.00
08:52:27 PM       1     22.22      0.00     77.78      0.00      0.00      0.00
08:52:28 PM       1     19.00      0.00     81.00      0.00      0.00      0.00
08:52:29 PM       1     22.00      0.00     78.00      0.00      0.00      0.00
08:52:30 PM       1     22.77      0.00     77.23      0.00      0.00      0.00
08:52:31 PM       1     26.26      0.00     73.74      0.00      0.00      0.00
08:52:32 PM       1     26.00      0.00     74.00      0.00      0.00      0.00
08:52:33 PM       1     29.00      0.00     71.00      0.00      0.00      0.00
08:52:34 PM       1     20.00      0.00     80.00      0.00      0.00      0.00
08:52:35 PM       1     18.81      0.00     81.19      0.00      0.00      0.00
08:52:36 PM       1     22.22      0.00     77.78      0.00      0.00      0.00
08:52:37 PM       1     23.76      0.00     76.24      0.00      0.00      0.00
08:52:38 PM       1     24.24      0.00     75.76      0.00      0.00      0.00
08:52:39 PM       1     24.00      0.00     76.00      0.00      0.00      0.00
Average:          1     23.40      0.00     76.60      0.00      0.00      0.00
