Linux 3.14.33-regular (node220-2) 	01/06/2017 	_x86_64_	(8 CPU)

02:18:52 PM     CPU     %user     %nice   %system   %iowait    %steal     %idle
02:18:53 PM       1     25.74      0.00     74.26      0.00      0.00      0.00
02:18:54 PM       1     26.00      0.00     74.00      0.00      0.00      0.00
02:18:55 PM       1     23.23      0.00     76.77      0.00      0.00      0.00
02:18:56 PM       1     24.00      0.00     76.00      0.00      0.00      0.00
02:18:57 PM       1     19.00      0.00     81.00      0.00      0.00      0.00
02:18:58 PM       1     22.00      0.00     78.00      0.00      0.00      0.00
02:18:59 PM       1     23.00      0.00     77.00      0.00      0.00      0.00
02:19:00 PM       1     19.00      0.00     81.00      0.00      0.00      0.00
02:19:01 PM       1     18.00      0.00     82.00      0.00      0.00      0.00
02:19:02 PM       1     21.00      0.00     79.00      0.00      0.00      0.00
02:19:03 PM       1     19.00      0.00     81.00      0.00      0.00      0.00
02:19:04 PM       1     22.00      0.00     78.00      0.00      0.00      0.00
02:19:05 PM       1     26.00      0.00     74.00      0.00      0.00      0.00
02:19:06 PM       1     26.00      0.00     74.00      0.00      0.00      0.00
02:19:07 PM       1     20.00      0.00     80.00      0.00      0.00      0.00
02:19:08 PM       1     19.80      0.00     80.20      0.00      0.00      0.00
02:19:09 PM       1     20.20      0.00     79.80      0.00      0.00      0.00
02:19:10 PM       1     22.00      0.00     78.00      0.00      0.00      0.00
02:19:11 PM       1     22.77      0.00     77.23      0.00      0.00      0.00
02:19:12 PM       1     21.21      0.00     78.79      0.00      0.00      0.00
Average:          1     22.00      0.00     78.00      0.00      0.00      0.00
