Linux 3.14.33-regular (node220-2) 	01/06/2017 	_x86_64_	(8 CPU)

03:28:44 PM     CPU     %user     %nice   %system   %iowait    %steal     %idle
03:28:45 PM       1     26.73      0.00     73.27      0.00      0.00      0.00
03:28:46 PM       1     24.00      0.00     76.00      0.00      0.00      0.00
03:28:47 PM       1     22.22      0.00     77.78      0.00      0.00      0.00
03:28:48 PM       1     20.00      0.00     80.00      0.00      0.00      0.00
03:28:49 PM       1     22.00      0.00     78.00      0.00      0.00      0.00
03:28:50 PM       1     22.00      0.00     78.00      0.00      0.00      0.00
03:28:51 PM       1     19.00      0.00     81.00      0.00      0.00      0.00
03:28:52 PM       1     19.00      0.00     81.00      0.00      0.00      0.00
03:28:53 PM       1     27.72      0.00     72.28      0.00      0.00      0.00
03:28:54 PM       1     20.20      0.00     79.80      0.00      0.00      0.00
03:28:55 PM       1     17.00      0.00     83.00      0.00      0.00      0.00
03:28:56 PM       1     21.00      0.00     79.00      0.00      0.00      0.00
03:28:57 PM       1     17.00      0.00     83.00      0.00      0.00      0.00
03:28:58 PM       1     18.00      0.00     82.00      0.00      0.00      0.00
03:28:59 PM       1     22.77      0.00     77.23      0.00      0.00      0.00
03:29:00 PM       1     22.22      0.00     77.78      0.00      0.00      0.00
03:29:01 PM       1     28.00      0.00     72.00      0.00      0.00      0.00
03:29:02 PM       1     19.80      0.00     80.20      0.00      0.00      0.00
03:29:03 PM       1     22.22      0.00     77.78      0.00      0.00      0.00
03:29:04 PM       1     21.00      0.00     79.00      0.00      0.00      0.00
Average:          1     21.60      0.00     78.40      0.00      0.00      0.00
