Linux 3.14.33-regular (node220-2) 	01/06/2017 	_x86_64_	(8 CPU)

06:32:31 PM     CPU     %user     %nice   %system   %iowait    %steal     %idle
06:32:32 PM       1     22.00      0.00     78.00      0.00      0.00      0.00
06:32:33 PM       1     24.00      0.00     76.00      0.00      0.00      0.00
06:32:34 PM       1     19.80      0.00     80.20      0.00      0.00      0.00
06:32:35 PM       1     21.21      0.00     78.79      0.00      0.00      0.00
06:32:36 PM       1     21.78      0.00     78.22      0.00      0.00      0.00
06:32:37 PM       1     23.23      0.00     76.77      0.00      0.00      0.00
06:32:38 PM       1     21.00      0.00     79.00      0.00      0.00      0.00
06:32:39 PM       1     21.00      0.00     79.00      0.00      0.00      0.00
06:32:40 PM       1     22.00      0.00     78.00      0.00      0.00      0.00
06:32:41 PM       1     21.00      0.00     79.00      0.00      0.00      0.00
06:32:42 PM       1     22.00      0.00     78.00      0.00      0.00      0.00
06:32:43 PM       1     20.00      0.00     80.00      0.00      0.00      0.00
06:32:44 PM       1     26.00      0.00     74.00      0.00      0.00      0.00
06:32:45 PM       1     23.00      0.00     77.00      0.00      0.00      0.00
06:32:46 PM       1     26.00      0.00     74.00      0.00      0.00      0.00
06:32:47 PM       1     23.00      0.00     77.00      0.00      0.00      0.00
06:32:48 PM       1     21.00      0.00     79.00      0.00      0.00      0.00
06:32:49 PM       1     25.00      0.00     75.00      0.00      0.00      0.00
06:32:50 PM       1     23.23      0.00     76.77      0.00      0.00      0.00
06:32:51 PM       1     28.00      0.00     72.00      0.00      0.00      0.00
Average:          1     22.71      0.00     77.29      0.00      0.00      0.00
