Linux 3.14.33-regular (node220-2) 	01/06/2017 	_x86_64_	(8 CPU)

07:53:20 PM     CPU     %user     %nice   %system   %iowait    %steal     %idle
07:53:21 PM       1     23.76      0.00     76.24      0.00      0.00      0.00
07:53:22 PM       1     26.73      0.00     73.27      0.00      0.00      0.00
07:53:23 PM       1     17.00      0.00     83.00      0.00      0.00      0.00
07:53:24 PM       1     22.22      0.00     77.78      0.00      0.00      0.00
07:53:25 PM       1     21.00      0.00     79.00      0.00      0.00      0.00
07:53:26 PM       1     19.80      0.00     80.20      0.00      0.00      0.00
07:53:27 PM       1     20.20      0.00     79.80      0.00      0.00      0.00
07:53:28 PM       1     20.00      0.00     80.00      0.00      0.00      0.00
07:53:29 PM       1     24.00      0.00     76.00      0.00      0.00      0.00
07:53:30 PM       1     22.00      0.00     78.00      0.00      0.00      0.00
07:53:31 PM       1     20.79      0.00     79.21      0.00      0.00      0.00
07:53:32 PM       1     21.21      0.00     78.79      0.00      0.00      0.00
07:53:33 PM       1     26.73      0.00     73.27      0.00      0.00      0.00
07:53:34 PM       1     22.00      0.00     78.00      0.00      0.00      0.00
07:53:35 PM       1     19.00      0.00     81.00      0.00      0.00      0.00
07:53:36 PM       1     19.00      0.00     81.00      0.00      0.00      0.00
07:53:37 PM       1     24.00      0.00     76.00      0.00      0.00      0.00
07:53:38 PM       1     24.00      0.00     76.00      0.00      0.00      0.00
07:53:39 PM       1     18.00      0.00     82.00      0.00      0.00      0.00
07:53:40 PM       1     22.00      0.00     78.00      0.00      0.00      0.00
Average:          1     21.68      0.00     78.32      0.00      0.00      0.00
