Linux 3.14.33-regular (node220-2) 	01/06/2017 	_x86_64_	(8 CPU)

01:06:23 PM     CPU     %user     %nice   %system   %iowait    %steal     %idle
01:06:24 PM       1     25.00      0.00     75.00      0.00      0.00      0.00
01:06:25 PM       1     19.19      0.00     80.81      0.00      0.00      0.00
01:06:26 PM       1     27.72      0.00     72.28      0.00      0.00      0.00
01:06:27 PM       1     20.20      0.00     79.80      0.00      0.00      0.00
01:06:28 PM       1     22.77      0.00     77.23      0.00      0.00      0.00
01:06:29 PM       1     20.00      0.00     80.00      0.00      0.00      0.00
01:06:30 PM       1     23.23      0.00     76.77      0.00      0.00      0.00
01:06:31 PM       1     21.78      0.00     78.22      0.00      0.00      0.00
01:06:32 PM       1     23.00      0.00     77.00      0.00      0.00      0.00
01:06:33 PM       1     23.00      0.00     77.00      0.00      0.00      0.00
01:06:34 PM       1     21.00      0.00     79.00      0.00      0.00      0.00
01:06:35 PM       1     15.00      0.00     85.00      0.00      0.00      0.00
01:06:36 PM       1     18.00      0.00     82.00      0.00      0.00      0.00
01:06:37 PM       1     24.00      0.00     76.00      0.00      0.00      0.00
01:06:38 PM       1     19.00      0.00     81.00      0.00      0.00      0.00
01:06:39 PM       1     23.23      0.00     76.77      0.00      0.00      0.00
01:06:40 PM       1     20.00      0.00     80.00      0.00      0.00      0.00
01:06:41 PM       1     20.79      0.00     79.21      0.00      0.00      0.00
01:06:42 PM       1     21.00      0.00     79.00      0.00      0.00      0.00
01:06:43 PM       1     26.00      0.00     74.00      0.00      0.00      0.00
Average:          1     21.70      0.00     78.30      0.00      0.00      0.00
