Linux 3.14.33-regular (node220-2) 	01/06/2017 	_x86_64_	(8 CPU)

05:44:28 PM     CPU     %user     %nice   %system   %iowait    %steal     %idle
05:44:29 PM       1     21.00      0.00     79.00      0.00      0.00      0.00
05:44:30 PM       1     20.00      0.00     80.00      0.00      0.00      0.00
05:44:31 PM       1     22.00      0.00     78.00      0.00      0.00      0.00
05:44:32 PM       1     27.27      0.00     72.73      0.00      0.00      0.00
05:44:33 PM       1     25.00      0.00     75.00      0.00      0.00      0.00
05:44:34 PM       1     25.00      0.00     75.00      0.00      0.00      0.00
05:44:35 PM       1     24.00      0.00     76.00      0.00      0.00      0.00
05:44:36 PM       1     26.00      0.00     74.00      0.00      0.00      0.00
05:44:37 PM       1     19.80      0.00     80.20      0.00      0.00      0.00
05:44:38 PM       1     25.00      0.00     75.00      0.00      0.00      0.00
05:44:39 PM       1     21.00      0.00     79.00      0.00      0.00      0.00
05:44:40 PM       1     23.00      0.00     77.00      0.00      0.00      0.00
05:44:41 PM       1     24.00      0.00     76.00      0.00      0.00      0.00
05:44:42 PM       1     20.00      0.00     80.00      0.00      0.00      0.00
05:44:43 PM       1     15.00      0.00     85.00      0.00      0.00      0.00
05:44:44 PM       1     24.00      0.00     76.00      0.00      0.00      0.00
05:44:45 PM       1     24.00      0.00     76.00      0.00      0.00      0.00
05:44:46 PM       1     22.00      0.00     78.00      0.00      0.00      0.00
05:44:47 PM       1     23.00      0.00     77.00      0.00      0.00      0.00
05:44:48 PM       1     20.00      0.00     80.00      0.00      0.00      0.00
Average:          1     22.55      0.00     77.45      0.00      0.00      0.00
