Linux 3.14.33-regular (node220-2) 	01/06/2017 	_x86_64_	(8 CPU)

05:13:43 PM     CPU     %user     %nice   %system   %iowait    %steal     %idle
05:13:44 PM       1     19.00      0.00     81.00      0.00      0.00      0.00
05:13:45 PM       1     22.00      0.00     78.00      0.00      0.00      0.00
05:13:46 PM       1     20.79      0.00     79.21      0.00      0.00      0.00
05:13:47 PM       1     20.00      0.00     80.00      0.00      0.00      0.00
05:13:48 PM       1     22.00      0.00     78.00      0.00      0.00      0.00
05:13:49 PM       1     19.19      0.00     80.81      0.00      0.00      0.00
05:13:50 PM       1     24.75      0.00     75.25      0.00      0.00      0.00
05:13:51 PM       1     21.00      0.00     79.00      0.00      0.00      0.00
05:13:52 PM       1     22.00      0.00     78.00      0.00      0.00      0.00
05:13:53 PM       1     22.22      0.00     77.78      0.00      0.00      0.00
05:13:54 PM       1     22.77      0.00     77.23      0.00      0.00      0.00
05:13:55 PM       1     25.00      0.00     75.00      0.00      0.00      0.00
05:13:56 PM       1     21.21      0.00     78.79      0.00      0.00      0.00
05:13:57 PM       1     25.00      0.00     75.00      0.00      0.00      0.00
05:13:58 PM       1     20.00      0.00     80.00      0.00      0.00      0.00
05:13:59 PM       1     20.00      0.00     80.00      0.00      0.00      0.00
05:14:00 PM       1     25.00      0.00     75.00      0.00      0.00      0.00
05:14:01 PM       1     23.00      0.00     77.00      0.00      0.00      0.00
05:14:02 PM       1     22.00      0.00     78.00      0.00      0.00      0.00
05:14:03 PM       1     28.00      0.00     72.00      0.00      0.00      0.00
Average:          1     22.25      0.00     77.75      0.00      0.00      0.00
