Linux 3.14.33-regular (node220-2) 	01/06/2017 	_x86_64_	(8 CPU)

05:59:10 PM     CPU     %user     %nice   %system   %iowait    %steal     %idle
05:59:11 PM       1     20.00      0.00     80.00      0.00      0.00      0.00
05:59:12 PM       1     21.78      0.00     78.22      0.00      0.00      0.00
05:59:13 PM       1     23.23      0.00     76.77      0.00      0.00      0.00
05:59:14 PM       1     20.00      0.00     80.00      0.00      0.00      0.00
05:59:15 PM       1     23.76      0.00     76.24      0.00      0.00      0.00
05:59:16 PM       1     24.00      0.00     76.00      0.00      0.00      0.00
05:59:17 PM       1     21.21      0.00     78.79      0.00      0.00      0.00
05:59:18 PM       1     25.74      0.00     74.26      0.00      0.00      0.00
05:59:19 PM       1     24.24      0.00     75.76      0.00      0.00      0.00
05:59:20 PM       1     22.77      0.00     77.23      0.00      0.00      0.00
05:59:21 PM       1     22.00      0.00     78.00      0.00      0.00      0.00
05:59:22 PM       1     23.23      0.00     76.77      0.00      0.00      0.00
05:59:23 PM       1     18.81      0.00     81.19      0.00      0.00      0.00
05:59:24 PM       1     23.00      0.00     77.00      0.00      0.00      0.00
05:59:25 PM       1     26.26      0.00     73.74      0.00      0.00      0.00
05:59:26 PM       1     25.00      0.00     75.00      0.00      0.00      0.00
05:59:27 PM       1     20.00      0.00     80.00      0.00      0.00      0.00
05:59:28 PM       1     21.78      0.00     78.22      0.00      0.00      0.00
05:59:29 PM       1     24.00      0.00     76.00      0.00      0.00      0.00
05:59:30 PM       1     25.25      0.00     74.75      0.00      0.00      0.00
Average:          1     22.80      0.00     77.20      0.00      0.00      0.00
