Linux 3.14.33-regular (node220-2) 	01/06/2017 	_x86_64_	(8 CPU)

01:58:57 PM     CPU     %user     %nice   %system   %iowait    %steal     %idle
01:58:58 PM       1     27.27      0.00     72.73      0.00      0.00      0.00
01:58:59 PM       1     20.79      0.00     79.21      0.00      0.00      0.00
01:59:00 PM       1     24.75      0.00     75.25      0.00      0.00      0.00
01:59:01 PM       1     23.23      0.00     76.77      0.00      0.00      0.00
01:59:02 PM       1     20.00      0.00     80.00      0.00      0.00      0.00
01:59:03 PM       1     18.00      0.00     82.00      0.00      0.00      0.00
01:59:04 PM       1     24.00      0.00     76.00      0.00      0.00      0.00
01:59:05 PM       1     21.00      0.00     79.00      0.00      0.00      0.00
01:59:06 PM       1     22.00      0.00     78.00      0.00      0.00      0.00
01:59:07 PM       1     20.00      0.00     80.00      0.00      0.00      0.00
01:59:08 PM       1     22.22      0.00     77.78      0.00      0.00      0.00
01:59:09 PM       1     20.00      0.00     80.00      0.00      0.00      0.00
01:59:10 PM       1     23.00      0.00     77.00      0.00      0.00      0.00
01:59:11 PM       1     20.79      0.00     79.21      0.00      0.00      0.00
01:59:12 PM       1     20.00      0.00     80.00      0.00      0.00      0.00
01:59:13 PM       1     17.17      0.00     82.83      0.00      0.00      0.00
01:59:14 PM       1     19.80      0.00     80.20      0.00      0.00      0.00
01:59:15 PM       1     16.00      0.00     84.00      0.00      0.00      0.00
01:59:16 PM       1     23.00      0.00     77.00      0.00      0.00      0.00
01:59:17 PM       1     22.00      0.00     78.00      0.00      0.00      0.00
Average:          1     21.25      0.00     78.75      0.00      0.00      0.00
