Linux 3.14.33-regular (node220-2) 	01/06/2017 	_x86_64_	(8 CPU)

10:33:33 PM     CPU     %user     %nice   %system   %iowait    %steal     %idle
10:33:34 PM       1     25.74      0.00     74.26      0.00      0.00      0.00
10:33:35 PM       1     20.00      0.00     80.00      0.00      0.00      0.00
10:33:36 PM       1     16.16      0.00     83.84      0.00      0.00      0.00
10:33:37 PM       1     19.80      0.00     80.20      0.00      0.00      0.00
10:33:38 PM       1     23.23      0.00     76.77      0.00      0.00      0.00
10:33:39 PM       1     24.75      0.00     75.25      0.00      0.00      0.00
10:33:40 PM       1     21.21      0.00     78.79      0.00      0.00      0.00
10:33:41 PM       1     23.00      0.00     77.00      0.00      0.00      0.00
10:33:42 PM       1     24.00      0.00     76.00      0.00      0.00      0.00
10:33:43 PM       1     20.79      0.00     79.21      0.00      0.00      0.00
10:33:44 PM       1     24.24      0.00     75.76      0.00      0.00      0.00
10:33:45 PM       1     19.80      0.00     80.20      0.00      0.00      0.00
10:33:46 PM       1     20.00      0.00     80.00      0.00      0.00      0.00
10:33:47 PM       1     23.00      0.00     77.00      0.00      0.00      0.00
10:33:48 PM       1     17.17      0.00     82.83      0.00      0.00      0.00
10:33:49 PM       1     18.00      0.00     82.00      0.00      0.00      0.00
10:33:50 PM       1     25.74      0.00     74.26      0.00      0.00      0.00
10:33:51 PM       1     20.20      0.00     79.80      0.00      0.00      0.00
10:33:52 PM       1     23.00      0.00     77.00      0.00      0.00      0.00
10:33:53 PM       1     25.74      0.00     74.26      0.00      0.00      0.00
Average:          1     21.79      0.00     78.21      0.00      0.00      0.00
