Linux 3.14.33-regular (node220-2) 	01/06/2017 	_x86_64_	(8 CPU)

02:55:24 PM     CPU     %user     %nice   %system   %iowait    %steal     %idle
02:55:25 PM       1     16.00      0.00     84.00      0.00      0.00      0.00
02:55:26 PM       1     23.00      0.00     77.00      0.00      0.00      0.00
02:55:27 PM       1     23.00      0.00     77.00      0.00      0.00      0.00
02:55:28 PM       1     26.00      0.00     74.00      0.00      0.00      0.00
02:55:29 PM       1     25.00      0.00     75.00      0.00      0.00      0.00
02:55:30 PM       1     21.00      0.00     79.00      0.00      0.00      0.00
02:55:31 PM       1     23.00      0.00     77.00      0.00      0.00      0.00
02:55:32 PM       1     21.00      0.00     79.00      0.00      0.00      0.00
02:55:33 PM       1     20.00      0.00     80.00      0.00      0.00      0.00
02:55:34 PM       1     22.00      0.00     78.00      0.00      0.00      0.00
02:55:35 PM       1     23.00      0.00     77.00      0.00      0.00      0.00
02:55:36 PM       1     23.00      0.00     77.00      0.00      0.00      0.00
02:55:37 PM       1     20.00      0.00     80.00      0.00      0.00      0.00
02:55:38 PM       1     19.00      0.00     81.00      0.00      0.00      0.00
02:55:39 PM       1     17.00      0.00     83.00      0.00      0.00      0.00
02:55:40 PM       1     22.22      0.00     77.78      0.00      0.00      0.00
02:55:41 PM       1     25.00      0.00     75.00      0.00      0.00      0.00
02:55:42 PM       1     25.74      0.00     74.26      0.00      0.00      0.00
02:55:43 PM       1     21.00      0.00     79.00      0.00      0.00      0.00
02:55:44 PM       1     19.00      0.00     81.00      0.00      0.00      0.00
Average:          1     21.75      0.00     78.25      0.00      0.00      0.00
