Linux 3.14.33-regular (node220-2) 	01/06/2017 	_x86_64_	(8 CPU)

02:52:12 PM     CPU     %user     %nice   %system   %iowait    %steal     %idle
02:52:13 PM       1     28.00      0.00     72.00      0.00      0.00      0.00
02:52:14 PM       1     19.00      0.00     81.00      0.00      0.00      0.00
02:52:15 PM       1     25.00      0.00     75.00      0.00      0.00      0.00
02:52:16 PM       1     25.00      0.00     75.00      0.00      0.00      0.00
02:52:17 PM       1     20.00      0.00     80.00      0.00      0.00      0.00
02:52:18 PM       1     20.00      0.00     80.00      0.00      0.00      0.00
02:52:19 PM       1     20.79      0.00     79.21      0.00      0.00      0.00
02:52:20 PM       1     18.00      0.00     82.00      0.00      0.00      0.00
02:52:21 PM       1     26.26      0.00     73.74      0.00      0.00      0.00
02:52:22 PM       1     24.00      0.00     76.00      0.00      0.00      0.00
02:52:23 PM       1     19.80      0.00     80.20      0.00      0.00      0.00
02:52:24 PM       1     24.00      0.00     76.00      0.00      0.00      0.00
02:52:25 PM       1     20.00      0.00     80.00      0.00      0.00      0.00
02:52:26 PM       1     30.00      0.00     70.00      0.00      0.00      0.00
02:52:27 PM       1     21.00      0.00     79.00      0.00      0.00      0.00
02:52:28 PM       1     21.21      0.00     78.79      0.00      0.00      0.00
02:52:29 PM       1     21.78      0.00     78.22      0.00      0.00      0.00
02:52:30 PM       1     24.00      0.00     76.00      0.00      0.00      0.00
02:52:31 PM       1     21.00      0.00     79.00      0.00      0.00      0.00
02:52:32 PM       1     21.21      0.00     78.79      0.00      0.00      0.00
Average:          1     22.50      0.00     77.50      0.00      0.00      0.00
