Linux 3.14.33-regular (node220-2) 	01/06/2017 	_x86_64_	(8 CPU)

03:04:25 PM     CPU     %user     %nice   %system   %iowait    %steal     %idle
03:04:26 PM       1     23.00      0.00     77.00      0.00      0.00      0.00
03:04:27 PM       1     21.00      0.00     79.00      0.00      0.00      0.00
03:04:28 PM       1     24.24      0.00     75.76      0.00      0.00      0.00
03:04:29 PM       1     25.74      0.00     74.26      0.00      0.00      0.00
03:04:30 PM       1     24.24      0.00     75.76      0.00      0.00      0.00
03:04:31 PM       1     17.82      0.00     82.18      0.00      0.00      0.00
03:04:32 PM       1     19.00      0.00     81.00      0.00      0.00      0.00
03:04:33 PM       1     20.00      0.00     80.00      0.00      0.00      0.00
03:04:34 PM       1     21.00      0.00     79.00      0.00      0.00      0.00
03:04:35 PM       1     21.00      0.00     79.00      0.00      0.00      0.00
03:04:36 PM       1     27.00      0.00     73.00      0.00      0.00      0.00
03:04:37 PM       1     23.00      0.00     77.00      0.00      0.00      0.00
03:04:38 PM       1     21.00      0.00     79.00      0.00      0.00      0.00
03:04:39 PM       1     22.00      0.00     78.00      0.00      0.00      0.00
03:04:40 PM       1     24.24      0.00     75.76      0.00      0.00      0.00
03:04:41 PM       1     19.80      0.00     80.20      0.00      0.00      0.00
03:04:42 PM       1     23.00      0.00     77.00      0.00      0.00      0.00
03:04:43 PM       1     26.00      0.00     74.00      0.00      0.00      0.00
03:04:44 PM       1     20.00      0.00     80.00      0.00      0.00      0.00
03:04:45 PM       1     24.00      0.00     76.00      0.00      0.00      0.00
Average:          1     22.35      0.00     77.65      0.00      0.00      0.00
