Linux 3.14.33-regular (node220-2) 	01/06/2017 	_x86_64_	(8 CPU)

03:10:49 PM     CPU     %user     %nice   %system   %iowait    %steal     %idle
03:10:50 PM       1     21.00      0.00     79.00      0.00      0.00      0.00
03:10:51 PM       1     22.00      0.00     78.00      0.00      0.00      0.00
03:10:52 PM       1     19.80      0.00     80.20      0.00      0.00      0.00
03:10:53 PM       1     21.21      0.00     78.79      0.00      0.00      0.00
03:10:54 PM       1     21.00      0.00     79.00      0.00      0.00      0.00
03:10:55 PM       1     26.00      0.00     74.00      0.00      0.00      0.00
03:10:56 PM       1     21.00      0.00     79.00      0.00      0.00      0.00
03:10:57 PM       1     20.00      0.00     80.00      0.00      0.00      0.00
03:10:58 PM       1     20.79      0.00     79.21      0.00      0.00      0.00
03:10:59 PM       1     27.00      0.00     73.00      0.00      0.00      0.00
03:11:00 PM       1     21.00      0.00     79.00      0.00      0.00      0.00
03:11:01 PM       1     26.26      0.00     73.74      0.00      0.00      0.00
03:11:02 PM       1     24.00      0.00     76.00      0.00      0.00      0.00
03:11:03 PM       1     18.18      0.00     81.82      0.00      0.00      0.00
03:11:04 PM       1     21.00      0.00     79.00      0.00      0.00      0.00
03:11:05 PM       1     20.79      0.00     79.21      0.00      0.00      0.00
03:11:06 PM       1     24.24      0.00     75.76      0.00      0.00      0.00
03:11:07 PM       1     23.76      0.00     76.24      0.00      0.00      0.00
03:11:08 PM       1     21.00      0.00     79.00      0.00      0.00      0.00
03:11:09 PM       1     26.00      0.00     74.00      0.00      0.00      0.00
Average:          1     22.30      0.00     77.70      0.00      0.00      0.00
