Linux 3.14.33-regular (node220-2) 	01/06/2017 	_x86_64_	(8 CPU)

05:04:46 PM     CPU     %user     %nice   %system   %iowait    %steal     %idle
05:04:47 PM       1     21.21      0.00     78.79      0.00      0.00      0.00
05:04:48 PM       1     23.00      0.00     77.00      0.00      0.00      0.00
05:04:49 PM       1     24.75      0.00     75.25      0.00      0.00      0.00
05:04:50 PM       1     25.25      0.00     74.75      0.00      0.00      0.00
05:04:51 PM       1     17.82      0.00     82.18      0.00      0.00      0.00
05:04:52 PM       1     23.23      0.00     76.77      0.00      0.00      0.00
05:04:53 PM       1     23.00      0.00     77.00      0.00      0.00      0.00
05:04:54 PM       1     21.78      0.00     78.22      0.00      0.00      0.00
05:04:55 PM       1     20.20      0.00     79.80      0.00      0.00      0.00
05:04:56 PM       1     19.80      0.00     80.20      0.00      0.00      0.00
05:04:57 PM       1     22.22      0.00     77.78      0.00      0.00      0.00
05:04:58 PM       1     22.00      0.00     78.00      0.00      0.00      0.00
05:04:59 PM       1     25.00      0.00     75.00      0.00      0.00      0.00
05:05:00 PM       1     24.75      0.00     75.25      0.00      0.00      0.00
05:05:01 PM       1     25.25      0.00     74.75      0.00      0.00      0.00
05:05:02 PM       1     22.00      0.00     78.00      0.00      0.00      0.00
05:05:03 PM       1     22.00      0.00     78.00      0.00      0.00      0.00
05:05:04 PM       1     23.23      0.00     76.77      0.00      0.00      0.00
05:05:05 PM       1     24.75      0.00     75.25      0.00      0.00      0.00
05:05:06 PM       1     23.00      0.00     77.00      0.00      0.00      0.00
Average:          1     22.71      0.00     77.29      0.00      0.00      0.00
