Linux 3.14.33-regular (node220-2) 	01/06/2017 	_x86_64_	(8 CPU)

09:37:08 PM     CPU     %user     %nice   %system   %iowait    %steal     %idle
09:37:09 PM       1     16.16      0.00     83.84      0.00      0.00      0.00
09:37:10 PM       1     23.76      0.00     76.24      0.00      0.00      0.00
09:37:11 PM       1     26.00      0.00     74.00      0.00      0.00      0.00
09:37:12 PM       1     28.00      0.00     72.00      0.00      0.00      0.00
09:37:13 PM       1     24.00      0.00     76.00      0.00      0.00      0.00
09:37:14 PM       1     22.00      0.00     78.00      0.00      0.00      0.00
09:37:15 PM       1     20.20      0.00     79.80      0.00      0.00      0.00
09:37:16 PM       1     23.76      0.00     76.24      0.00      0.00      0.00
09:37:17 PM       1     23.00      0.00     77.00      0.00      0.00      0.00
09:37:18 PM       1     24.00      0.00     76.00      0.00      0.00      0.00
09:37:19 PM       1     28.71      0.00     71.29      0.00      0.00      0.00
09:37:20 PM       1     21.21      0.00     78.79      0.00      0.00      0.00
09:37:21 PM       1     22.00      0.00     78.00      0.00      0.00      0.00
09:37:22 PM       1     22.00      0.00     78.00      0.00      0.00      0.00
09:37:23 PM       1     21.00      0.00     79.00      0.00      0.00      0.00
09:37:24 PM       1     24.00      0.00     76.00      0.00      0.00      0.00
09:37:25 PM       1     22.00      0.00     78.00      0.00      0.00      0.00
09:37:26 PM       1     20.00      0.00     80.00      0.00      0.00      0.00
09:37:27 PM       1     24.00      0.00     76.00      0.00      0.00      0.00
09:37:28 PM       1     24.00      0.00     76.00      0.00      0.00      0.00
Average:          1     23.00      0.00     77.00      0.00      0.00      0.00
