Linux 3.14.33-regular (node220-2) 	01/06/2017 	_x86_64_	(8 CPU)

03:13:23 PM     CPU     %user     %nice   %system   %iowait    %steal     %idle
03:13:24 PM       1     18.00      0.00     82.00      0.00      0.00      0.00
03:13:25 PM       1     20.00      0.00     80.00      0.00      0.00      0.00
03:13:26 PM       1     24.00      0.00     76.00      0.00      0.00      0.00
03:13:27 PM       1     22.00      0.00     78.00      0.00      0.00      0.00
03:13:28 PM       1     20.00      0.00     80.00      0.00      0.00      0.00
03:13:29 PM       1     23.00      0.00     77.00      0.00      0.00      0.00
03:13:30 PM       1     25.00      0.00     75.00      0.00      0.00      0.00
03:13:31 PM       1     24.00      0.00     76.00      0.00      0.00      0.00
03:13:32 PM       1     19.19      0.00     80.81      0.00      0.00      0.00
03:13:33 PM       1     20.79      0.00     79.21      0.00      0.00      0.00
03:13:34 PM       1     25.25      0.00     74.75      0.00      0.00      0.00
03:13:35 PM       1     26.73      0.00     73.27      0.00      0.00      0.00
03:13:36 PM       1     21.00      0.00     79.00      0.00      0.00      0.00
03:13:37 PM       1     19.00      0.00     81.00      0.00      0.00      0.00
03:13:38 PM       1     27.00      0.00     73.00      0.00      0.00      0.00
03:13:39 PM       1     21.00      0.00     79.00      0.00      0.00      0.00
03:13:40 PM       1     21.00      0.00     79.00      0.00      0.00      0.00
03:13:41 PM       1     25.25      0.00     74.75      0.00      0.00      0.00
03:13:42 PM       1     21.78      0.00     78.22      0.00      0.00      0.00
03:13:43 PM       1     26.00      0.00     74.00      0.00      0.00      0.00
Average:          1     22.50      0.00     77.50      0.00      0.00      0.00
