Linux 3.14.33-regular (node220-2) 	01/06/2017 	_x86_64_	(8 CPU)

03:40:20 PM     CPU     %user     %nice   %system   %iowait    %steal     %idle
03:40:21 PM       1     23.76      0.00     76.24      0.00      0.00      0.00
03:40:22 PM       1     22.22      0.00     77.78      0.00      0.00      0.00
03:40:23 PM       1     21.00      0.00     79.00      0.00      0.00      0.00
03:40:24 PM       1     23.00      0.00     77.00      0.00      0.00      0.00
03:40:25 PM       1     23.76      0.00     76.24      0.00      0.00      0.00
03:40:26 PM       1     22.00      0.00     78.00      0.00      0.00      0.00
03:40:27 PM       1     20.20      0.00     79.80      0.00      0.00      0.00
03:40:28 PM       1     22.00      0.00     78.00      0.00      0.00      0.00
03:40:29 PM       1     19.80      0.00     80.20      0.00      0.00      0.00
03:40:30 PM       1     23.23      0.00     76.77      0.00      0.00      0.00
03:40:31 PM       1     23.00      0.00     77.00      0.00      0.00      0.00
03:40:32 PM       1     20.00      0.00     80.00      0.00      0.00      0.00
03:40:33 PM       1     24.00      0.00     76.00      0.00      0.00      0.00
03:40:34 PM       1     21.00      0.00     79.00      0.00      0.00      0.00
03:40:35 PM       1     21.00      0.00     79.00      0.00      0.00      0.00
03:40:36 PM       1     22.22      0.00     77.78      0.00      0.00      0.00
03:40:37 PM       1     22.00      0.00     78.00      0.00      0.00      0.00
03:40:38 PM       1     24.00      0.00     76.00      0.00      0.00      0.00
03:40:39 PM       1     24.00      0.00     76.00      0.00      0.00      0.00
03:40:40 PM       1     19.80      0.00     80.20      0.00      0.00      0.00
Average:          1     22.10      0.00     77.90      0.00      0.00      0.00
