Linux 3.14.33-regular (node220-2) 	01/06/2017 	_x86_64_	(8 CPU)

01:36:34 PM     CPU     %user     %nice   %system   %iowait    %steal     %idle
01:36:35 PM       1     15.00      0.00     85.00      0.00      0.00      0.00
01:36:36 PM       1     21.21      0.00     78.79      0.00      0.00      0.00
01:36:37 PM       1     22.00      0.00     78.00      0.00      0.00      0.00
01:36:38 PM       1     22.00      0.00     78.00      0.00      0.00      0.00
01:36:39 PM       1     24.00      0.00     76.00      0.00      0.00      0.00
01:36:40 PM       1     21.00      0.00     79.00      0.00      0.00      0.00
01:36:41 PM       1     22.00      0.00     78.00      0.00      0.00      0.00
01:36:42 PM       1     19.00      0.00     81.00      0.00      0.00      0.00
01:36:43 PM       1     25.74      0.00     74.26      0.00      0.00      0.00
01:36:44 PM       1     22.00      0.00     78.00      0.00      0.00      0.00
01:36:45 PM       1     20.00      0.00     80.00      0.00      0.00      0.00
01:36:46 PM       1     21.21      0.00     78.79      0.00      0.00      0.00
01:36:47 PM       1     26.73      0.00     73.27      0.00      0.00      0.00
01:36:48 PM       1     23.00      0.00     77.00      0.00      0.00      0.00
01:36:49 PM       1     24.24      0.00     75.76      0.00      0.00      0.00
01:36:50 PM       1     22.77      0.00     77.23      0.00      0.00      0.00
01:36:51 PM       1     22.22      0.00     77.78      0.00      0.00      0.00
01:36:52 PM       1     22.00      0.00     78.00      0.00      0.00      0.00
01:36:53 PM       1     21.78      0.00     78.22      0.00      0.00      0.00
01:36:54 PM       1     20.20      0.00     79.80      0.00      0.00      0.00
Average:          1     21.91      0.00     78.09      0.00      0.00      0.00
