Linux 3.14.33-regular (node220-2) 	01/06/2017 	_x86_64_	(8 CPU)

10:12:27 PM     CPU     %user     %nice   %system   %iowait    %steal     %idle
10:12:28 PM       1     21.00      0.00     79.00      0.00      0.00      0.00
10:12:29 PM       1     23.00      0.00     77.00      0.00      0.00      0.00
10:12:30 PM       1     20.00      0.00     80.00      0.00      0.00      0.00
10:12:31 PM       1     18.00      0.00     82.00      0.00      0.00      0.00
10:12:32 PM       1     21.00      0.00     79.00      0.00      0.00      0.00
10:12:33 PM       1     17.00      0.00     83.00      0.00      0.00      0.00
10:12:34 PM       1     26.00      0.00     74.00      0.00      0.00      0.00
10:12:35 PM       1     24.00      0.00     76.00      0.00      0.00      0.00
10:12:36 PM       1     22.00      0.00     78.00      0.00      0.00      0.00
10:12:37 PM       1     21.21      0.00     78.79      0.00      0.00      0.00
10:12:38 PM       1     23.00      0.00     77.00      0.00      0.00      0.00
10:12:39 PM       1     19.00      0.00     81.00      0.00      0.00      0.00
10:12:40 PM       1     24.75      0.00     75.25      0.00      0.00      0.00
10:12:41 PM       1     20.20      0.00     79.80      0.00      0.00      0.00
10:12:42 PM       1     23.76      0.00     76.24      0.00      0.00      0.00
10:12:43 PM       1     18.18      0.00     81.82      0.00      0.00      0.00
10:12:44 PM       1     24.00      0.00     76.00      0.00      0.00      0.00
10:12:45 PM       1     21.00      0.00     79.00      0.00      0.00      0.00
10:12:46 PM       1     21.78      0.00     78.22      0.00      0.00      0.00
10:12:47 PM       1     18.00      0.00     82.00      0.00      0.00      0.00
Average:          1     21.35      0.00     78.65      0.00      0.00      0.00
