Linux 3.14.33-regular (node220-2) 	01/06/2017 	_x86_64_	(8 CPU)

05:55:21 PM     CPU     %user     %nice   %system   %iowait    %steal     %idle
05:55:22 PM       1     24.00      0.00     76.00      0.00      0.00      0.00
05:55:23 PM       1     19.19      0.00     80.81      0.00      0.00      0.00
05:55:24 PM       1     19.00      0.00     81.00      0.00      0.00      0.00
05:55:25 PM       1     20.00      0.00     80.00      0.00      0.00      0.00
05:55:26 PM       1     19.00      0.00     81.00      0.00      0.00      0.00
05:55:27 PM       1     18.00      0.00     82.00      0.00      0.00      0.00
05:55:28 PM       1     24.00      0.00     76.00      0.00      0.00      0.00
05:55:29 PM       1     23.00      0.00     77.00      0.00      0.00      0.00
05:55:30 PM       1     22.77      0.00     77.23      0.00      0.00      0.00
05:55:31 PM       1     22.00      0.00     78.00      0.00      0.00      0.00
05:55:32 PM       1     20.20      0.00     79.80      0.00      0.00      0.00
05:55:33 PM       1     18.81      0.00     81.19      0.00      0.00      0.00
05:55:34 PM       1     24.00      0.00     76.00      0.00      0.00      0.00
05:55:35 PM       1     21.21      0.00     78.79      0.00      0.00      0.00
05:55:36 PM       1     21.00      0.00     79.00      0.00      0.00      0.00
05:55:37 PM       1     22.22      0.00     77.78      0.00      0.00      0.00
05:55:38 PM       1     18.81      0.00     81.19      0.00      0.00      0.00
05:55:39 PM       1     24.00      0.00     76.00      0.00      0.00      0.00
05:55:40 PM       1     28.00      0.00     72.00      0.00      0.00      0.00
05:55:41 PM       1     16.16      0.00     83.84      0.00      0.00      0.00
Average:          1     21.27      0.00     78.73      0.00      0.00      0.00
