Linux 3.14.33-regular (node220-2) 	01/06/2017 	_x86_64_	(8 CPU)

09:13:28 PM     CPU     %user     %nice   %system   %iowait    %steal     %idle
09:13:29 PM       1     25.00      0.00     75.00      0.00      0.00      0.00
09:13:30 PM       1     20.00      0.00     80.00      0.00      0.00      0.00
09:13:31 PM       1     27.00      0.00     73.00      0.00      0.00      0.00
09:13:32 PM       1     23.00      0.00     77.00      0.00      0.00      0.00
09:13:33 PM       1     21.78      0.00     78.22      0.00      0.00      0.00
09:13:34 PM       1     21.21      0.00     78.79      0.00      0.00      0.00
09:13:35 PM       1     23.76      0.00     76.24      0.00      0.00      0.00
09:13:36 PM       1     19.00      0.00     81.00      0.00      0.00      0.00
09:13:37 PM       1     24.00      0.00     76.00      0.00      0.00      0.00
09:13:38 PM       1     24.00      0.00     76.00      0.00      0.00      0.00
09:13:39 PM       1     23.00      0.00     77.00      0.00      0.00      0.00
09:13:40 PM       1     17.17      0.00     82.83      0.00      0.00      0.00
09:13:41 PM       1     20.00      0.00     80.00      0.00      0.00      0.00
09:13:42 PM       1     24.75      0.00     75.25      0.00      0.00      0.00
09:13:43 PM       1     22.22      0.00     77.78      0.00      0.00      0.00
09:13:44 PM       1     20.00      0.00     80.00      0.00      0.00      0.00
09:13:45 PM       1     20.79      0.00     79.21      0.00      0.00      0.00
09:13:46 PM       1     25.00      0.00     75.00      0.00      0.00      0.00
09:13:47 PM       1     17.00      0.00     83.00      0.00      0.00      0.00
09:13:48 PM       1     24.00      0.00     76.00      0.00      0.00      0.00
Average:          1     22.14      0.00     77.86      0.00      0.00      0.00
