Linux 3.14.33-regular (node220-2) 	01/06/2017 	_x86_64_	(8 CPU)

04:51:57 PM     CPU     %user     %nice   %system   %iowait    %steal     %idle
04:51:58 PM       1     26.00      0.00     74.00      0.00      0.00      0.00
04:51:59 PM       1     18.00      0.00     82.00      0.00      0.00      0.00
04:52:00 PM       1     24.00      0.00     76.00      0.00      0.00      0.00
04:52:01 PM       1     21.00      0.00     79.00      0.00      0.00      0.00
04:52:02 PM       1     23.23      0.00     76.77      0.00      0.00      0.00
04:52:03 PM       1     22.77      0.00     77.23      0.00      0.00      0.00
04:52:04 PM       1     26.26      0.00     73.74      0.00      0.00      0.00
04:52:05 PM       1     26.73      0.00     73.27      0.00      0.00      0.00
04:52:06 PM       1     23.23      0.00     76.77      0.00      0.00      0.00
04:52:07 PM       1     25.00      0.00     75.00      0.00      0.00      0.00
04:52:08 PM       1     27.00      0.00     73.00      0.00      0.00      0.00
04:52:09 PM       1     30.00      0.00     70.00      0.00      0.00      0.00
04:52:10 PM       1     24.00      0.00     76.00      0.00      0.00      0.00
04:52:11 PM       1     22.77      0.00     77.23      0.00      0.00      0.00
04:52:12 PM       1     21.21      0.00     78.79      0.00      0.00      0.00
04:52:13 PM       1     24.00      0.00     76.00      0.00      0.00      0.00
04:52:14 PM       1     21.00      0.00     79.00      0.00      0.00      0.00
04:52:15 PM       1     23.00      0.00     77.00      0.00      0.00      0.00
04:52:16 PM       1     25.00      0.00     75.00      0.00      0.00      0.00
04:52:17 PM       1     23.00      0.00     77.00      0.00      0.00      0.00
Average:          1     23.86      0.00     76.14      0.00      0.00      0.00
