Linux 3.14.33-regular (node220-2) 	01/06/2017 	_x86_64_	(8 CPU)

10:07:20 PM     CPU     %user     %nice   %system   %iowait    %steal     %idle
10:07:21 PM       1     20.00      0.00     80.00      0.00      0.00      0.00
10:07:22 PM       1     24.24      0.00     75.76      0.00      0.00      0.00
10:07:23 PM       1     22.00      0.00     78.00      0.00      0.00      0.00
10:07:24 PM       1     23.76      0.00     76.24      0.00      0.00      0.00
10:07:25 PM       1     24.00      0.00     76.00      0.00      0.00      0.00
10:07:26 PM       1     22.00      0.00     78.00      0.00      0.00      0.00
10:07:27 PM       1     24.00      0.00     76.00      0.00      0.00      0.00
10:07:28 PM       1     25.00      0.00     75.00      0.00      0.00      0.00
10:07:29 PM       1     17.17      0.00     82.83      0.00      0.00      0.00
10:07:30 PM       1     21.00      0.00     79.00      0.00      0.00      0.00
10:07:31 PM       1     24.75      0.00     75.25      0.00      0.00      0.00
10:07:32 PM       1     23.23      0.00     76.77      0.00      0.00      0.00
10:07:33 PM       1     19.00      0.00     81.00      0.00      0.00      0.00
10:07:34 PM       1     21.00      0.00     79.00      0.00      0.00      0.00
10:07:35 PM       1     21.00      0.00     79.00      0.00      0.00      0.00
10:07:36 PM       1     20.00      0.00     80.00      0.00      0.00      0.00
10:07:37 PM       1     19.80      0.00     80.20      0.00      0.00      0.00
10:07:38 PM       1     18.18      0.00     81.82      0.00      0.00      0.00
10:07:39 PM       1     19.00      0.00     81.00      0.00      0.00      0.00
10:07:40 PM       1     20.00      0.00     80.00      0.00      0.00      0.00
Average:          1     21.46      0.00     78.54      0.00      0.00      0.00
