Linux 3.14.33-regular (node220-2) 	01/06/2017 	_x86_64_	(8 CPU)

09:46:09 PM     CPU     %user     %nice   %system   %iowait    %steal     %idle
09:46:10 PM       1     24.00      0.00     76.00      0.00      0.00      0.00
09:46:11 PM       1     25.00      0.00     75.00      0.00      0.00      0.00
09:46:12 PM       1     23.00      0.00     77.00      0.00      0.00      0.00
09:46:13 PM       1     21.00      0.00     79.00      0.00      0.00      0.00
09:46:14 PM       1     22.00      0.00     78.00      0.00      0.00      0.00
09:46:15 PM       1     24.75      0.00     75.25      0.00      0.00      0.00
09:46:16 PM       1     27.00      0.00     73.00      0.00      0.00      0.00
09:46:17 PM       1     23.00      0.00     77.00      0.00      0.00      0.00
09:46:18 PM       1     25.00      0.00     75.00      0.00      0.00      0.00
09:46:19 PM       1     26.00      0.00     74.00      0.00      0.00      0.00
09:46:20 PM       1     22.00      0.00     78.00      0.00      0.00      0.00
09:46:21 PM       1     25.25      0.00     74.75      0.00      0.00      0.00
09:46:22 PM       1     21.00      0.00     79.00      0.00      0.00      0.00
09:46:23 PM       1     20.79      0.00     79.21      0.00      0.00      0.00
09:46:24 PM       1     23.00      0.00     77.00      0.00      0.00      0.00
09:46:25 PM       1     21.00      0.00     79.00      0.00      0.00      0.00
09:46:26 PM       1     23.00      0.00     77.00      0.00      0.00      0.00
09:46:27 PM       1     24.00      0.00     76.00      0.00      0.00      0.00
09:46:28 PM       1     25.00      0.00     75.00      0.00      0.00      0.00
09:46:29 PM       1     19.00      0.00     81.00      0.00      0.00      0.00
Average:          1     23.24      0.00     76.76      0.00      0.00      0.00
