Linux 3.14.33-regular (node220-2) 	01/06/2017 	_x86_64_	(8 CPU)

09:25:40 PM     CPU     %user     %nice   %system   %iowait    %steal     %idle
09:25:41 PM       1     22.77      0.00     77.23      0.00      0.00      0.00
09:25:42 PM       1     24.00      0.00     76.00      0.00      0.00      0.00
09:25:43 PM       1     22.00      0.00     78.00      0.00      0.00      0.00
09:25:44 PM       1     25.00      0.00     75.00      0.00      0.00      0.00
09:25:45 PM       1     21.21      0.00     78.79      0.00      0.00      0.00
09:25:46 PM       1     21.78      0.00     78.22      0.00      0.00      0.00
09:25:47 PM       1     19.00      0.00     81.00      0.00      0.00      0.00
09:25:48 PM       1     21.21      0.00     78.79      0.00      0.00      0.00
09:25:49 PM       1     23.53      0.00     76.47      0.00      0.00      0.00
09:25:50 PM       1     24.24      0.00     75.76      0.00      0.00      0.00
09:25:51 PM       1     20.00      0.00     80.00      0.00      0.00      0.00
09:25:52 PM       1     24.00      0.00     76.00      0.00      0.00      0.00
09:25:53 PM       1     16.83      0.00     83.17      0.00      0.00      0.00
09:25:54 PM       1     26.00      0.00     74.00      0.00      0.00      0.00
09:25:55 PM       1     23.23      0.00     76.77      0.00      0.00      0.00
09:25:56 PM       1     21.00      0.00     79.00      0.00      0.00      0.00
09:25:57 PM       1     20.00      0.00     80.00      0.00      0.00      0.00
09:25:58 PM       1     28.00      0.00     72.00      0.00      0.00      0.00
09:25:59 PM       1     21.00      0.00     79.00      0.00      0.00      0.00
09:26:00 PM       1     19.00      0.00     81.00      0.00      0.00      0.00
Average:          1     22.19      0.00     77.81      0.00      0.00      0.00
