Linux 3.14.33-regular (node220-2) 	01/06/2017 	_x86_64_	(8 CPU)

10:25:54 PM     CPU     %user     %nice   %system   %iowait    %steal     %idle
10:25:55 PM       1     19.80      0.00     80.20      0.00      0.00      0.00
10:25:56 PM       1     27.00      0.00     73.00      0.00      0.00      0.00
10:25:57 PM       1     23.00      0.00     77.00      0.00      0.00      0.00
10:25:58 PM       1     21.00      0.00     79.00      0.00      0.00      0.00
10:25:59 PM       1     22.00      0.00     78.00      0.00      0.00      0.00
10:26:00 PM       1     20.20      0.00     79.80      0.00      0.00      0.00
10:26:01 PM       1     21.00      0.00     79.00      0.00      0.00      0.00
10:26:02 PM       1     21.78      0.00     78.22      0.00      0.00      0.00
10:26:03 PM       1     23.23      0.00     76.77      0.00      0.00      0.00
10:26:04 PM       1     22.77      0.00     77.23      0.00      0.00      0.00
10:26:05 PM       1     21.21      0.00     78.79      0.00      0.00      0.00
10:26:06 PM       1     24.00      0.00     76.00      0.00      0.00      0.00
10:26:07 PM       1     20.79      0.00     79.21      0.00      0.00      0.00
10:26:08 PM       1     23.23      0.00     76.77      0.00      0.00      0.00
10:26:09 PM       1     23.76      0.00     76.24      0.00      0.00      0.00
10:26:10 PM       1     25.00      0.00     75.00      0.00      0.00      0.00
10:26:11 PM       1     19.00      0.00     81.00      0.00      0.00      0.00
10:26:12 PM       1     25.00      0.00     75.00      0.00      0.00      0.00
10:26:13 PM       1     21.00      0.00     79.00      0.00      0.00      0.00
10:26:14 PM       1     21.00      0.00     79.00      0.00      0.00      0.00
Average:          1     22.29      0.00     77.71      0.00      0.00      0.00
