Linux 3.14.33-regular (node220-2) 	01/06/2017 	_x86_64_	(8 CPU)

05:38:02 PM     CPU     %user     %nice   %system   %iowait    %steal     %idle
05:38:03 PM       1     24.00      0.00     76.00      0.00      0.00      0.00
05:38:04 PM       1     21.00      0.00     79.00      0.00      0.00      0.00
05:38:05 PM       1     22.77      0.00     77.23      0.00      0.00      0.00
05:38:06 PM       1     24.24      0.00     75.76      0.00      0.00      0.00
05:38:07 PM       1     21.78      0.00     78.22      0.00      0.00      0.00
05:38:08 PM       1     16.16      0.00     83.84      0.00      0.00      0.00
05:38:09 PM       1     21.00      0.00     79.00      0.00      0.00      0.00
05:38:10 PM       1     23.00      0.00     77.00      0.00      0.00      0.00
05:38:11 PM       1     21.78      0.00     78.22      0.00      0.00      0.00
05:38:12 PM       1     20.20      0.00     79.80      0.00      0.00      0.00
05:38:13 PM       1     17.00      0.00     83.00      0.00      0.00      0.00
05:38:14 PM       1     17.00      0.00     83.00      0.00      0.00      0.00
05:38:15 PM       1     19.80      0.00     80.20      0.00      0.00      0.00
05:38:16 PM       1     18.18      0.00     81.82      0.00      0.00      0.00
05:38:17 PM       1     25.00      0.00     75.00      0.00      0.00      0.00
05:38:18 PM       1     23.00      0.00     77.00      0.00      0.00      0.00
05:38:19 PM       1     21.00      0.00     79.00      0.00      0.00      0.00
05:38:20 PM       1     27.00      0.00     73.00      0.00      0.00      0.00
05:38:21 PM       1     23.00      0.00     77.00      0.00      0.00      0.00
05:38:22 PM       1     21.00      0.00     79.00      0.00      0.00      0.00
Average:          1     21.40      0.00     78.60      0.00      0.00      0.00
