Linux 3.14.33-regular (node220-2) 	01/06/2017 	_x86_64_	(8 CPU)

08:23:27 PM     CPU     %user     %nice   %system   %iowait    %steal     %idle
08:23:28 PM       1     18.00      0.00     82.00      0.00      0.00      0.00
08:23:29 PM       1     20.00      0.00     80.00      0.00      0.00      0.00
08:23:30 PM       1     22.00      0.00     78.00      0.00      0.00      0.00
08:23:31 PM       1     20.00      0.00     80.00      0.00      0.00      0.00
08:23:32 PM       1     20.00      0.00     80.00      0.00      0.00      0.00
08:23:33 PM       1     22.00      0.00     78.00      0.00      0.00      0.00
08:23:34 PM       1     23.00      0.00     77.00      0.00      0.00      0.00
08:23:35 PM       1     21.00      0.00     79.00      0.00      0.00      0.00
08:23:36 PM       1     22.00      0.00     78.00      0.00      0.00      0.00
08:23:37 PM       1     22.00      0.00     78.00      0.00      0.00      0.00
08:23:38 PM       1     20.79      0.00     79.21      0.00      0.00      0.00
08:23:39 PM       1     20.20      0.00     79.80      0.00      0.00      0.00
08:23:40 PM       1     22.00      0.00     78.00      0.00      0.00      0.00
08:23:41 PM       1     23.00      0.00     77.00      0.00      0.00      0.00
08:23:42 PM       1     16.00      0.00     84.00      0.00      0.00      0.00
08:23:43 PM       1     19.80      0.00     80.20      0.00      0.00      0.00
08:23:44 PM       1     17.17      0.00     82.83      0.00      0.00      0.00
08:23:45 PM       1     20.79      0.00     79.21      0.00      0.00      0.00
08:23:46 PM       1     23.23      0.00     76.77      0.00      0.00      0.00
08:23:47 PM       1     23.00      0.00     77.00      0.00      0.00      0.00
Average:          1     20.80      0.00     79.20      0.00      0.00      0.00
