Linux 3.14.33-regular (node220-2) 	01/06/2017 	_x86_64_	(8 CPU)

04:34:04 PM     CPU     %user     %nice   %system   %iowait    %steal     %idle
04:34:05 PM       1     20.79      0.00     79.21      0.00      0.00      0.00
04:34:06 PM       1     24.00      0.00     76.00      0.00      0.00      0.00
04:34:07 PM       1     19.00      0.00     81.00      0.00      0.00      0.00
04:34:08 PM       1     19.00      0.00     81.00      0.00      0.00      0.00
04:34:09 PM       1     24.00      0.00     76.00      0.00      0.00      0.00
04:34:10 PM       1     25.00      0.00     75.00      0.00      0.00      0.00
04:34:11 PM       1     24.24      0.00     75.76      0.00      0.00      0.00
04:34:12 PM       1     18.81      0.00     81.19      0.00      0.00      0.00
04:34:13 PM       1     16.16      0.00     83.84      0.00      0.00      0.00
04:34:14 PM       1     29.70      0.00     70.30      0.00      0.00      0.00
04:34:15 PM       1     29.29      0.00     70.71      0.00      0.00      0.00
04:34:16 PM       1     19.00      0.00     81.00      0.00      0.00      0.00
04:34:17 PM       1     24.75      0.00     75.25      0.00      0.00      0.00
04:34:18 PM       1     27.27      0.00     72.73      0.00      0.00      0.00
04:34:19 PM       1     24.00      0.00     76.00      0.00      0.00      0.00
04:34:20 PM       1     20.00      0.00     80.00      0.00      0.00      0.00
04:34:21 PM       1     22.00      0.00     78.00      0.00      0.00      0.00
04:34:22 PM       1     21.00      0.00     79.00      0.00      0.00      0.00
04:34:23 PM       1     16.00      0.00     84.00      0.00      0.00      0.00
04:34:24 PM       1     20.79      0.00     79.21      0.00      0.00      0.00
Average:          1     22.24      0.00     77.76      0.00      0.00      0.00
