Linux 3.14.33-regular (node220-2) 	01/06/2017 	_x86_64_	(8 CPU)

06:49:12 PM     CPU     %user     %nice   %system   %iowait    %steal     %idle
06:49:13 PM       1     18.00      0.00     82.00      0.00      0.00      0.00
06:49:14 PM       1     23.00      0.00     77.00      0.00      0.00      0.00
06:49:15 PM       1     20.79      0.00     79.21      0.00      0.00      0.00
06:49:16 PM       1     19.19      0.00     80.81      0.00      0.00      0.00
06:49:17 PM       1     21.00      0.00     79.00      0.00      0.00      0.00
06:49:18 PM       1     21.00      0.00     79.00      0.00      0.00      0.00
06:49:19 PM       1     24.00      0.00     76.00      0.00      0.00      0.00
06:49:20 PM       1     21.00      0.00     79.00      0.00      0.00      0.00
06:49:21 PM       1     21.78      0.00     78.22      0.00      0.00      0.00
06:49:22 PM       1     20.00      0.00     80.00      0.00      0.00      0.00
06:49:23 PM       1     26.00      0.00     74.00      0.00      0.00      0.00
06:49:24 PM       1     21.00      0.00     79.00      0.00      0.00      0.00
06:49:25 PM       1     24.00      0.00     76.00      0.00      0.00      0.00
06:49:26 PM       1     18.18      0.00     81.82      0.00      0.00      0.00
06:49:27 PM       1     23.00      0.00     77.00      0.00      0.00      0.00
06:49:28 PM       1     22.00      0.00     78.00      0.00      0.00      0.00
06:49:29 PM       1     25.74      0.00     74.26      0.00      0.00      0.00
06:49:30 PM       1     21.21      0.00     78.79      0.00      0.00      0.00
06:49:31 PM       1     20.00      0.00     80.00      0.00      0.00      0.00
06:49:32 PM       1     23.00      0.00     77.00      0.00      0.00      0.00
Average:          1     21.70      0.00     78.30      0.00      0.00      0.00
