Linux 3.14.33-regular (node220-2) 	01/06/2017 	_x86_64_	(8 CPU)

05:46:23 PM     CPU     %user     %nice   %system   %iowait    %steal     %idle
05:46:24 PM       1     23.00      0.00     77.00      0.00      0.00      0.00
05:46:25 PM       1     21.00      0.00     79.00      0.00      0.00      0.00
05:46:26 PM       1     16.83      0.00     83.17      0.00      0.00      0.00
05:46:27 PM       1     25.25      0.00     74.75      0.00      0.00      0.00
05:46:28 PM       1     22.77      0.00     77.23      0.00      0.00      0.00
05:46:29 PM       1     21.21      0.00     78.79      0.00      0.00      0.00
05:46:30 PM       1     20.00      0.00     80.00      0.00      0.00      0.00
05:46:31 PM       1     23.76      0.00     76.24      0.00      0.00      0.00
05:46:32 PM       1     20.00      0.00     80.00      0.00      0.00      0.00
05:46:33 PM       1     20.00      0.00     80.00      0.00      0.00      0.00
05:46:34 PM       1     22.22      0.00     77.78      0.00      0.00      0.00
05:46:35 PM       1     24.00      0.00     76.00      0.00      0.00      0.00
05:46:36 PM       1     24.00      0.00     76.00      0.00      0.00      0.00
05:46:37 PM       1     27.00      0.00     73.00      0.00      0.00      0.00
05:46:38 PM       1     21.00      0.00     79.00      0.00      0.00      0.00
05:46:39 PM       1     26.00      0.00     74.00      0.00      0.00      0.00
05:46:40 PM       1     18.00      0.00     82.00      0.00      0.00      0.00
05:46:41 PM       1     24.00      0.00     76.00      0.00      0.00      0.00
05:46:42 PM       1     22.00      0.00     78.00      0.00      0.00      0.00
05:46:43 PM       1     21.00      0.00     79.00      0.00      0.00      0.00
Average:          1     22.15      0.00     77.85      0.00      0.00      0.00
