Linux 3.14.33-regular (node220-2) 	01/06/2017 	_x86_64_	(8 CPU)

06:01:43 PM     CPU     %user     %nice   %system   %iowait    %steal     %idle
06:01:44 PM       1     27.72      0.00     72.28      0.00      0.00      0.00
06:01:45 PM       1     23.23      0.00     76.77      0.00      0.00      0.00
06:01:46 PM       1     19.00      0.00     81.00      0.00      0.00      0.00
06:01:47 PM       1     24.00      0.00     76.00      0.00      0.00      0.00
06:01:48 PM       1     21.78      0.00     78.22      0.00      0.00      0.00
06:01:49 PM       1     24.24      0.00     75.76      0.00      0.00      0.00
06:01:50 PM       1     24.00      0.00     76.00      0.00      0.00      0.00
06:01:51 PM       1     23.00      0.00     77.00      0.00      0.00      0.00
06:01:52 PM       1     21.21      0.00     78.79      0.00      0.00      0.00
06:01:53 PM       1     19.80      0.00     80.20      0.00      0.00      0.00
06:01:54 PM       1     19.80      0.00     80.20      0.00      0.00      0.00
06:01:55 PM       1     23.00      0.00     77.00      0.00      0.00      0.00
06:01:56 PM       1     24.00      0.00     76.00      0.00      0.00      0.00
06:01:57 PM       1     21.21      0.00     78.79      0.00      0.00      0.00
06:01:58 PM       1     20.00      0.00     80.00      0.00      0.00      0.00
06:01:59 PM       1     22.00      0.00     78.00      0.00      0.00      0.00
06:02:00 PM       1     24.00      0.00     76.00      0.00      0.00      0.00
06:02:01 PM       1     18.00      0.00     82.00      0.00      0.00      0.00
06:02:02 PM       1     21.00      0.00     79.00      0.00      0.00      0.00
06:02:03 PM       1     21.00      0.00     79.00      0.00      0.00      0.00
Average:          1     22.10      0.00     77.90      0.00      0.00      0.00
