Linux 3.14.33-regular (node220-2) 	01/06/2017 	_x86_64_	(8 CPU)

01:04:28 PM     CPU     %user     %nice   %system   %iowait    %steal     %idle
01:04:29 PM       1     24.00      0.00     76.00      0.00      0.00      0.00
01:04:30 PM       1     21.00      0.00     79.00      0.00      0.00      0.00
01:04:31 PM       1     22.00      0.00     78.00      0.00      0.00      0.00
01:04:32 PM       1     25.25      0.00     74.75      0.00      0.00      0.00
01:04:33 PM       1     23.76      0.00     76.24      0.00      0.00      0.00
01:04:34 PM       1     24.24      0.00     75.76      0.00      0.00      0.00
01:04:35 PM       1     18.81      0.00     81.19      0.00      0.00      0.00
01:04:36 PM       1     20.20      0.00     79.80      0.00      0.00      0.00
01:04:37 PM       1     17.82      0.00     82.18      0.00      0.00      0.00
01:04:38 PM       1     26.00      0.00     74.00      0.00      0.00      0.00
01:04:39 PM       1     23.00      0.00     77.00      0.00      0.00      0.00
01:04:40 PM       1     24.00      0.00     76.00      0.00      0.00      0.00
01:04:41 PM       1     22.00      0.00     78.00      0.00      0.00      0.00
01:04:42 PM       1     22.00      0.00     78.00      0.00      0.00      0.00
01:04:43 PM       1     23.00      0.00     77.00      0.00      0.00      0.00
01:04:44 PM       1     21.00      0.00     79.00      0.00      0.00      0.00
01:04:45 PM       1     25.00      0.00     75.00      0.00      0.00      0.00
01:04:46 PM       1     21.00      0.00     79.00      0.00      0.00      0.00
01:04:47 PM       1     24.00      0.00     76.00      0.00      0.00      0.00
01:04:48 PM       1     24.00      0.00     76.00      0.00      0.00      0.00
Average:          1     22.60      0.00     77.40      0.00      0.00      0.00
