Linux 3.14.33-regular (node220-2) 	01/06/2017 	_x86_64_	(8 CPU)

06:43:24 PM     CPU     %user     %nice   %system   %iowait    %steal     %idle
06:43:25 PM       1     23.76      0.00     76.24      0.00      0.00      0.00
06:43:26 PM       1     25.00      0.00     75.00      0.00      0.00      0.00
06:43:27 PM       1     22.22      0.00     77.78      0.00      0.00      0.00
06:43:28 PM       1     21.78      0.00     78.22      0.00      0.00      0.00
06:43:29 PM       1     22.00      0.00     78.00      0.00      0.00      0.00
06:43:30 PM       1     23.23      0.00     76.77      0.00      0.00      0.00
06:43:31 PM       1     21.78      0.00     78.22      0.00      0.00      0.00
06:43:32 PM       1     19.19      0.00     80.81      0.00      0.00      0.00
06:43:33 PM       1     25.74      0.00     74.26      0.00      0.00      0.00
06:43:34 PM       1     20.00      0.00     80.00      0.00      0.00      0.00
06:43:35 PM       1     21.21      0.00     78.79      0.00      0.00      0.00
06:43:36 PM       1     22.00      0.00     78.00      0.00      0.00      0.00
06:43:37 PM       1     25.00      0.00     75.00      0.00      0.00      0.00
06:43:38 PM       1     23.00      0.00     77.00      0.00      0.00      0.00
06:43:39 PM       1     21.00      0.00     79.00      0.00      0.00      0.00
06:43:40 PM       1     21.00      0.00     79.00      0.00      0.00      0.00
06:43:41 PM       1     21.78      0.00     78.22      0.00      0.00      0.00
06:43:42 PM       1     21.21      0.00     78.79      0.00      0.00      0.00
06:43:43 PM       1     26.00      0.00     74.00      0.00      0.00      0.00
06:43:44 PM       1     22.77      0.00     77.23      0.00      0.00      0.00
Average:          1     22.49      0.00     77.51      0.00      0.00      0.00
