Linux 3.14.33-regular (node220-2) 	01/06/2017 	_x86_64_	(8 CPU)

07:01:22 PM     CPU     %user     %nice   %system   %iowait    %steal     %idle
07:01:23 PM       1     19.00      0.00     81.00      0.00      0.00      0.00
07:01:24 PM       1     21.78      0.00     78.22      0.00      0.00      0.00
07:01:25 PM       1     20.00      0.00     80.00      0.00      0.00      0.00
07:01:26 PM       1     22.00      0.00     78.00      0.00      0.00      0.00
07:01:27 PM       1     23.23      0.00     76.77      0.00      0.00      0.00
07:01:28 PM       1     25.00      0.00     75.00      0.00      0.00      0.00
07:01:29 PM       1     22.00      0.00     78.00      0.00      0.00      0.00
07:01:30 PM       1     23.00      0.00     77.00      0.00      0.00      0.00
07:01:31 PM       1     26.73      0.00     73.27      0.00      0.00      0.00
07:01:32 PM       1     26.00      0.00     74.00      0.00      0.00      0.00
07:01:33 PM       1     21.21      0.00     78.79      0.00      0.00      0.00
07:01:34 PM       1     26.00      0.00     74.00      0.00      0.00      0.00
07:01:35 PM       1     25.00      0.00     75.00      0.00      0.00      0.00
07:01:36 PM       1     19.80      0.00     80.20      0.00      0.00      0.00
07:01:37 PM       1     24.24      0.00     75.76      0.00      0.00      0.00
07:01:38 PM       1     25.00      0.00     75.00      0.00      0.00      0.00
07:01:39 PM       1     22.77      0.00     77.23      0.00      0.00      0.00
07:01:40 PM       1     23.23      0.00     76.77      0.00      0.00      0.00
07:01:41 PM       1     22.00      0.00     78.00      0.00      0.00      0.00
07:01:42 PM       1     22.00      0.00     78.00      0.00      0.00      0.00
Average:          1     23.00      0.00     77.00      0.00      0.00      0.00
