Linux 3.14.33-regular (node220-2) 	01/06/2017 	_x86_64_	(8 CPU)

09:19:14 PM     CPU     %user     %nice   %system   %iowait    %steal     %idle
09:19:15 PM       1     22.00      0.00     78.00      0.00      0.00      0.00
09:19:16 PM       1     20.20      0.00     79.80      0.00      0.00      0.00
09:19:17 PM       1     24.75      0.00     75.25      0.00      0.00      0.00
09:19:18 PM       1     20.00      0.00     80.00      0.00      0.00      0.00
09:19:19 PM       1     23.00      0.00     77.00      0.00      0.00      0.00
09:19:20 PM       1     20.20      0.00     79.80      0.00      0.00      0.00
09:19:21 PM       1     24.75      0.00     75.25      0.00      0.00      0.00
09:19:22 PM       1     20.20      0.00     79.80      0.00      0.00      0.00
09:19:23 PM       1     22.00      0.00     78.00      0.00      0.00      0.00
09:19:24 PM       1     20.00      0.00     80.00      0.00      0.00      0.00
09:19:25 PM       1     25.74      0.00     74.26      0.00      0.00      0.00
09:19:26 PM       1     25.00      0.00     75.00      0.00      0.00      0.00
09:19:27 PM       1     21.00      0.00     79.00      0.00      0.00      0.00
09:19:28 PM       1     19.00      0.00     81.00      0.00      0.00      0.00
09:19:29 PM       1     23.00      0.00     77.00      0.00      0.00      0.00
09:19:30 PM       1     19.19      0.00     80.81      0.00      0.00      0.00
09:19:31 PM       1     24.00      0.00     76.00      0.00      0.00      0.00
09:19:32 PM       1     24.75      0.00     75.25      0.00      0.00      0.00
09:19:33 PM       1     20.20      0.00     79.80      0.00      0.00      0.00
09:19:34 PM       1     23.00      0.00     77.00      0.00      0.00      0.00
Average:          1     22.11      0.00     77.89      0.00      0.00      0.00
