Linux 3.14.33-regular (node220-2) 	01/06/2017 	_x86_64_	(8 CPU)

08:48:28 PM     CPU     %user     %nice   %system   %iowait    %steal     %idle
08:48:29 PM       1     24.00      0.00     76.00      0.00      0.00      0.00
08:48:30 PM       1     23.00      0.00     77.00      0.00      0.00      0.00
08:48:31 PM       1     18.00      0.00     82.00      0.00      0.00      0.00
08:48:32 PM       1     19.00      0.00     81.00      0.00      0.00      0.00
08:48:33 PM       1     24.00      0.00     76.00      0.00      0.00      0.00
08:48:34 PM       1     28.00      0.00     72.00      0.00      0.00      0.00
08:48:35 PM       1     18.00      0.00     82.00      0.00      0.00      0.00
08:48:36 PM       1     22.00      0.00     78.00      0.00      0.00      0.00
08:48:37 PM       1     16.00      0.00     84.00      0.00      0.00      0.00
08:48:38 PM       1     26.00      0.00     74.00      0.00      0.00      0.00
08:48:39 PM       1     23.00      0.00     77.00      0.00      0.00      0.00
08:48:40 PM       1     25.00      0.00     75.00      0.00      0.00      0.00
08:48:41 PM       1     24.00      0.00     76.00      0.00      0.00      0.00
08:48:42 PM       1     26.00      0.00     74.00      0.00      0.00      0.00
08:48:43 PM       1     23.00      0.00     77.00      0.00      0.00      0.00
08:48:44 PM       1     16.00      0.00     84.00      0.00      0.00      0.00
08:48:45 PM       1     24.00      0.00     76.00      0.00      0.00      0.00
08:48:46 PM       1     20.00      0.00     80.00      0.00      0.00      0.00
08:48:47 PM       1     23.00      0.00     77.00      0.00      0.00      0.00
08:48:48 PM       1     21.00      0.00     79.00      0.00      0.00      0.00
Average:          1     22.15      0.00     77.85      0.00      0.00      0.00
