Linux 3.14.33-regular (node220-2) 	01/06/2017 	_x86_64_	(8 CPU)

08:18:58 PM     CPU     %user     %nice   %system   %iowait    %steal     %idle
08:18:59 PM       1     21.00      0.00     79.00      0.00      0.00      0.00
08:19:00 PM       1     24.24      0.00     75.76      0.00      0.00      0.00
08:19:01 PM       1     20.79      0.00     79.21      0.00      0.00      0.00
08:19:02 PM       1     19.19      0.00     80.81      0.00      0.00      0.00
08:19:03 PM       1     18.81      0.00     81.19      0.00      0.00      0.00
08:19:04 PM       1     21.21      0.00     78.79      0.00      0.00      0.00
08:19:05 PM       1     26.00      0.00     74.00      0.00      0.00      0.00
08:19:06 PM       1     21.78      0.00     78.22      0.00      0.00      0.00
08:19:07 PM       1     21.21      0.00     78.79      0.00      0.00      0.00
08:19:08 PM       1     25.00      0.00     75.00      0.00      0.00      0.00
08:19:09 PM       1     20.00      0.00     80.00      0.00      0.00      0.00
08:19:10 PM       1     21.00      0.00     79.00      0.00      0.00      0.00
08:19:11 PM       1     24.00      0.00     76.00      0.00      0.00      0.00
08:19:12 PM       1     21.00      0.00     79.00      0.00      0.00      0.00
08:19:13 PM       1     22.00      0.00     78.00      0.00      0.00      0.00
08:19:14 PM       1     23.00      0.00     77.00      0.00      0.00      0.00
08:19:15 PM       1     25.00      0.00     75.00      0.00      0.00      0.00
08:19:16 PM       1     19.80      0.00     80.20      0.00      0.00      0.00
08:19:17 PM       1     22.00      0.00     78.00      0.00      0.00      0.00
08:19:18 PM       1     21.21      0.00     78.79      0.00      0.00      0.00
Average:          1     21.91      0.00     78.09      0.00      0.00      0.00
