Linux 3.14.33-regular (node220-2) 	01/06/2017 	_x86_64_	(8 CPU)

03:53:07 PM     CPU     %user     %nice   %system   %iowait    %steal     %idle
03:53:08 PM       1     23.23      0.00     76.77      0.00      0.00      0.00
03:53:09 PM       1     17.00      0.00     83.00      0.00      0.00      0.00
03:53:10 PM       1     21.00      0.00     79.00      0.00      0.00      0.00
03:53:11 PM       1     22.00      0.00     78.00      0.00      0.00      0.00
03:53:12 PM       1     25.00      0.00     75.00      0.00      0.00      0.00
03:53:13 PM       1     21.00      0.00     79.00      0.00      0.00      0.00
03:53:14 PM       1     23.00      0.00     77.00      0.00      0.00      0.00
03:53:15 PM       1     21.00      0.00     79.00      0.00      0.00      0.00
03:53:16 PM       1     21.00      0.00     79.00      0.00      0.00      0.00
03:53:17 PM       1     24.00      0.00     76.00      0.00      0.00      0.00
03:53:18 PM       1     22.00      0.00     78.00      0.00      0.00      0.00
03:53:19 PM       1     24.00      0.00     76.00      0.00      0.00      0.00
03:53:20 PM       1     24.00      0.00     76.00      0.00      0.00      0.00
03:53:21 PM       1     23.00      0.00     77.00      0.00      0.00      0.00
03:53:22 PM       1     18.00      0.00     82.00      0.00      0.00      0.00
03:53:23 PM       1     22.00      0.00     78.00      0.00      0.00      0.00
03:53:24 PM       1     21.78      0.00     78.22      0.00      0.00      0.00
03:53:25 PM       1     17.00      0.00     83.00      0.00      0.00      0.00
03:53:26 PM       1     22.22      0.00     77.78      0.00      0.00      0.00
03:53:27 PM       1     21.00      0.00     79.00      0.00      0.00      0.00
Average:          1     21.66      0.00     78.34      0.00      0.00      0.00
