Linux 3.14.33-regular (node220-2) 	01/06/2017 	_x86_64_	(8 CPU)

05:16:54 PM     CPU     %user     %nice   %system   %iowait    %steal     %idle
05:16:55 PM       1     24.00      0.00     76.00      0.00      0.00      0.00
05:16:56 PM       1     27.00      0.00     73.00      0.00      0.00      0.00
05:16:57 PM       1     21.00      0.00     79.00      0.00      0.00      0.00
05:16:58 PM       1     24.00      0.00     76.00      0.00      0.00      0.00
05:16:59 PM       1     21.00      0.00     79.00      0.00      0.00      0.00
05:17:00 PM       1     23.23      0.00     76.77      0.00      0.00      0.00
05:17:01 PM       1     24.00      0.00     76.00      0.00      0.00      0.00
05:17:02 PM       1     22.77      0.00     77.23      0.00      0.00      0.00
05:17:03 PM       1     22.00      0.00     78.00      0.00      0.00      0.00
05:17:04 PM       1     20.20      0.00     79.80      0.00      0.00      0.00
05:17:05 PM       1     21.78      0.00     78.22      0.00      0.00      0.00
05:17:06 PM       1     25.00      0.00     75.00      0.00      0.00      0.00
05:17:07 PM       1     20.00      0.00     80.00      0.00      0.00      0.00
05:17:08 PM       1     20.00      0.00     80.00      0.00      0.00      0.00
05:17:09 PM       1     25.00      0.00     75.00      0.00      0.00      0.00
05:17:10 PM       1     18.00      0.00     82.00      0.00      0.00      0.00
05:17:11 PM       1     22.00      0.00     78.00      0.00      0.00      0.00
05:17:12 PM       1     24.00      0.00     76.00      0.00      0.00      0.00
05:17:13 PM       1     22.00      0.00     78.00      0.00      0.00      0.00
05:17:14 PM       1     20.20      0.00     79.80      0.00      0.00      0.00
Average:          1     22.36      0.00     77.64      0.00      0.00      0.00
