Linux 3.14.33-regular (node220-2) 	01/06/2017 	_x86_64_	(8 CPU)

07:18:44 PM     CPU     %user     %nice   %system   %iowait    %steal     %idle
07:18:45 PM       1     24.00      0.00     76.00      0.00      0.00      0.00
07:18:46 PM       1     24.00      0.00     76.00      0.00      0.00      0.00
07:18:47 PM       1     20.00      0.00     80.00      0.00      0.00      0.00
07:18:48 PM       1     18.18      0.00     81.82      0.00      0.00      0.00
07:18:49 PM       1     22.00      0.00     78.00      0.00      0.00      0.00
07:18:50 PM       1     18.00      0.00     82.00      0.00      0.00      0.00
07:18:51 PM       1     25.00      0.00     75.00      0.00      0.00      0.00
07:18:52 PM       1     21.00      0.00     79.00      0.00      0.00      0.00
07:18:53 PM       1     18.00      0.00     82.00      0.00      0.00      0.00
07:18:54 PM       1     24.00      0.00     76.00      0.00      0.00      0.00
07:18:55 PM       1     25.00      0.00     75.00      0.00      0.00      0.00
07:18:56 PM       1     21.78      0.00     78.22      0.00      0.00      0.00
07:18:57 PM       1     22.00      0.00     78.00      0.00      0.00      0.00
07:18:58 PM       1     23.00      0.00     77.00      0.00      0.00      0.00
07:18:59 PM       1     22.00      0.00     78.00      0.00      0.00      0.00
07:19:00 PM       1     22.00      0.00     78.00      0.00      0.00      0.00
07:19:01 PM       1     22.22      0.00     77.78      0.00      0.00      0.00
07:19:02 PM       1     26.00      0.00     74.00      0.00      0.00      0.00
07:19:03 PM       1     22.77      0.00     77.23      0.00      0.00      0.00
07:19:04 PM       1     22.22      0.00     77.78      0.00      0.00      0.00
Average:          1     22.16      0.00     77.84      0.00      0.00      0.00
