Linux 3.14.33-regular (node220-2) 	01/06/2017 	_x86_64_	(8 CPU)

04:14:51 PM     CPU     %user     %nice   %system   %iowait    %steal     %idle
04:14:52 PM       1     22.00      0.00     78.00      0.00      0.00      0.00
04:14:53 PM       1     21.00      0.00     79.00      0.00      0.00      0.00
04:14:54 PM       1     21.00      0.00     79.00      0.00      0.00      0.00
04:14:55 PM       1     20.00      0.00     80.00      0.00      0.00      0.00
04:14:56 PM       1     26.00      0.00     74.00      0.00      0.00      0.00
04:14:57 PM       1     19.00      0.00     81.00      0.00      0.00      0.00
04:14:58 PM       1     24.24      0.00     75.76      0.00      0.00      0.00
04:14:59 PM       1     21.78      0.00     78.22      0.00      0.00      0.00
04:15:00 PM       1     17.00      0.00     83.00      0.00      0.00      0.00
04:15:01 PM       1     21.78      0.00     78.22      0.00      0.00      0.00
04:15:02 PM       1     19.19      0.00     80.81      0.00      0.00      0.00
04:15:03 PM       1     20.00      0.00     80.00      0.00      0.00      0.00
04:15:04 PM       1     23.00      0.00     77.00      0.00      0.00      0.00
04:15:05 PM       1     19.00      0.00     81.00      0.00      0.00      0.00
04:15:06 PM       1     24.00      0.00     76.00      0.00      0.00      0.00
04:15:07 PM       1     23.00      0.00     77.00      0.00      0.00      0.00
04:15:08 PM       1     23.00      0.00     77.00      0.00      0.00      0.00
04:15:09 PM       1     19.00      0.00     81.00      0.00      0.00      0.00
04:15:10 PM       1     22.00      0.00     78.00      0.00      0.00      0.00
04:15:11 PM       1     22.22      0.00     77.78      0.00      0.00      0.00
Average:          1     21.41      0.00     78.59      0.00      0.00      0.00
