Linux 3.14.33-regular (node220-2) 	01/06/2017 	_x86_64_	(8 CPU)

12:59:57 PM     CPU     %user     %nice   %system   %iowait    %steal     %idle
12:59:58 PM       1     20.20      0.00     79.80      0.00      0.00      0.00
12:59:59 PM       1     23.00      0.00     77.00      0.00      0.00      0.00
01:00:00 PM       1     20.00      0.00     80.00      0.00      0.00      0.00
01:00:01 PM       1     23.00      0.00     77.00      0.00      0.00      0.00
01:00:02 PM       1     22.00      0.00     78.00      0.00      0.00      0.00
01:00:03 PM       1     22.77      0.00     77.23      0.00      0.00      0.00
01:00:04 PM       1     19.19      0.00     80.81      0.00      0.00      0.00
01:00:05 PM       1     22.00      0.00     78.00      0.00      0.00      0.00
01:00:06 PM       1     21.00      0.00     79.00      0.00      0.00      0.00
01:00:07 PM       1     16.83      0.00     83.17      0.00      0.00      0.00
01:00:08 PM       1     21.21      0.00     78.79      0.00      0.00      0.00
01:00:09 PM       1     20.79      0.00     79.21      0.00      0.00      0.00
01:00:10 PM       1     23.00      0.00     77.00      0.00      0.00      0.00
01:00:11 PM       1     20.00      0.00     80.00      0.00      0.00      0.00
01:00:12 PM       1     20.00      0.00     80.00      0.00      0.00      0.00
01:00:13 PM       1     25.00      0.00     75.00      0.00      0.00      0.00
01:00:14 PM       1     24.00      0.00     76.00      0.00      0.00      0.00
01:00:15 PM       1     20.00      0.00     80.00      0.00      0.00      0.00
01:00:16 PM       1     23.00      0.00     77.00      0.00      0.00      0.00
01:00:17 PM       1     21.00      0.00     79.00      0.00      0.00      0.00
Average:          1     21.40      0.00     78.60      0.00      0.00      0.00
