Linux 3.14.33-regular (node220-2) 	01/06/2017 	_x86_64_	(8 CPU)

07:15:32 PM     CPU     %user     %nice   %system   %iowait    %steal     %idle
07:15:33 PM       1     18.18      0.00     81.82      0.00      0.00      0.00
07:15:34 PM       1     20.79      0.00     79.21      0.00      0.00      0.00
07:15:35 PM       1     23.23      0.00     76.77      0.00      0.00      0.00
07:15:36 PM       1     26.00      0.00     74.00      0.00      0.00      0.00
07:15:37 PM       1     18.81      0.00     81.19      0.00      0.00      0.00
07:15:38 PM       1     21.00      0.00     79.00      0.00      0.00      0.00
07:15:39 PM       1     24.00      0.00     76.00      0.00      0.00      0.00
07:15:40 PM       1     26.00      0.00     74.00      0.00      0.00      0.00
07:15:41 PM       1     24.75      0.00     75.25      0.00      0.00      0.00
07:15:42 PM       1     24.24      0.00     75.76      0.00      0.00      0.00
07:15:43 PM       1     21.00      0.00     79.00      0.00      0.00      0.00
07:15:44 PM       1     24.00      0.00     76.00      0.00      0.00      0.00
07:15:45 PM       1     20.00      0.00     80.00      0.00      0.00      0.00
07:15:46 PM       1     24.00      0.00     76.00      0.00      0.00      0.00
07:15:47 PM       1     26.00      0.00     74.00      0.00      0.00      0.00
07:15:48 PM       1     22.00      0.00     78.00      0.00      0.00      0.00
07:15:49 PM       1     26.00      0.00     74.00      0.00      0.00      0.00
07:15:50 PM       1     24.00      0.00     76.00      0.00      0.00      0.00
07:15:51 PM       1     22.00      0.00     78.00      0.00      0.00      0.00
07:15:52 PM       1     22.00      0.00     78.00      0.00      0.00      0.00
Average:          1     22.90      0.00     77.10      0.00      0.00      0.00
