Linux 3.14.33-regular (node220-2) 	01/06/2017 	_x86_64_	(8 CPU)

02:13:46 PM     CPU     %user     %nice   %system   %iowait    %steal     %idle
02:13:47 PM       1     23.00      0.00     77.00      0.00      0.00      0.00
02:13:48 PM       1     19.80      0.00     80.20      0.00      0.00      0.00
02:13:49 PM       1     22.00      0.00     78.00      0.00      0.00      0.00
02:13:50 PM       1     17.00      0.00     83.00      0.00      0.00      0.00
02:13:51 PM       1     22.22      0.00     77.78      0.00      0.00      0.00
02:13:52 PM       1     24.75      0.00     75.25      0.00      0.00      0.00
02:13:53 PM       1     20.00      0.00     80.00      0.00      0.00      0.00
02:13:54 PM       1     27.27      0.00     72.73      0.00      0.00      0.00
02:13:55 PM       1     17.82      0.00     82.18      0.00      0.00      0.00
02:13:56 PM       1     25.00      0.00     75.00      0.00      0.00      0.00
02:13:57 PM       1     21.21      0.00     78.79      0.00      0.00      0.00
02:13:58 PM       1     20.79      0.00     79.21      0.00      0.00      0.00
02:13:59 PM       1     19.19      0.00     80.81      0.00      0.00      0.00
02:14:00 PM       1     24.00      0.00     76.00      0.00      0.00      0.00
02:14:01 PM       1     26.00      0.00     74.00      0.00      0.00      0.00
02:14:02 PM       1     23.00      0.00     77.00      0.00      0.00      0.00
02:14:03 PM       1     23.76      0.00     76.24      0.00      0.00      0.00
02:14:04 PM       1     19.00      0.00     81.00      0.00      0.00      0.00
02:14:05 PM       1     20.00      0.00     80.00      0.00      0.00      0.00
02:14:06 PM       1     22.00      0.00     78.00      0.00      0.00      0.00
Average:          1     21.89      0.00     78.11      0.00      0.00      0.00
