Linux 3.14.33-regular (node220-2) 	01/06/2017 	_x86_64_	(8 CPU)

10:14:22 PM     CPU     %user     %nice   %system   %iowait    %steal     %idle
10:14:23 PM       1     20.79      0.00     79.21      0.00      0.00      0.00
10:14:24 PM       1     22.22      0.00     77.78      0.00      0.00      0.00
10:14:25 PM       1     18.00      0.00     82.00      0.00      0.00      0.00
10:14:26 PM       1     21.78      0.00     78.22      0.00      0.00      0.00
10:14:27 PM       1     20.00      0.00     80.00      0.00      0.00      0.00
10:14:28 PM       1     20.20      0.00     79.80      0.00      0.00      0.00
10:14:29 PM       1     22.00      0.00     78.00      0.00      0.00      0.00
10:14:30 PM       1     23.76      0.00     76.24      0.00      0.00      0.00
10:14:31 PM       1     24.24      0.00     75.76      0.00      0.00      0.00
10:14:32 PM       1     20.00      0.00     80.00      0.00      0.00      0.00
10:14:33 PM       1     22.00      0.00     78.00      0.00      0.00      0.00
10:14:34 PM       1     24.24      0.00     75.76      0.00      0.00      0.00
10:14:35 PM       1     20.79      0.00     79.21      0.00      0.00      0.00
10:14:36 PM       1     21.00      0.00     79.00      0.00      0.00      0.00
10:14:37 PM       1     20.00      0.00     80.00      0.00      0.00      0.00
10:14:38 PM       1     26.00      0.00     74.00      0.00      0.00      0.00
10:14:39 PM       1     24.24      0.00     75.76      0.00      0.00      0.00
10:14:40 PM       1     18.81      0.00     81.19      0.00      0.00      0.00
10:14:41 PM       1     20.00      0.00     80.00      0.00      0.00      0.00
10:14:42 PM       1     23.00      0.00     77.00      0.00      0.00      0.00
Average:          1     21.65      0.00     78.35      0.00      0.00      0.00
