Linux 3.14.33-regular (node220-2) 	01/06/2017 	_x86_64_	(8 CPU)

07:36:39 PM     CPU     %user     %nice   %system   %iowait    %steal     %idle
07:36:40 PM       1     25.00      0.00     75.00      0.00      0.00      0.00
07:36:41 PM       1     24.00      0.00     76.00      0.00      0.00      0.00
07:36:42 PM       1     24.00      0.00     76.00      0.00      0.00      0.00
07:36:43 PM       1     24.00      0.00     76.00      0.00      0.00      0.00
07:36:44 PM       1     25.25      0.00     74.75      0.00      0.00      0.00
07:36:45 PM       1     22.77      0.00     77.23      0.00      0.00      0.00
07:36:46 PM       1     22.22      0.00     77.78      0.00      0.00      0.00
07:36:47 PM       1     23.76      0.00     76.24      0.00      0.00      0.00
07:36:48 PM       1     18.00      0.00     82.00      0.00      0.00      0.00
07:36:49 PM       1     23.00      0.00     77.00      0.00      0.00      0.00
07:36:50 PM       1     22.00      0.00     78.00      0.00      0.00      0.00
07:36:51 PM       1     27.00      0.00     73.00      0.00      0.00      0.00
07:36:52 PM       1     20.20      0.00     79.80      0.00      0.00      0.00
07:36:53 PM       1     18.81      0.00     81.19      0.00      0.00      0.00
07:36:54 PM       1     17.00      0.00     83.00      0.00      0.00      0.00
07:36:55 PM       1     22.00      0.00     78.00      0.00      0.00      0.00
07:36:56 PM       1     22.00      0.00     78.00      0.00      0.00      0.00
07:36:57 PM       1     24.00      0.00     76.00      0.00      0.00      0.00
07:36:58 PM       1     20.00      0.00     80.00      0.00      0.00      0.00
07:36:59 PM       1     22.00      0.00     78.00      0.00      0.00      0.00
Average:          1     22.35      0.00     77.65      0.00      0.00      0.00
