Linux 3.14.33-regular (node220-2) 	01/06/2017 	_x86_64_	(8 CPU)

09:37:47 PM     CPU     %user     %nice   %system   %iowait    %steal     %idle
09:37:48 PM       1     25.00      0.00     75.00      0.00      0.00      0.00
09:37:49 PM       1     25.74      0.00     74.26      0.00      0.00      0.00
09:37:50 PM       1     22.22      0.00     77.78      0.00      0.00      0.00
09:37:51 PM       1     24.00      0.00     76.00      0.00      0.00      0.00
09:37:52 PM       1     21.00      0.00     79.00      0.00      0.00      0.00
09:37:53 PM       1     30.69      0.00     69.31      0.00      0.00      0.00
09:37:54 PM       1     22.22      0.00     77.78      0.00      0.00      0.00
09:37:55 PM       1     18.00      0.00     82.00      0.00      0.00      0.00
09:37:56 PM       1     27.00      0.00     73.00      0.00      0.00      0.00
09:37:57 PM       1     21.00      0.00     79.00      0.00      0.00      0.00
09:37:58 PM       1     19.80      0.00     80.20      0.00      0.00      0.00
09:37:59 PM       1     18.18      0.00     81.82      0.00      0.00      0.00
09:38:00 PM       1     22.00      0.00     78.00      0.00      0.00      0.00
09:38:01 PM       1     24.00      0.00     76.00      0.00      0.00      0.00
09:38:02 PM       1     18.00      0.00     82.00      0.00      0.00      0.00
09:38:03 PM       1     21.78      0.00     78.22      0.00      0.00      0.00
09:38:04 PM       1     26.26      0.00     73.74      0.00      0.00      0.00
09:38:05 PM       1     25.00      0.00     75.00      0.00      0.00      0.00
09:38:06 PM       1     22.77      0.00     77.23      0.00      0.00      0.00
09:38:07 PM       1     23.23      0.00     76.77      0.00      0.00      0.00
Average:          1     22.90      0.00     77.10      0.00      0.00      0.00
