Linux 3.14.33-regular (node220-2) 	01/06/2017 	_x86_64_	(8 CPU)

05:54:42 PM     CPU     %user     %nice   %system   %iowait    %steal     %idle
05:54:43 PM       1     19.80      0.00     80.20      0.00      0.00      0.00
05:54:44 PM       1     26.00      0.00     74.00      0.00      0.00      0.00
05:54:45 PM       1     23.00      0.00     77.00      0.00      0.00      0.00
05:54:46 PM       1     25.00      0.00     75.00      0.00      0.00      0.00
05:54:47 PM       1     20.00      0.00     80.00      0.00      0.00      0.00
05:54:48 PM       1     19.19      0.00     80.81      0.00      0.00      0.00
05:54:49 PM       1     24.00      0.00     76.00      0.00      0.00      0.00
05:54:50 PM       1     24.75      0.00     75.25      0.00      0.00      0.00
05:54:51 PM       1     20.20      0.00     79.80      0.00      0.00      0.00
05:54:52 PM       1     23.00      0.00     77.00      0.00      0.00      0.00
05:54:53 PM       1     20.79      0.00     79.21      0.00      0.00      0.00
05:54:54 PM       1     24.49      0.00     75.51      0.00      0.00      0.00
05:54:55 PM       1     22.77      0.00     77.23      0.00      0.00      0.00
05:54:56 PM       1     21.78      0.00     78.22      0.00      0.00      0.00
05:54:57 PM       1     20.20      0.00     79.80      0.00      0.00      0.00
05:54:58 PM       1     21.78      0.00     78.22      0.00      0.00      0.00
05:54:59 PM       1     26.26      0.00     73.74      0.00      0.00      0.00
05:55:00 PM       1     22.00      0.00     78.00      0.00      0.00      0.00
05:55:01 PM       1     20.00      0.00     80.00      0.00      0.00      0.00
05:55:02 PM       1     19.00      0.00     81.00      0.00      0.00      0.00
Average:          1     22.20      0.00     77.80      0.00      0.00      0.00
