Linux 3.14.33-regular (node220-2) 	01/06/2017 	_x86_64_	(8 CPU)

07:25:47 PM     CPU     %user     %nice   %system   %iowait    %steal     %idle
07:25:48 PM       1     24.00      0.00     76.00      0.00      0.00      0.00
07:25:49 PM       1     21.00      0.00     79.00      0.00      0.00      0.00
07:25:50 PM       1     21.00      0.00     79.00      0.00      0.00      0.00
07:25:51 PM       1     24.24      0.00     75.76      0.00      0.00      0.00
07:25:52 PM       1     23.00      0.00     77.00      0.00      0.00      0.00
07:25:53 PM       1     25.74      0.00     74.26      0.00      0.00      0.00
07:25:54 PM       1     21.00      0.00     79.00      0.00      0.00      0.00
07:25:55 PM       1     24.24      0.00     75.76      0.00      0.00      0.00
07:25:56 PM       1     19.80      0.00     80.20      0.00      0.00      0.00
07:25:57 PM       1     18.00      0.00     82.00      0.00      0.00      0.00
07:25:58 PM       1     23.00      0.00     77.00      0.00      0.00      0.00
07:25:59 PM       1     16.00      0.00     84.00      0.00      0.00      0.00
07:26:00 PM       1     20.20      0.00     79.80      0.00      0.00      0.00
07:26:01 PM       1     24.00      0.00     76.00      0.00      0.00      0.00
07:26:02 PM       1     24.75      0.00     75.25      0.00      0.00      0.00
07:26:03 PM       1     21.00      0.00     79.00      0.00      0.00      0.00
07:26:04 PM       1     23.00      0.00     77.00      0.00      0.00      0.00
07:26:05 PM       1     24.24      0.00     75.76      0.00      0.00      0.00
07:26:06 PM       1     23.00      0.00     77.00      0.00      0.00      0.00
07:26:07 PM       1     20.79      0.00     79.21      0.00      0.00      0.00
Average:          1     22.10      0.00     77.90      0.00      0.00      0.00
