Linux 3.14.33-regular (node220-2) 	01/06/2017 	_x86_64_	(8 CPU)

07:16:48 PM     CPU     %user     %nice   %system   %iowait    %steal     %idle
07:16:49 PM       1     22.77      0.00     77.23      0.00      0.00      0.00
07:16:50 PM       1     23.23      0.00     76.77      0.00      0.00      0.00
07:16:51 PM       1     21.78      0.00     78.22      0.00      0.00      0.00
07:16:52 PM       1     25.00      0.00     75.00      0.00      0.00      0.00
07:16:53 PM       1     19.00      0.00     81.00      0.00      0.00      0.00
07:16:54 PM       1     23.00      0.00     77.00      0.00      0.00      0.00
07:16:55 PM       1     22.00      0.00     78.00      0.00      0.00      0.00
07:16:56 PM       1     23.00      0.00     77.00      0.00      0.00      0.00
07:16:57 PM       1     17.00      0.00     83.00      0.00      0.00      0.00
07:16:58 PM       1     21.21      0.00     78.79      0.00      0.00      0.00
07:16:59 PM       1     25.74      0.00     74.26      0.00      0.00      0.00
07:17:00 PM       1     21.00      0.00     79.00      0.00      0.00      0.00
07:17:01 PM       1     26.00      0.00     74.00      0.00      0.00      0.00
07:17:02 PM       1     21.00      0.00     79.00      0.00      0.00      0.00
07:17:03 PM       1     24.24      0.00     75.76      0.00      0.00      0.00
07:17:04 PM       1     23.00      0.00     77.00      0.00      0.00      0.00
07:17:05 PM       1     25.00      0.00     75.00      0.00      0.00      0.00
07:17:06 PM       1     21.78      0.00     78.22      0.00      0.00      0.00
07:17:07 PM       1     22.00      0.00     78.00      0.00      0.00      0.00
07:17:08 PM       1     22.00      0.00     78.00      0.00      0.00      0.00
Average:          1     22.49      0.00     77.51      0.00      0.00      0.00
