Linux 3.14.33-regular (node220-2) 	01/06/2017 	_x86_64_	(8 CPU)

04:25:05 PM     CPU     %user     %nice   %system   %iowait    %steal     %idle
04:25:06 PM       1     23.00      0.00     77.00      0.00      0.00      0.00
04:25:07 PM       1     20.79      0.00     79.21      0.00      0.00      0.00
04:25:08 PM       1     23.00      0.00     77.00      0.00      0.00      0.00
04:25:09 PM       1     22.00      0.00     78.00      0.00      0.00      0.00
04:25:10 PM       1     22.00      0.00     78.00      0.00      0.00      0.00
04:25:11 PM       1     19.19      0.00     80.81      0.00      0.00      0.00
04:25:12 PM       1     22.77      0.00     77.23      0.00      0.00      0.00
04:25:13 PM       1     20.20      0.00     79.80      0.00      0.00      0.00
04:25:14 PM       1     23.76      0.00     76.24      0.00      0.00      0.00
04:25:15 PM       1     21.00      0.00     79.00      0.00      0.00      0.00
04:25:16 PM       1     21.21      0.00     78.79      0.00      0.00      0.00
04:25:17 PM       1     24.00      0.00     76.00      0.00      0.00      0.00
04:25:18 PM       1     19.80      0.00     80.20      0.00      0.00      0.00
04:25:19 PM       1     25.00      0.00     75.00      0.00      0.00      0.00
04:25:20 PM       1     23.00      0.00     77.00      0.00      0.00      0.00
04:25:21 PM       1     17.17      0.00     82.83      0.00      0.00      0.00
04:25:22 PM       1     19.00      0.00     81.00      0.00      0.00      0.00
04:25:23 PM       1     22.00      0.00     78.00      0.00      0.00      0.00
04:25:24 PM       1     24.00      0.00     76.00      0.00      0.00      0.00
04:25:25 PM       1     24.00      0.00     76.00      0.00      0.00      0.00
Average:          1     21.85      0.00     78.15      0.00      0.00      0.00
