Linux 3.14.33-regular (node220-2) 	01/06/2017 	_x86_64_	(8 CPU)

10:06:04 PM     CPU     %user     %nice   %system   %iowait    %steal     %idle
10:06:05 PM       1     24.24      0.00     75.76      0.00      0.00      0.00
10:06:06 PM       1     27.72      0.00     72.28      0.00      0.00      0.00
10:06:07 PM       1     21.00      0.00     79.00      0.00      0.00      0.00
10:06:08 PM       1     14.00      0.00     86.00      0.00      0.00      0.00
10:06:09 PM       1     20.00      0.00     80.00      0.00      0.00      0.00
10:06:10 PM       1     28.00      0.00     72.00      0.00      0.00      0.00
10:06:11 PM       1     25.00      0.00     75.00      0.00      0.00      0.00
10:06:12 PM       1     26.00      0.00     74.00      0.00      0.00      0.00
10:06:13 PM       1     26.00      0.00     74.00      0.00      0.00      0.00
10:06:14 PM       1     26.00      0.00     74.00      0.00      0.00      0.00
10:06:15 PM       1     22.00      0.00     78.00      0.00      0.00      0.00
10:06:16 PM       1     22.00      0.00     78.00      0.00      0.00      0.00
10:06:17 PM       1     19.00      0.00     81.00      0.00      0.00      0.00
10:06:18 PM       1     23.00      0.00     77.00      0.00      0.00      0.00
10:06:19 PM       1     17.00      0.00     83.00      0.00      0.00      0.00
10:06:20 PM       1     21.00      0.00     79.00      0.00      0.00      0.00
10:06:21 PM       1     22.00      0.00     78.00      0.00      0.00      0.00
10:06:22 PM       1     16.00      0.00     84.00      0.00      0.00      0.00
10:06:23 PM       1     20.00      0.00     80.00      0.00      0.00      0.00
10:06:24 PM       1     21.00      0.00     79.00      0.00      0.00      0.00
Average:          1     22.05      0.00     77.95      0.00      0.00      0.00
