Linux 3.14.33-regular (node220-2) 	01/06/2017 	_x86_64_	(8 CPU)

01:35:17 PM     CPU     %user     %nice   %system   %iowait    %steal     %idle
01:35:18 PM       1     25.74      0.00     74.26      0.00      0.00      0.00
01:35:19 PM       1     24.24      0.00     75.76      0.00      0.00      0.00
01:35:20 PM       1     17.82      0.00     82.18      0.00      0.00      0.00
01:35:21 PM       1     22.00      0.00     78.00      0.00      0.00      0.00
01:35:22 PM       1     22.22      0.00     77.78      0.00      0.00      0.00
01:35:23 PM       1     17.82      0.00     82.18      0.00      0.00      0.00
01:35:24 PM       1     19.19      0.00     80.81      0.00      0.00      0.00
01:35:25 PM       1     22.77      0.00     77.23      0.00      0.00      0.00
01:35:26 PM       1     21.21      0.00     78.79      0.00      0.00      0.00
01:35:27 PM       1     15.00      0.00     85.00      0.00      0.00      0.00
01:35:28 PM       1     23.00      0.00     77.00      0.00      0.00      0.00
01:35:29 PM       1     23.00      0.00     77.00      0.00      0.00      0.00
01:35:30 PM       1     21.00      0.00     79.00      0.00      0.00      0.00
01:35:31 PM       1     24.00      0.00     76.00      0.00      0.00      0.00
01:35:32 PM       1     22.00      0.00     78.00      0.00      0.00      0.00
01:35:33 PM       1     24.00      0.00     76.00      0.00      0.00      0.00
01:35:34 PM       1     25.00      0.00     75.00      0.00      0.00      0.00
01:35:35 PM       1     22.22      0.00     77.78      0.00      0.00      0.00
01:35:36 PM       1     22.77      0.00     77.23      0.00      0.00      0.00
01:35:37 PM       1     25.25      0.00     74.75      0.00      0.00      0.00
Average:          1     22.01      0.00     77.99      0.00      0.00      0.00
