Linux 3.14.33-regular (node220-2) 	01/06/2017 	_x86_64_	(8 CPU)

03:52:32 PM     CPU     %user     %nice   %system   %iowait    %steal     %idle
03:52:33 PM       1     23.00      0.00     77.00      0.00      0.00      0.00
03:52:34 PM       1     21.00      0.00     79.00      0.00      0.00      0.00
03:52:35 PM       1     21.00      0.00     79.00      0.00      0.00      0.00
03:52:36 PM       1     22.00      0.00     78.00      0.00      0.00      0.00
03:52:37 PM       1     22.22      0.00     77.78      0.00      0.00      0.00
03:52:38 PM       1     24.00      0.00     76.00      0.00      0.00      0.00
03:52:39 PM       1     22.00      0.00     78.00      0.00      0.00      0.00
03:52:40 PM       1     20.00      0.00     80.00      0.00      0.00      0.00
03:52:41 PM       1     23.00      0.00     77.00      0.00      0.00      0.00
03:52:42 PM       1     22.00      0.00     78.00      0.00      0.00      0.00
03:52:43 PM       1     27.00      0.00     73.00      0.00      0.00      0.00
03:52:44 PM       1     25.74      0.00     74.26      0.00      0.00      0.00
03:52:45 PM       1     23.23      0.00     76.77      0.00      0.00      0.00
03:52:46 PM       1     24.00      0.00     76.00      0.00      0.00      0.00
03:52:47 PM       1     18.81      0.00     81.19      0.00      0.00      0.00
03:52:48 PM       1     22.00      0.00     78.00      0.00      0.00      0.00
03:52:49 PM       1     19.19      0.00     80.81      0.00      0.00      0.00
03:52:50 PM       1     25.74      0.00     74.26      0.00      0.00      0.00
03:52:51 PM       1     18.00      0.00     82.00      0.00      0.00      0.00
03:52:52 PM       1     21.21      0.00     78.79      0.00      0.00      0.00
Average:          1     22.26      0.00     77.74      0.00      0.00      0.00
