Linux 3.14.33-regular (node220-2) 	01/06/2017 	_x86_64_	(8 CPU)

04:11:00 PM     CPU     %user     %nice   %system   %iowait    %steal     %idle
04:11:01 PM       1     20.00      0.00     80.00      0.00      0.00      0.00
04:11:02 PM       1     23.00      0.00     77.00      0.00      0.00      0.00
04:11:03 PM       1     24.00      0.00     76.00      0.00      0.00      0.00
04:11:04 PM       1     18.18      0.00     81.82      0.00      0.00      0.00
04:11:05 PM       1     22.00      0.00     78.00      0.00      0.00      0.00
04:11:06 PM       1     20.79      0.00     79.21      0.00      0.00      0.00
04:11:07 PM       1     25.00      0.00     75.00      0.00      0.00      0.00
04:11:08 PM       1     19.19      0.00     80.81      0.00      0.00      0.00
04:11:09 PM       1     20.00      0.00     80.00      0.00      0.00      0.00
04:11:10 PM       1     20.00      0.00     80.00      0.00      0.00      0.00
04:11:11 PM       1     28.00      0.00     72.00      0.00      0.00      0.00
04:11:12 PM       1     20.20      0.00     79.80      0.00      0.00      0.00
04:11:13 PM       1     19.80      0.00     80.20      0.00      0.00      0.00
04:11:14 PM       1     26.73      0.00     73.27      0.00      0.00      0.00
04:11:15 PM       1     25.25      0.00     74.75      0.00      0.00      0.00
04:11:16 PM       1     25.00      0.00     75.00      0.00      0.00      0.00
04:11:17 PM       1     20.00      0.00     80.00      0.00      0.00      0.00
04:11:18 PM       1     17.00      0.00     83.00      0.00      0.00      0.00
04:11:19 PM       1     26.73      0.00     73.27      0.00      0.00      0.00
04:11:20 PM       1     22.22      0.00     77.78      0.00      0.00      0.00
Average:          1     22.16      0.00     77.84      0.00      0.00      0.00
