Linux 3.14.33-regular (node220-2) 	01/06/2017 	_x86_64_	(8 CPU)

03:56:18 PM     CPU     %user     %nice   %system   %iowait    %steal     %idle
03:56:19 PM       1     18.00      0.00     82.00      0.00      0.00      0.00
03:56:20 PM       1     24.00      0.00     76.00      0.00      0.00      0.00
03:56:21 PM       1     20.20      0.00     79.80      0.00      0.00      0.00
03:56:22 PM       1     22.77      0.00     77.23      0.00      0.00      0.00
03:56:23 PM       1     18.18      0.00     81.82      0.00      0.00      0.00
03:56:24 PM       1     20.79      0.00     79.21      0.00      0.00      0.00
03:56:25 PM       1     21.00      0.00     79.00      0.00      0.00      0.00
03:56:26 PM       1     23.23      0.00     76.77      0.00      0.00      0.00
03:56:27 PM       1     21.78      0.00     78.22      0.00      0.00      0.00
03:56:28 PM       1     20.00      0.00     80.00      0.00      0.00      0.00
03:56:29 PM       1     21.00      0.00     79.00      0.00      0.00      0.00
03:56:30 PM       1     20.00      0.00     80.00      0.00      0.00      0.00
03:56:31 PM       1     21.00      0.00     79.00      0.00      0.00      0.00
03:56:32 PM       1     21.00      0.00     79.00      0.00      0.00      0.00
03:56:33 PM       1     21.00      0.00     79.00      0.00      0.00      0.00
03:56:34 PM       1     23.00      0.00     77.00      0.00      0.00      0.00
03:56:35 PM       1     22.22      0.00     77.78      0.00      0.00      0.00
03:56:36 PM       1     25.00      0.00     75.00      0.00      0.00      0.00
03:56:37 PM       1     19.80      0.00     80.20      0.00      0.00      0.00
03:56:38 PM       1     21.21      0.00     78.79      0.00      0.00      0.00
Average:          1     21.26      0.00     78.74      0.00      0.00      0.00
