Linux 3.14.33-regular (node220-2) 	01/06/2017 	_x86_64_	(8 CPU)

02:01:33 PM     CPU     %user     %nice   %system   %iowait    %steal     %idle
02:01:34 PM       1     21.00      0.00     79.00      0.00      0.00      0.00
02:01:35 PM       1     26.00      0.00     74.00      0.00      0.00      0.00
02:01:36 PM       1     20.00      0.00     80.00      0.00      0.00      0.00
02:01:37 PM       1     22.00      0.00     78.00      0.00      0.00      0.00
02:01:38 PM       1     18.00      0.00     82.00      0.00      0.00      0.00
02:01:39 PM       1     26.00      0.00     74.00      0.00      0.00      0.00
02:01:40 PM       1     21.21      0.00     78.79      0.00      0.00      0.00
02:01:41 PM       1     20.79      0.00     79.21      0.00      0.00      0.00
02:01:42 PM       1     19.19      0.00     80.81      0.00      0.00      0.00
02:01:43 PM       1     24.00      0.00     76.00      0.00      0.00      0.00
02:01:44 PM       1     28.00      0.00     72.00      0.00      0.00      0.00
02:01:45 PM       1     19.80      0.00     80.20      0.00      0.00      0.00
02:01:46 PM       1     25.00      0.00     75.00      0.00      0.00      0.00
02:01:47 PM       1     20.00      0.00     80.00      0.00      0.00      0.00
02:01:48 PM       1     23.23      0.00     76.77      0.00      0.00      0.00
02:01:49 PM       1     18.81      0.00     81.19      0.00      0.00      0.00
02:01:50 PM       1     21.78      0.00     78.22      0.00      0.00      0.00
02:01:51 PM       1     19.19      0.00     80.81      0.00      0.00      0.00
02:01:52 PM       1     23.23      0.00     76.77      0.00      0.00      0.00
02:01:53 PM       1     24.75      0.00     75.25      0.00      0.00      0.00
Average:          1     22.10      0.00     77.90      0.00      0.00      0.00
