Linux 3.14.33-regular (node220-2) 	01/06/2017 	_x86_64_	(8 CPU)

03:30:42 PM     CPU     %user     %nice   %system   %iowait    %steal     %idle
03:30:43 PM       1     21.21      0.00     78.79      0.00      0.00      0.00
03:30:44 PM       1     21.00      0.00     79.00      0.00      0.00      0.00
03:30:45 PM       1     20.79      0.00     79.21      0.00      0.00      0.00
03:30:46 PM       1     22.77      0.00     77.23      0.00      0.00      0.00
03:30:47 PM       1     20.20      0.00     79.80      0.00      0.00      0.00
03:30:48 PM       1     23.00      0.00     77.00      0.00      0.00      0.00
03:30:49 PM       1     20.79      0.00     79.21      0.00      0.00      0.00
03:30:50 PM       1     20.20      0.00     79.80      0.00      0.00      0.00
03:30:51 PM       1     20.00      0.00     80.00      0.00      0.00      0.00
03:30:52 PM       1     25.74      0.00     74.26      0.00      0.00      0.00
03:30:53 PM       1     19.19      0.00     80.81      0.00      0.00      0.00
03:30:54 PM       1     20.00      0.00     80.00      0.00      0.00      0.00
03:30:55 PM       1     22.00      0.00     78.00      0.00      0.00      0.00
03:30:56 PM       1     23.00      0.00     77.00      0.00      0.00      0.00
03:30:57 PM       1     25.00      0.00     75.00      0.00      0.00      0.00
03:30:58 PM       1     21.00      0.00     79.00      0.00      0.00      0.00
03:30:59 PM       1     20.00      0.00     80.00      0.00      0.00      0.00
03:31:00 PM       1     23.00      0.00     77.00      0.00      0.00      0.00
03:31:01 PM       1     26.73      0.00     73.27      0.00      0.00      0.00
03:31:02 PM       1     28.28      0.00     71.72      0.00      0.00      0.00
Average:          1     22.20      0.00     77.80      0.00      0.00      0.00
