Linux 3.14.33-regular (node220-2) 	01/06/2017 	_x86_64_	(8 CPU)

01:30:08 PM     CPU     %user     %nice   %system   %iowait    %steal     %idle
01:30:09 PM       1     22.00      0.00     78.00      0.00      0.00      0.00
01:30:10 PM       1     23.23      0.00     76.77      0.00      0.00      0.00
01:30:11 PM       1     25.74      0.00     74.26      0.00      0.00      0.00
01:30:12 PM       1     21.00      0.00     79.00      0.00      0.00      0.00
01:30:13 PM       1     21.21      0.00     78.79      0.00      0.00      0.00
01:30:14 PM       1     21.78      0.00     78.22      0.00      0.00      0.00
01:30:15 PM       1     21.00      0.00     79.00      0.00      0.00      0.00
01:30:16 PM       1     24.00      0.00     76.00      0.00      0.00      0.00
01:30:17 PM       1     20.00      0.00     80.00      0.00      0.00      0.00
01:30:18 PM       1     19.00      0.00     81.00      0.00      0.00      0.00
01:30:19 PM       1     22.00      0.00     78.00      0.00      0.00      0.00
01:30:20 PM       1     22.77      0.00     77.23      0.00      0.00      0.00
01:30:21 PM       1     22.00      0.00     78.00      0.00      0.00      0.00
01:30:22 PM       1     21.21      0.00     78.79      0.00      0.00      0.00
01:30:23 PM       1     24.00      0.00     76.00      0.00      0.00      0.00
01:30:24 PM       1     27.27      0.00     72.73      0.00      0.00      0.00
01:30:25 PM       1     20.00      0.00     80.00      0.00      0.00      0.00
01:30:26 PM       1     19.80      0.00     80.20      0.00      0.00      0.00
01:30:27 PM       1     18.81      0.00     81.19      0.00      0.00      0.00
01:30:28 PM       1     21.21      0.00     78.79      0.00      0.00      0.00
Average:          1     21.90      0.00     78.10      0.00      0.00      0.00
