Linux 3.14.33-regular (node220-2) 	01/06/2017 	_x86_64_	(8 CPU)

02:48:59 PM     CPU     %user     %nice   %system   %iowait    %steal     %idle
02:49:00 PM       1     20.79      0.00     79.21      0.00      0.00      0.00
02:49:01 PM       1     22.22      0.00     77.78      0.00      0.00      0.00
02:49:02 PM       1     24.75      0.00     75.25      0.00      0.00      0.00
02:49:03 PM       1     24.00      0.00     76.00      0.00      0.00      0.00
02:49:04 PM       1     24.24      0.00     75.76      0.00      0.00      0.00
02:49:05 PM       1     21.78      0.00     78.22      0.00      0.00      0.00
02:49:06 PM       1     15.15      0.00     84.85      0.00      0.00      0.00
02:49:07 PM       1     22.00      0.00     78.00      0.00      0.00      0.00
02:49:08 PM       1     22.00      0.00     78.00      0.00      0.00      0.00
02:49:09 PM       1     25.00      0.00     75.00      0.00      0.00      0.00
02:49:10 PM       1     23.00      0.00     77.00      0.00      0.00      0.00
02:49:11 PM       1     18.81      0.00     81.19      0.00      0.00      0.00
02:49:12 PM       1     22.00      0.00     78.00      0.00      0.00      0.00
02:49:13 PM       1     21.21      0.00     78.79      0.00      0.00      0.00
02:49:14 PM       1     21.00      0.00     79.00      0.00      0.00      0.00
02:49:15 PM       1     22.00      0.00     78.00      0.00      0.00      0.00
02:49:16 PM       1     24.75      0.00     75.25      0.00      0.00      0.00
02:49:17 PM       1     19.19      0.00     80.81      0.00      0.00      0.00
02:49:18 PM       1     23.76      0.00     76.24      0.00      0.00      0.00
02:49:19 PM       1     21.21      0.00     78.79      0.00      0.00      0.00
Average:          1     21.95      0.00     78.05      0.00      0.00      0.00
