Linux 3.14.33-regular (node220-2) 	01/06/2017 	_x86_64_	(8 CPU)

02:38:04 PM     CPU     %user     %nice   %system   %iowait    %steal     %idle
02:38:05 PM       1     18.00      0.00     82.00      0.00      0.00      0.00
02:38:06 PM       1     19.80      0.00     80.20      0.00      0.00      0.00
02:38:07 PM       1     19.00      0.00     81.00      0.00      0.00      0.00
02:38:08 PM       1     23.23      0.00     76.77      0.00      0.00      0.00
02:38:09 PM       1     24.75      0.00     75.25      0.00      0.00      0.00
02:38:10 PM       1     22.00      0.00     78.00      0.00      0.00      0.00
02:38:11 PM       1     22.00      0.00     78.00      0.00      0.00      0.00
02:38:12 PM       1     21.21      0.00     78.79      0.00      0.00      0.00
02:38:13 PM       1     16.83      0.00     83.17      0.00      0.00      0.00
02:38:14 PM       1     20.20      0.00     79.80      0.00      0.00      0.00
02:38:15 PM       1     22.00      0.00     78.00      0.00      0.00      0.00
02:38:16 PM       1     23.00      0.00     77.00      0.00      0.00      0.00
02:38:17 PM       1     18.00      0.00     82.00      0.00      0.00      0.00
02:38:18 PM       1     22.22      0.00     77.78      0.00      0.00      0.00
02:38:19 PM       1     21.00      0.00     79.00      0.00      0.00      0.00
02:38:20 PM       1     22.77      0.00     77.23      0.00      0.00      0.00
02:38:21 PM       1     22.00      0.00     78.00      0.00      0.00      0.00
02:38:22 PM       1     23.00      0.00     77.00      0.00      0.00      0.00
02:38:23 PM       1     22.00      0.00     78.00      0.00      0.00      0.00
02:38:24 PM       1     23.00      0.00     77.00      0.00      0.00      0.00
Average:          1     21.30      0.00     78.70      0.00      0.00      0.00
