Linux 3.14.33-regular (node220-2) 	01/06/2017 	_x86_64_	(8 CPU)

10:17:34 PM     CPU     %user     %nice   %system   %iowait    %steal     %idle
10:17:35 PM       1     20.00      0.00     80.00      0.00      0.00      0.00
10:17:36 PM       1     24.00      0.00     76.00      0.00      0.00      0.00
10:17:37 PM       1     20.20      0.00     79.80      0.00      0.00      0.00
10:17:38 PM       1     17.82      0.00     82.18      0.00      0.00      0.00
10:17:39 PM       1     22.00      0.00     78.00      0.00      0.00      0.00
10:17:40 PM       1     20.20      0.00     79.80      0.00      0.00      0.00
10:17:41 PM       1     23.76      0.00     76.24      0.00      0.00      0.00
10:17:42 PM       1     22.00      0.00     78.00      0.00      0.00      0.00
10:17:43 PM       1     24.24      0.00     75.76      0.00      0.00      0.00
10:17:44 PM       1     22.00      0.00     78.00      0.00      0.00      0.00
10:17:45 PM       1     20.00      0.00     80.00      0.00      0.00      0.00
10:17:46 PM       1     20.00      0.00     80.00      0.00      0.00      0.00
10:17:47 PM       1     19.00      0.00     81.00      0.00      0.00      0.00
10:17:48 PM       1     22.00      0.00     78.00      0.00      0.00      0.00
10:17:49 PM       1     23.00      0.00     77.00      0.00      0.00      0.00
10:17:50 PM       1     19.80      0.00     80.20      0.00      0.00      0.00
10:17:51 PM       1     21.21      0.00     78.79      0.00      0.00      0.00
10:17:52 PM       1     28.00      0.00     72.00      0.00      0.00      0.00
10:17:53 PM       1     18.00      0.00     82.00      0.00      0.00      0.00
10:17:54 PM       1     22.77      0.00     77.23      0.00      0.00      0.00
Average:          1     21.50      0.00     78.50      0.00      0.00      0.00
