Linux 3.14.33-regular (node220-2) 	01/06/2017 	_x86_64_	(8 CPU)

04:34:42 PM     CPU     %user     %nice   %system   %iowait    %steal     %idle
04:34:43 PM       1     25.00      0.00     75.00      0.00      0.00      0.00
04:34:44 PM       1     22.00      0.00     78.00      0.00      0.00      0.00
04:34:45 PM       1     24.00      0.00     76.00      0.00      0.00      0.00
04:34:46 PM       1     20.00      0.00     80.00      0.00      0.00      0.00
04:34:47 PM       1     21.00      0.00     79.00      0.00      0.00      0.00
04:34:48 PM       1     19.00      0.00     81.00      0.00      0.00      0.00
04:34:49 PM       1     17.00      0.00     83.00      0.00      0.00      0.00
04:34:50 PM       1     21.00      0.00     79.00      0.00      0.00      0.00
04:34:51 PM       1     19.00      0.00     81.00      0.00      0.00      0.00
04:34:52 PM       1     20.00      0.00     80.00      0.00      0.00      0.00
04:34:53 PM       1     24.24      0.00     75.76      0.00      0.00      0.00
04:34:54 PM       1     20.00      0.00     80.00      0.00      0.00      0.00
04:34:55 PM       1     16.83      0.00     83.17      0.00      0.00      0.00
04:34:56 PM       1     24.00      0.00     76.00      0.00      0.00      0.00
04:34:57 PM       1     18.00      0.00     82.00      0.00      0.00      0.00
04:34:58 PM       1     21.00      0.00     79.00      0.00      0.00      0.00
04:34:59 PM       1     19.19      0.00     80.81      0.00      0.00      0.00
04:35:00 PM       1     19.00      0.00     81.00      0.00      0.00      0.00
04:35:01 PM       1     21.00      0.00     79.00      0.00      0.00      0.00
04:35:02 PM       1     23.76      0.00     76.24      0.00      0.00      0.00
Average:          1     20.75      0.00     79.25      0.00      0.00      0.00
