Linux 3.14.33-regular (node220-2) 	01/06/2017 	_x86_64_	(8 CPU)

06:17:10 PM     CPU     %user     %nice   %system   %iowait    %steal     %idle
06:17:11 PM       1     22.00      0.00     78.00      0.00      0.00      0.00
06:17:12 PM       1     17.00      0.00     83.00      0.00      0.00      0.00
06:17:13 PM       1     24.00      0.00     76.00      0.00      0.00      0.00
06:17:14 PM       1     22.00      0.00     78.00      0.00      0.00      0.00
06:17:15 PM       1     22.22      0.00     77.78      0.00      0.00      0.00
06:17:16 PM       1     20.79      0.00     79.21      0.00      0.00      0.00
06:17:17 PM       1     30.30      0.00     69.70      0.00      0.00      0.00
06:17:18 PM       1     22.77      0.00     77.23      0.00      0.00      0.00
06:17:19 PM       1     22.00      0.00     78.00      0.00      0.00      0.00
06:17:20 PM       1     22.00      0.00     78.00      0.00      0.00      0.00
06:17:21 PM       1     22.00      0.00     78.00      0.00      0.00      0.00
06:17:22 PM       1     20.00      0.00     80.00      0.00      0.00      0.00
06:17:23 PM       1     21.00      0.00     79.00      0.00      0.00      0.00
06:17:24 PM       1     22.00      0.00     78.00      0.00      0.00      0.00
06:17:25 PM       1     21.00      0.00     79.00      0.00      0.00      0.00
06:17:26 PM       1     24.00      0.00     76.00      0.00      0.00      0.00
06:17:27 PM       1     20.00      0.00     80.00      0.00      0.00      0.00
06:17:28 PM       1     20.00      0.00     80.00      0.00      0.00      0.00
06:17:29 PM       1     27.00      0.00     73.00      0.00      0.00      0.00
06:17:30 PM       1     22.00      0.00     78.00      0.00      0.00      0.00
Average:          1     22.20      0.00     77.80      0.00      0.00      0.00
