Linux 3.14.33-regular (node220-2) 	01/06/2017 	_x86_64_	(8 CPU)

01:01:14 PM     CPU     %user     %nice   %system   %iowait    %steal     %idle
01:01:15 PM       1     23.53      0.00     76.47      0.00      0.00      0.00
01:01:16 PM       1     23.23      0.00     76.77      0.00      0.00      0.00
01:01:17 PM       1     20.00      0.00     80.00      0.00      0.00      0.00
01:01:18 PM       1     21.00      0.00     79.00      0.00      0.00      0.00
01:01:19 PM       1     20.00      0.00     80.00      0.00      0.00      0.00
01:01:20 PM       1     21.00      0.00     79.00      0.00      0.00      0.00
01:01:21 PM       1     18.00      0.00     82.00      0.00      0.00      0.00
01:01:22 PM       1     24.00      0.00     76.00      0.00      0.00      0.00
01:01:23 PM       1     26.00      0.00     74.00      0.00      0.00      0.00
01:01:24 PM       1     23.00      0.00     77.00      0.00      0.00      0.00
01:01:25 PM       1     26.00      0.00     74.00      0.00      0.00      0.00
01:01:26 PM       1     20.00      0.00     80.00      0.00      0.00      0.00
01:01:27 PM       1     21.00      0.00     79.00      0.00      0.00      0.00
01:01:28 PM       1     24.00      0.00     76.00      0.00      0.00      0.00
01:01:29 PM       1     24.00      0.00     76.00      0.00      0.00      0.00
01:01:30 PM       1     23.00      0.00     77.00      0.00      0.00      0.00
01:01:31 PM       1     21.00      0.00     79.00      0.00      0.00      0.00
01:01:32 PM       1     21.00      0.00     79.00      0.00      0.00      0.00
01:01:33 PM       1     22.00      0.00     78.00      0.00      0.00      0.00
01:01:34 PM       1     25.00      0.00     75.00      0.00      0.00      0.00
Average:          1     22.34      0.00     77.66      0.00      0.00      0.00
