Linux 3.14.33-regular (node220-2) 	01/06/2017 	_x86_64_	(8 CPU)

05:00:55 PM     CPU     %user     %nice   %system   %iowait    %steal     %idle
05:00:56 PM       1     19.00      0.00     81.00      0.00      0.00      0.00
05:00:57 PM       1     21.00      0.00     79.00      0.00      0.00      0.00
05:00:58 PM       1     22.00      0.00     78.00      0.00      0.00      0.00
05:00:59 PM       1     21.00      0.00     79.00      0.00      0.00      0.00
05:01:00 PM       1     22.00      0.00     78.00      0.00      0.00      0.00
05:01:01 PM       1     24.00      0.00     76.00      0.00      0.00      0.00
05:01:02 PM       1     20.00      0.00     80.00      0.00      0.00      0.00
05:01:03 PM       1     21.00      0.00     79.00      0.00      0.00      0.00
05:01:04 PM       1     21.00      0.00     79.00      0.00      0.00      0.00
05:01:05 PM       1     20.00      0.00     80.00      0.00      0.00      0.00
05:01:06 PM       1     20.00      0.00     80.00      0.00      0.00      0.00
05:01:07 PM       1     22.00      0.00     78.00      0.00      0.00      0.00
05:01:08 PM       1     21.00      0.00     79.00      0.00      0.00      0.00
05:01:09 PM       1     20.00      0.00     80.00      0.00      0.00      0.00
05:01:10 PM       1     21.78      0.00     78.22      0.00      0.00      0.00
05:01:11 PM       1     19.00      0.00     81.00      0.00      0.00      0.00
05:01:12 PM       1     17.17      0.00     82.83      0.00      0.00      0.00
05:01:13 PM       1     24.00      0.00     76.00      0.00      0.00      0.00
05:01:14 PM       1     19.80      0.00     80.20      0.00      0.00      0.00
05:01:15 PM       1     22.00      0.00     78.00      0.00      0.00      0.00
Average:          1     20.89      0.00     79.11      0.00      0.00      0.00
