Linux 3.14.33-regular (node220-2) 	01/06/2017 	_x86_64_	(8 CPU)

04:35:20 PM     CPU     %user     %nice   %system   %iowait    %steal     %idle
04:35:21 PM       1     21.21      0.00     78.79      0.00      0.00      0.00
04:35:22 PM       1     23.76      0.00     76.24      0.00      0.00      0.00
04:35:23 PM       1     23.00      0.00     77.00      0.00      0.00      0.00
04:35:24 PM       1     19.00      0.00     81.00      0.00      0.00      0.00
04:35:25 PM       1     26.00      0.00     74.00      0.00      0.00      0.00
04:35:26 PM       1     24.00      0.00     76.00      0.00      0.00      0.00
04:35:27 PM       1     23.00      0.00     77.00      0.00      0.00      0.00
04:35:28 PM       1     23.00      0.00     77.00      0.00      0.00      0.00
04:35:29 PM       1     25.00      0.00     75.00      0.00      0.00      0.00
04:35:30 PM       1     24.00      0.00     76.00      0.00      0.00      0.00
04:35:31 PM       1     23.23      0.00     76.77      0.00      0.00      0.00
04:35:32 PM       1     18.81      0.00     81.19      0.00      0.00      0.00
04:35:33 PM       1     21.21      0.00     78.79      0.00      0.00      0.00
04:35:34 PM       1     20.79      0.00     79.21      0.00      0.00      0.00
04:35:35 PM       1     26.26      0.00     73.74      0.00      0.00      0.00
04:35:36 PM       1     25.74      0.00     74.26      0.00      0.00      0.00
04:35:37 PM       1     24.24      0.00     75.76      0.00      0.00      0.00
04:35:38 PM       1     22.00      0.00     78.00      0.00      0.00      0.00
04:35:39 PM       1     23.00      0.00     77.00      0.00      0.00      0.00
04:35:40 PM       1     24.75      0.00     75.25      0.00      0.00      0.00
Average:          1     23.10      0.00     76.90      0.00      0.00      0.00
