Linux 3.14.33-regular (node220-2) 	01/06/2017 	_x86_64_	(8 CPU)

01:17:17 PM     CPU     %user     %nice   %system   %iowait    %steal     %idle
01:17:18 PM       1     21.00      0.00     79.00      0.00      0.00      0.00
01:17:19 PM       1     23.00      0.00     77.00      0.00      0.00      0.00
01:17:20 PM       1     20.00      0.00     80.00      0.00      0.00      0.00
01:17:21 PM       1     22.77      0.00     77.23      0.00      0.00      0.00
01:17:22 PM       1     23.23      0.00     76.77      0.00      0.00      0.00
01:17:23 PM       1     23.00      0.00     77.00      0.00      0.00      0.00
01:17:24 PM       1     21.78      0.00     78.22      0.00      0.00      0.00
01:17:25 PM       1     22.22      0.00     77.78      0.00      0.00      0.00
01:17:26 PM       1     22.77      0.00     77.23      0.00      0.00      0.00
01:17:27 PM       1     21.21      0.00     78.79      0.00      0.00      0.00
01:17:28 PM       1     22.00      0.00     78.00      0.00      0.00      0.00
01:17:29 PM       1     28.00      0.00     72.00      0.00      0.00      0.00
01:17:30 PM       1     21.00      0.00     79.00      0.00      0.00      0.00
01:17:31 PM       1     22.00      0.00     78.00      0.00      0.00      0.00
01:17:32 PM       1     21.00      0.00     79.00      0.00      0.00      0.00
01:17:33 PM       1     21.00      0.00     79.00      0.00      0.00      0.00
01:17:34 PM       1     21.78      0.00     78.22      0.00      0.00      0.00
01:17:35 PM       1     21.00      0.00     79.00      0.00      0.00      0.00
01:17:36 PM       1     23.23      0.00     76.77      0.00      0.00      0.00
01:17:37 PM       1     20.00      0.00     80.00      0.00      0.00      0.00
Average:          1     22.10      0.00     77.90      0.00      0.00      0.00
