Linux 3.14.33-regular (node220-2) 	01/06/2017 	_x86_64_	(8 CPU)

09:21:10 PM     CPU     %user     %nice   %system   %iowait    %steal     %idle
09:21:11 PM       1     23.00      0.00     77.00      0.00      0.00      0.00
09:21:12 PM       1     25.00      0.00     75.00      0.00      0.00      0.00
09:21:13 PM       1     18.18      0.00     81.82      0.00      0.00      0.00
09:21:14 PM       1     18.00      0.00     82.00      0.00      0.00      0.00
09:21:15 PM       1     22.77      0.00     77.23      0.00      0.00      0.00
09:21:16 PM       1     19.00      0.00     81.00      0.00      0.00      0.00
09:21:17 PM       1     20.00      0.00     80.00      0.00      0.00      0.00
09:21:18 PM       1     23.00      0.00     77.00      0.00      0.00      0.00
09:21:19 PM       1     23.23      0.00     76.77      0.00      0.00      0.00
09:21:20 PM       1     20.00      0.00     80.00      0.00      0.00      0.00
09:21:21 PM       1     21.78      0.00     78.22      0.00      0.00      0.00
09:21:22 PM       1     22.00      0.00     78.00      0.00      0.00      0.00
09:21:23 PM       1     23.00      0.00     77.00      0.00      0.00      0.00
09:21:24 PM       1     25.00      0.00     75.00      0.00      0.00      0.00
09:21:25 PM       1     20.00      0.00     80.00      0.00      0.00      0.00
09:21:26 PM       1     20.20      0.00     79.80      0.00      0.00      0.00
09:21:27 PM       1     25.74      0.00     74.26      0.00      0.00      0.00
09:21:28 PM       1     23.00      0.00     77.00      0.00      0.00      0.00
09:21:29 PM       1     23.00      0.00     77.00      0.00      0.00      0.00
09:21:30 PM       1     24.00      0.00     76.00      0.00      0.00      0.00
Average:          1     22.00      0.00     78.00      0.00      0.00      0.00
