Linux 3.14.33-regular (node220-2) 	01/06/2017 	_x86_64_	(8 CPU)

07:31:33 PM     CPU     %user     %nice   %system   %iowait    %steal     %idle
07:31:34 PM       1     25.25      0.00     74.75      0.00      0.00      0.00
07:31:35 PM       1     26.73      0.00     73.27      0.00      0.00      0.00
07:31:36 PM       1     22.00      0.00     78.00      0.00      0.00      0.00
07:31:37 PM       1     22.22      0.00     77.78      0.00      0.00      0.00
07:31:38 PM       1     22.00      0.00     78.00      0.00      0.00      0.00
07:31:39 PM       1     20.00      0.00     80.00      0.00      0.00      0.00
07:31:40 PM       1     22.00      0.00     78.00      0.00      0.00      0.00
07:31:41 PM       1     24.00      0.00     76.00      0.00      0.00      0.00
07:31:42 PM       1     22.00      0.00     78.00      0.00      0.00      0.00
07:31:43 PM       1     25.74      0.00     74.26      0.00      0.00      0.00
07:31:44 PM       1     20.20      0.00     79.80      0.00      0.00      0.00
07:31:45 PM       1     22.00      0.00     78.00      0.00      0.00      0.00
07:31:46 PM       1     20.00      0.00     80.00      0.00      0.00      0.00
07:31:47 PM       1     25.74      0.00     74.26      0.00      0.00      0.00
07:31:48 PM       1     24.24      0.00     75.76      0.00      0.00      0.00
07:31:49 PM       1     23.00      0.00     77.00      0.00      0.00      0.00
07:31:50 PM       1     21.00      0.00     79.00      0.00      0.00      0.00
07:31:51 PM       1     24.00      0.00     76.00      0.00      0.00      0.00
07:31:52 PM       1     20.00      0.00     80.00      0.00      0.00      0.00
07:31:53 PM       1     17.00      0.00     83.00      0.00      0.00      0.00
Average:          1     22.46      0.00     77.54      0.00      0.00      0.00
