Linux 3.14.33-regular (node220-2) 	01/06/2017 	_x86_64_	(8 CPU)

03:02:30 PM     CPU     %user     %nice   %system   %iowait    %steal     %idle
03:02:31 PM       1     25.25      0.00     74.75      0.00      0.00      0.00
03:02:32 PM       1     25.00      0.00     75.00      0.00      0.00      0.00
03:02:33 PM       1     23.00      0.00     77.00      0.00      0.00      0.00
03:02:34 PM       1     21.00      0.00     79.00      0.00      0.00      0.00
03:02:35 PM       1     23.00      0.00     77.00      0.00      0.00      0.00
03:02:36 PM       1     23.23      0.00     76.77      0.00      0.00      0.00
03:02:37 PM       1     22.00      0.00     78.00      0.00      0.00      0.00
03:02:38 PM       1     22.77      0.00     77.23      0.00      0.00      0.00
03:02:39 PM       1     24.00      0.00     76.00      0.00      0.00      0.00
03:02:40 PM       1     21.00      0.00     79.00      0.00      0.00      0.00
03:02:41 PM       1     16.00      0.00     84.00      0.00      0.00      0.00
03:02:42 PM       1     23.00      0.00     77.00      0.00      0.00      0.00
03:02:43 PM       1     20.00      0.00     80.00      0.00      0.00      0.00
03:02:44 PM       1     21.78      0.00     78.22      0.00      0.00      0.00
03:02:45 PM       1     19.19      0.00     80.81      0.00      0.00      0.00
03:02:46 PM       1     22.00      0.00     78.00      0.00      0.00      0.00
03:02:47 PM       1     19.00      0.00     81.00      0.00      0.00      0.00
03:02:48 PM       1     22.00      0.00     78.00      0.00      0.00      0.00
03:02:49 PM       1     23.00      0.00     77.00      0.00      0.00      0.00
03:02:50 PM       1     21.00      0.00     79.00      0.00      0.00      0.00
Average:          1     21.86      0.00     78.14      0.00      0.00      0.00
