Linux 3.14.33-regular (node220-2) 	01/06/2017 	_x86_64_	(8 CPU)

09:35:52 PM     CPU     %user     %nice   %system   %iowait    %steal     %idle
09:35:53 PM       1     23.00      0.00     77.00      0.00      0.00      0.00
09:35:54 PM       1     24.00      0.00     76.00      0.00      0.00      0.00
09:35:55 PM       1     25.00      0.00     75.00      0.00      0.00      0.00
09:35:56 PM       1     16.00      0.00     84.00      0.00      0.00      0.00
09:35:57 PM       1     20.00      0.00     80.00      0.00      0.00      0.00
09:35:58 PM       1     20.00      0.00     80.00      0.00      0.00      0.00
09:35:59 PM       1     22.00      0.00     78.00      0.00      0.00      0.00
09:36:00 PM       1     23.00      0.00     77.00      0.00      0.00      0.00
09:36:01 PM       1     25.00      0.00     75.00      0.00      0.00      0.00
09:36:02 PM       1     24.00      0.00     76.00      0.00      0.00      0.00
09:36:03 PM       1     19.00      0.00     81.00      0.00      0.00      0.00
09:36:04 PM       1     25.00      0.00     75.00      0.00      0.00      0.00
09:36:05 PM       1     24.00      0.00     76.00      0.00      0.00      0.00
09:36:06 PM       1     26.00      0.00     74.00      0.00      0.00      0.00
09:36:07 PM       1     20.00      0.00     80.00      0.00      0.00      0.00
09:36:08 PM       1     24.00      0.00     76.00      0.00      0.00      0.00
09:36:09 PM       1     20.00      0.00     80.00      0.00      0.00      0.00
09:36:10 PM       1     20.00      0.00     80.00      0.00      0.00      0.00
09:36:11 PM       1     22.00      0.00     78.00      0.00      0.00      0.00
09:36:12 PM       1     24.00      0.00     76.00      0.00      0.00      0.00
Average:          1     22.30      0.00     77.70      0.00      0.00      0.00
