Linux 3.14.33-regular (node220-2) 	01/06/2017 	_x86_64_	(8 CPU)

03:58:51 PM     CPU     %user     %nice   %system   %iowait    %steal     %idle
03:58:52 PM       1     24.24      0.00     75.76      0.00      0.00      0.00
03:58:53 PM       1     17.82      0.00     82.18      0.00      0.00      0.00
03:58:54 PM       1     21.21      0.00     78.79      0.00      0.00      0.00
03:58:55 PM       1     20.79      0.00     79.21      0.00      0.00      0.00
03:58:56 PM       1     21.21      0.00     78.79      0.00      0.00      0.00
03:58:57 PM       1     24.00      0.00     76.00      0.00      0.00      0.00
03:58:58 PM       1     21.00      0.00     79.00      0.00      0.00      0.00
03:58:59 PM       1     23.00      0.00     77.00      0.00      0.00      0.00
03:59:00 PM       1     20.00      0.00     80.00      0.00      0.00      0.00
03:59:01 PM       1     24.75      0.00     75.25      0.00      0.00      0.00
03:59:02 PM       1     22.00      0.00     78.00      0.00      0.00      0.00
03:59:03 PM       1     22.00      0.00     78.00      0.00      0.00      0.00
03:59:04 PM       1     22.00      0.00     78.00      0.00      0.00      0.00
03:59:05 PM       1     20.00      0.00     80.00      0.00      0.00      0.00
03:59:06 PM       1     24.24      0.00     75.76      0.00      0.00      0.00
03:59:07 PM       1     22.00      0.00     78.00      0.00      0.00      0.00
03:59:08 PM       1     21.78      0.00     78.22      0.00      0.00      0.00
03:59:09 PM       1     23.00      0.00     77.00      0.00      0.00      0.00
03:59:10 PM       1     21.21      0.00     78.79      0.00      0.00      0.00
03:59:11 PM       1     23.00      0.00     77.00      0.00      0.00      0.00
Average:          1     21.96      0.00     78.04      0.00      0.00      0.00
