Linux 3.14.33-regular (node220-2) 	01/06/2017 	_x86_64_	(8 CPU)

07:12:59 PM     CPU     %user     %nice   %system   %iowait    %steal     %idle
07:13:00 PM       1     24.00      0.00     76.00      0.00      0.00      0.00
07:13:01 PM       1     18.00      0.00     82.00      0.00      0.00      0.00
07:13:02 PM       1     20.79      0.00     79.21      0.00      0.00      0.00
07:13:03 PM       1     20.20      0.00     79.80      0.00      0.00      0.00
07:13:04 PM       1     21.00      0.00     79.00      0.00      0.00      0.00
07:13:05 PM       1     22.77      0.00     77.23      0.00      0.00      0.00
07:13:06 PM       1     23.00      0.00     77.00      0.00      0.00      0.00
07:13:07 PM       1     21.00      0.00     79.00      0.00      0.00      0.00
07:13:08 PM       1     24.00      0.00     76.00      0.00      0.00      0.00
07:13:09 PM       1     21.00      0.00     79.00      0.00      0.00      0.00
07:13:10 PM       1     23.00      0.00     77.00      0.00      0.00      0.00
07:13:11 PM       1     22.00      0.00     78.00      0.00      0.00      0.00
07:13:12 PM       1     26.26      0.00     73.74      0.00      0.00      0.00
07:13:13 PM       1     24.75      0.00     75.25      0.00      0.00      0.00
07:13:14 PM       1     21.00      0.00     79.00      0.00      0.00      0.00
07:13:15 PM       1     21.00      0.00     79.00      0.00      0.00      0.00
07:13:16 PM       1     24.00      0.00     76.00      0.00      0.00      0.00
07:13:17 PM       1     25.00      0.00     75.00      0.00      0.00      0.00
07:13:18 PM       1     21.00      0.00     79.00      0.00      0.00      0.00
07:13:19 PM       1     18.00      0.00     82.00      0.00      0.00      0.00
Average:          1     22.09      0.00     77.91      0.00      0.00      0.00
