Linux 3.14.33-regular (node220-2) 	01/06/2017 	_x86_64_	(8 CPU)

12:58:02 PM     CPU     %user     %nice   %system   %iowait    %steal     %idle
12:58:03 PM       1     20.00      0.00     80.00      0.00      0.00      0.00
12:58:04 PM       1     25.25      0.00     74.75      0.00      0.00      0.00
12:58:05 PM       1     22.00      0.00     78.00      0.00      0.00      0.00
12:58:06 PM       1     17.82      0.00     82.18      0.00      0.00      0.00
12:58:07 PM       1     20.00      0.00     80.00      0.00      0.00      0.00
12:58:08 PM       1     25.00      0.00     75.00      0.00      0.00      0.00
12:58:09 PM       1     25.25      0.00     74.75      0.00      0.00      0.00
12:58:10 PM       1     25.74      0.00     74.26      0.00      0.00      0.00
12:58:11 PM       1     23.00      0.00     77.00      0.00      0.00      0.00
12:58:12 PM       1     23.23      0.00     76.77      0.00      0.00      0.00
12:58:13 PM       1     26.00      0.00     74.00      0.00      0.00      0.00
12:58:14 PM       1     17.82      0.00     82.18      0.00      0.00      0.00
12:58:15 PM       1     23.00      0.00     77.00      0.00      0.00      0.00
12:58:16 PM       1     19.00      0.00     81.00      0.00      0.00      0.00
12:58:17 PM       1     27.00      0.00     73.00      0.00      0.00      0.00
12:58:18 PM       1     21.00      0.00     79.00      0.00      0.00      0.00
12:58:19 PM       1     19.00      0.00     81.00      0.00      0.00      0.00
12:58:20 PM       1     20.00      0.00     80.00      0.00      0.00      0.00
12:58:21 PM       1     25.00      0.00     75.00      0.00      0.00      0.00
12:58:22 PM       1     22.00      0.00     78.00      0.00      0.00      0.00
Average:          1     22.35      0.00     77.65      0.00      0.00      0.00
