Linux 3.14.33-regular (node220-2) 	01/06/2017 	_x86_64_	(8 CPU)

08:15:08 PM     CPU     %user     %nice   %system   %iowait    %steal     %idle
08:15:09 PM       1     21.00      0.00     79.00      0.00      0.00      0.00
08:15:10 PM       1     24.00      0.00     76.00      0.00      0.00      0.00
08:15:11 PM       1     26.73      0.00     73.27      0.00      0.00      0.00
08:15:12 PM       1     17.17      0.00     82.83      0.00      0.00      0.00
08:15:13 PM       1     24.00      0.00     76.00      0.00      0.00      0.00
08:15:14 PM       1     26.73      0.00     73.27      0.00      0.00      0.00
08:15:15 PM       1     23.23      0.00     76.77      0.00      0.00      0.00
08:15:16 PM       1     22.00      0.00     78.00      0.00      0.00      0.00
08:15:17 PM       1     24.00      0.00     76.00      0.00      0.00      0.00
08:15:18 PM       1     26.00      0.00     74.00      0.00      0.00      0.00
08:15:19 PM       1     22.00      0.00     78.00      0.00      0.00      0.00
08:15:20 PM       1     22.00      0.00     78.00      0.00      0.00      0.00
08:15:21 PM       1     21.00      0.00     79.00      0.00      0.00      0.00
08:15:22 PM       1     25.00      0.00     75.00      0.00      0.00      0.00
08:15:23 PM       1     23.00      0.00     77.00      0.00      0.00      0.00
08:15:24 PM       1     23.00      0.00     77.00      0.00      0.00      0.00
08:15:25 PM       1     19.19      0.00     80.81      0.00      0.00      0.00
08:15:26 PM       1     22.00      0.00     78.00      0.00      0.00      0.00
08:15:27 PM       1     23.76      0.00     76.24      0.00      0.00      0.00
08:15:28 PM       1     21.00      0.00     79.00      0.00      0.00      0.00
Average:          1     22.85      0.00     77.15      0.00      0.00      0.00
