Linux 3.14.33-regular (node220-2) 	01/06/2017 	_x86_64_	(8 CPU)

07:37:56 PM     CPU     %user     %nice   %system   %iowait    %steal     %idle
07:37:57 PM       1     22.00      0.00     78.00      0.00      0.00      0.00
07:37:58 PM       1     23.00      0.00     77.00      0.00      0.00      0.00
07:37:59 PM       1     20.00      0.00     80.00      0.00      0.00      0.00
07:38:00 PM       1     25.00      0.00     75.00      0.00      0.00      0.00
07:38:01 PM       1     23.00      0.00     77.00      0.00      0.00      0.00
07:38:02 PM       1     21.00      0.00     79.00      0.00      0.00      0.00
07:38:03 PM       1     20.79      0.00     79.21      0.00      0.00      0.00
07:38:04 PM       1     20.00      0.00     80.00      0.00      0.00      0.00
07:38:05 PM       1     25.25      0.00     74.75      0.00      0.00      0.00
07:38:06 PM       1     20.79      0.00     79.21      0.00      0.00      0.00
07:38:07 PM       1     24.00      0.00     76.00      0.00      0.00      0.00
07:38:08 PM       1     24.24      0.00     75.76      0.00      0.00      0.00
07:38:09 PM       1     24.24      0.00     75.76      0.00      0.00      0.00
07:38:10 PM       1     22.77      0.00     77.23      0.00      0.00      0.00
07:38:11 PM       1     19.00      0.00     81.00      0.00      0.00      0.00
07:38:12 PM       1     22.00      0.00     78.00      0.00      0.00      0.00
07:38:13 PM       1     21.78      0.00     78.22      0.00      0.00      0.00
07:38:14 PM       1     20.00      0.00     80.00      0.00      0.00      0.00
07:38:15 PM       1     21.00      0.00     79.00      0.00      0.00      0.00
07:38:16 PM       1     23.23      0.00     76.77      0.00      0.00      0.00
Average:          1     22.15      0.00     77.85      0.00      0.00      0.00
