Linux 3.14.33-regular (node220-2) 	01/06/2017 	_x86_64_	(8 CPU)

08:59:20 PM     CPU     %user     %nice   %system   %iowait    %steal     %idle
08:59:21 PM       1     24.00      0.00     76.00      0.00      0.00      0.00
08:59:22 PM       1     23.00      0.00     77.00      0.00      0.00      0.00
08:59:23 PM       1     22.22      0.00     77.78      0.00      0.00      0.00
08:59:24 PM       1     24.75      0.00     75.25      0.00      0.00      0.00
08:59:25 PM       1     24.00      0.00     76.00      0.00      0.00      0.00
08:59:26 PM       1     23.00      0.00     77.00      0.00      0.00      0.00
08:59:27 PM       1     18.18      0.00     81.82      0.00      0.00      0.00
08:59:28 PM       1     20.79      0.00     79.21      0.00      0.00      0.00
08:59:29 PM       1     25.00      0.00     75.00      0.00      0.00      0.00
08:59:30 PM       1     24.00      0.00     76.00      0.00      0.00      0.00
08:59:31 PM       1     21.78      0.00     78.22      0.00      0.00      0.00
08:59:32 PM       1     25.25      0.00     74.75      0.00      0.00      0.00
08:59:33 PM       1     20.79      0.00     79.21      0.00      0.00      0.00
08:59:34 PM       1     23.00      0.00     77.00      0.00      0.00      0.00
08:59:35 PM       1     20.00      0.00     80.00      0.00      0.00      0.00
08:59:36 PM       1     26.00      0.00     74.00      0.00      0.00      0.00
08:59:37 PM       1     22.00      0.00     78.00      0.00      0.00      0.00
08:59:38 PM       1     23.23      0.00     76.77      0.00      0.00      0.00
08:59:39 PM       1     20.00      0.00     80.00      0.00      0.00      0.00
08:59:40 PM       1     24.00      0.00     76.00      0.00      0.00      0.00
Average:          1     22.75      0.00     77.25      0.00      0.00      0.00
