Linux 3.14.33-regular (node220-2) 	01/06/2017 	_x86_64_	(8 CPU)

10:40:36 PM     CPU     %user     %nice   %system   %iowait    %steal     %idle
10:40:37 PM       1     21.00      0.00     79.00      0.00      0.00      0.00
10:40:38 PM       1     21.21      0.00     78.79      0.00      0.00      0.00
10:40:39 PM       1     23.76      0.00     76.24      0.00      0.00      0.00
10:40:40 PM       1     20.79      0.00     79.21      0.00      0.00      0.00
10:40:41 PM       1     22.00      0.00     78.00      0.00      0.00      0.00
10:40:42 PM       1     22.00      0.00     78.00      0.00      0.00      0.00
10:40:43 PM       1     23.23      0.00     76.77      0.00      0.00      0.00
10:40:44 PM       1     22.77      0.00     77.23      0.00      0.00      0.00
10:40:45 PM       1     21.21      0.00     78.79      0.00      0.00      0.00
10:40:46 PM       1     22.77      0.00     77.23      0.00      0.00      0.00
10:40:47 PM       1     24.00      0.00     76.00      0.00      0.00      0.00
10:40:48 PM       1     22.22      0.00     77.78      0.00      0.00      0.00
10:40:49 PM       1     21.00      0.00     79.00      0.00      0.00      0.00
10:40:50 PM       1     23.00      0.00     77.00      0.00      0.00      0.00
10:40:51 PM       1     15.00      0.00     85.00      0.00      0.00      0.00
10:40:52 PM       1     18.00      0.00     82.00      0.00      0.00      0.00
10:40:53 PM       1     11.00      0.00     89.00      0.00      0.00      0.00
10:40:54 PM       1     18.81      0.00     81.19      0.00      0.00      0.00
10:40:55 PM       1     23.23      0.00     76.77      0.00      0.00      0.00
10:40:56 PM       1     22.77      0.00     77.23      0.00      0.00      0.00
Average:          1     20.99      0.00     79.01      0.00      0.00      0.00
