Linux 3.14.33-regular (node220-2) 	01/06/2017 	_x86_64_	(8 CPU)

02:56:02 PM     CPU     %user     %nice   %system   %iowait    %steal     %idle
02:56:03 PM       1     22.22      0.00     77.78      0.00      0.00      0.00
02:56:04 PM       1     25.00      0.00     75.00      0.00      0.00      0.00
02:56:05 PM       1     20.00      0.00     80.00      0.00      0.00      0.00
02:56:06 PM       1     22.00      0.00     78.00      0.00      0.00      0.00
02:56:07 PM       1     25.74      0.00     74.26      0.00      0.00      0.00
02:56:08 PM       1     22.22      0.00     77.78      0.00      0.00      0.00
02:56:09 PM       1     19.00      0.00     81.00      0.00      0.00      0.00
02:56:10 PM       1     21.00      0.00     79.00      0.00      0.00      0.00
02:56:11 PM       1     18.00      0.00     82.00      0.00      0.00      0.00
02:56:12 PM       1     19.00      0.00     81.00      0.00      0.00      0.00
02:56:13 PM       1     20.00      0.00     80.00      0.00      0.00      0.00
02:56:14 PM       1     24.00      0.00     76.00      0.00      0.00      0.00
02:56:15 PM       1     24.00      0.00     76.00      0.00      0.00      0.00
02:56:16 PM       1     22.00      0.00     78.00      0.00      0.00      0.00
02:56:17 PM       1     20.00      0.00     80.00      0.00      0.00      0.00
02:56:18 PM       1     24.00      0.00     76.00      0.00      0.00      0.00
02:56:19 PM       1     26.26      0.00     73.74      0.00      0.00      0.00
02:56:20 PM       1     25.00      0.00     75.00      0.00      0.00      0.00
02:56:21 PM       1     24.75      0.00     75.25      0.00      0.00      0.00
02:56:22 PM       1     21.21      0.00     78.79      0.00      0.00      0.00
Average:          1     22.27      0.00     77.73      0.00      0.00      0.00
