Linux 3.14.33-regular (node220-2) 	01/06/2017 	_x86_64_	(8 CPU)

09:53:52 PM     CPU     %user     %nice   %system   %iowait    %steal     %idle
09:53:53 PM       1     25.00      0.00     75.00      0.00      0.00      0.00
09:53:54 PM       1     25.00      0.00     75.00      0.00      0.00      0.00
09:53:55 PM       1     21.00      0.00     79.00      0.00      0.00      0.00
09:53:56 PM       1     22.00      0.00     78.00      0.00      0.00      0.00
09:53:57 PM       1     23.00      0.00     77.00      0.00      0.00      0.00
09:53:58 PM       1     22.00      0.00     78.00      0.00      0.00      0.00
09:53:59 PM       1     22.00      0.00     78.00      0.00      0.00      0.00
09:54:00 PM       1     22.00      0.00     78.00      0.00      0.00      0.00
09:54:01 PM       1     22.00      0.00     78.00      0.00      0.00      0.00
09:54:02 PM       1     27.00      0.00     73.00      0.00      0.00      0.00
09:54:03 PM       1     22.00      0.00     78.00      0.00      0.00      0.00
09:54:04 PM       1     27.00      0.00     73.00      0.00      0.00      0.00
09:54:05 PM       1     22.22      0.00     77.78      0.00      0.00      0.00
09:54:06 PM       1     22.00      0.00     78.00      0.00      0.00      0.00
09:54:07 PM       1     22.77      0.00     77.23      0.00      0.00      0.00
09:54:08 PM       1     25.74      0.00     74.26      0.00      0.00      0.00
09:54:09 PM       1     19.19      0.00     80.81      0.00      0.00      0.00
09:54:10 PM       1     18.00      0.00     82.00      0.00      0.00      0.00
09:54:11 PM       1     21.00      0.00     79.00      0.00      0.00      0.00
09:54:12 PM       1     18.00      0.00     82.00      0.00      0.00      0.00
Average:          1     22.45      0.00     77.55      0.00      0.00      0.00
