Linux 3.14.33-regular (node220-2) 	01/06/2017 	_x86_64_	(8 CPU)

08:47:10 PM     CPU     %user     %nice   %system   %iowait    %steal     %idle
08:47:11 PM       1     20.79      0.00     79.21      0.00      0.00      0.00
08:47:12 PM       1     21.00      0.00     79.00      0.00      0.00      0.00
08:47:13 PM       1     23.00      0.00     77.00      0.00      0.00      0.00
08:47:14 PM       1     22.00      0.00     78.00      0.00      0.00      0.00
08:47:15 PM       1     19.19      0.00     80.81      0.00      0.00      0.00
08:47:16 PM       1     25.74      0.00     74.26      0.00      0.00      0.00
08:47:17 PM       1     26.00      0.00     74.00      0.00      0.00      0.00
08:47:18 PM       1     22.00      0.00     78.00      0.00      0.00      0.00
08:47:19 PM       1     23.00      0.00     77.00      0.00      0.00      0.00
08:47:20 PM       1     22.00      0.00     78.00      0.00      0.00      0.00
08:47:21 PM       1     24.00      0.00     76.00      0.00      0.00      0.00
08:47:22 PM       1     24.00      0.00     76.00      0.00      0.00      0.00
08:47:23 PM       1     23.00      0.00     77.00      0.00      0.00      0.00
08:47:24 PM       1     22.00      0.00     78.00      0.00      0.00      0.00
08:47:25 PM       1     26.00      0.00     74.00      0.00      0.00      0.00
08:47:26 PM       1     26.00      0.00     74.00      0.00      0.00      0.00
08:47:27 PM       1     21.00      0.00     79.00      0.00      0.00      0.00
08:47:28 PM       1     21.00      0.00     79.00      0.00      0.00      0.00
08:47:29 PM       1     26.00      0.00     74.00      0.00      0.00      0.00
08:47:30 PM       1     25.00      0.00     75.00      0.00      0.00      0.00
Average:          1     23.14      0.00     76.86      0.00      0.00      0.00
