Linux 3.14.33-regular (node220-2) 	01/06/2017 	_x86_64_	(8 CPU)

05:22:40 PM     CPU     %user     %nice   %system   %iowait    %steal     %idle
05:22:41 PM       1     26.00      0.00     74.00      0.00      0.00      0.00
05:22:42 PM       1     21.00      0.00     79.00      0.00      0.00      0.00
05:22:43 PM       1     22.00      0.00     78.00      0.00      0.00      0.00
05:22:44 PM       1     20.20      0.00     79.80      0.00      0.00      0.00
05:22:45 PM       1     16.83      0.00     83.17      0.00      0.00      0.00
05:22:46 PM       1     18.00      0.00     82.00      0.00      0.00      0.00
05:22:47 PM       1     25.25      0.00     74.75      0.00      0.00      0.00
05:22:48 PM       1     25.00      0.00     75.00      0.00      0.00      0.00
05:22:49 PM       1     18.81      0.00     81.19      0.00      0.00      0.00
05:22:50 PM       1     16.00      0.00     84.00      0.00      0.00      0.00
05:22:51 PM       1     21.21      0.00     78.79      0.00      0.00      0.00
05:22:52 PM       1     28.71      0.00     71.29      0.00      0.00      0.00
05:22:53 PM       1     19.00      0.00     81.00      0.00      0.00      0.00
05:22:54 PM       1     24.24      0.00     75.76      0.00      0.00      0.00
05:22:55 PM       1     26.00      0.00     74.00      0.00      0.00      0.00
05:22:56 PM       1     23.00      0.00     77.00      0.00      0.00      0.00
05:22:57 PM       1     19.80      0.00     80.20      0.00      0.00      0.00
05:22:58 PM       1     23.23      0.00     76.77      0.00      0.00      0.00
05:22:59 PM       1     25.00      0.00     75.00      0.00      0.00      0.00
05:23:00 PM       1     24.00      0.00     76.00      0.00      0.00      0.00
Average:          1     22.16      0.00     77.84      0.00      0.00      0.00
