Linux 3.14.33-regular (node220-2) 	01/06/2017 	_x86_64_	(8 CPU)

07:38:35 PM     CPU     %user     %nice   %system   %iowait    %steal     %idle
07:38:36 PM       1     22.00      0.00     78.00      0.00      0.00      0.00
07:38:37 PM       1     20.00      0.00     80.00      0.00      0.00      0.00
07:38:38 PM       1     22.00      0.00     78.00      0.00      0.00      0.00
07:38:39 PM       1     25.00      0.00     75.00      0.00      0.00      0.00
07:38:40 PM       1     21.21      0.00     78.79      0.00      0.00      0.00
07:38:41 PM       1     22.00      0.00     78.00      0.00      0.00      0.00
07:38:42 PM       1     24.00      0.00     76.00      0.00      0.00      0.00
07:38:43 PM       1     23.76      0.00     76.24      0.00      0.00      0.00
07:38:44 PM       1     23.23      0.00     76.77      0.00      0.00      0.00
07:38:45 PM       1     19.00      0.00     81.00      0.00      0.00      0.00
07:38:46 PM       1     24.00      0.00     76.00      0.00      0.00      0.00
07:38:47 PM       1     25.74      0.00     74.26      0.00      0.00      0.00
07:38:48 PM       1     23.00      0.00     77.00      0.00      0.00      0.00
07:38:49 PM       1     23.00      0.00     77.00      0.00      0.00      0.00
07:38:50 PM       1     23.00      0.00     77.00      0.00      0.00      0.00
07:38:51 PM       1     21.00      0.00     79.00      0.00      0.00      0.00
07:38:52 PM       1     26.00      0.00     74.00      0.00      0.00      0.00
07:38:53 PM       1     26.00      0.00     74.00      0.00      0.00      0.00
07:38:54 PM       1     23.76      0.00     76.24      0.00      0.00      0.00
07:38:55 PM       1     20.20      0.00     79.80      0.00      0.00      0.00
Average:          1     22.90      0.00     77.10      0.00      0.00      0.00
