Linux 3.14.33-regular (node220-2) 	01/06/2017 	_x86_64_	(8 CPU)

08:13:50 PM     CPU     %user     %nice   %system   %iowait    %steal     %idle
08:13:51 PM       1     24.00      0.00     76.00      0.00      0.00      0.00
08:13:52 PM       1     22.77      0.00     77.23      0.00      0.00      0.00
08:13:53 PM       1     17.17      0.00     82.83      0.00      0.00      0.00
08:13:54 PM       1     27.00      0.00     73.00      0.00      0.00      0.00
08:13:55 PM       1     19.80      0.00     80.20      0.00      0.00      0.00
08:13:56 PM       1     28.00      0.00     72.00      0.00      0.00      0.00
08:13:57 PM       1     25.00      0.00     75.00      0.00      0.00      0.00
08:13:58 PM       1     22.00      0.00     78.00      0.00      0.00      0.00
08:13:59 PM       1     23.23      0.00     76.77      0.00      0.00      0.00
08:14:00 PM       1     26.00      0.00     74.00      0.00      0.00      0.00
08:14:01 PM       1     25.00      0.00     75.00      0.00      0.00      0.00
08:14:02 PM       1     20.79      0.00     79.21      0.00      0.00      0.00
08:14:03 PM       1     22.00      0.00     78.00      0.00      0.00      0.00
08:14:04 PM       1     20.00      0.00     80.00      0.00      0.00      0.00
08:14:05 PM       1     25.00      0.00     75.00      0.00      0.00      0.00
08:14:06 PM       1     27.00      0.00     73.00      0.00      0.00      0.00
08:14:07 PM       1     20.00      0.00     80.00      0.00      0.00      0.00
08:14:08 PM       1     20.00      0.00     80.00      0.00      0.00      0.00
08:14:09 PM       1     23.00      0.00     77.00      0.00      0.00      0.00
08:14:10 PM       1     27.00      0.00     73.00      0.00      0.00      0.00
Average:          1     23.24      0.00     76.76      0.00      0.00      0.00
