Linux 3.14.33-regular (node220-2) 	01/06/2017 	_x86_64_	(8 CPU)

04:32:47 PM     CPU     %user     %nice   %system   %iowait    %steal     %idle
04:32:48 PM       1     19.80      0.00     80.20      0.00      0.00      0.00
04:32:49 PM       1     20.00      0.00     80.00      0.00      0.00      0.00
04:32:50 PM       1     22.22      0.00     77.78      0.00      0.00      0.00
04:32:51 PM       1     24.00      0.00     76.00      0.00      0.00      0.00
04:32:52 PM       1     26.00      0.00     74.00      0.00      0.00      0.00
04:32:53 PM       1     22.77      0.00     77.23      0.00      0.00      0.00
04:32:54 PM       1     23.23      0.00     76.77      0.00      0.00      0.00
04:32:55 PM       1     27.72      0.00     72.28      0.00      0.00      0.00
04:32:56 PM       1     18.18      0.00     81.82      0.00      0.00      0.00
04:32:57 PM       1     20.79      0.00     79.21      0.00      0.00      0.00
04:32:58 PM       1     25.25      0.00     74.75      0.00      0.00      0.00
04:32:59 PM       1     24.75      0.00     75.25      0.00      0.00      0.00
04:33:00 PM       1     19.00      0.00     81.00      0.00      0.00      0.00
04:33:01 PM       1     23.00      0.00     77.00      0.00      0.00      0.00
04:33:02 PM       1     23.23      0.00     76.77      0.00      0.00      0.00
04:33:03 PM       1     26.00      0.00     74.00      0.00      0.00      0.00
04:33:04 PM       1     22.00      0.00     78.00      0.00      0.00      0.00
04:33:05 PM       1     20.79      0.00     79.21      0.00      0.00      0.00
04:33:06 PM       1     20.00      0.00     80.00      0.00      0.00      0.00
04:33:07 PM       1     19.19      0.00     80.81      0.00      0.00      0.00
Average:          1     22.40      0.00     77.60      0.00      0.00      0.00
