Linux 3.14.33-regular (node220-2) 	01/06/2017 	_x86_64_	(8 CPU)

03:26:48 PM     CPU     %user     %nice   %system   %iowait    %steal     %idle
03:26:49 PM       1     23.76      0.00     76.24      0.00      0.00      0.00
03:26:50 PM       1     25.00      0.00     75.00      0.00      0.00      0.00
03:26:51 PM       1     20.00      0.00     80.00      0.00      0.00      0.00
03:26:52 PM       1     25.00      0.00     75.00      0.00      0.00      0.00
03:26:53 PM       1     20.00      0.00     80.00      0.00      0.00      0.00
03:26:54 PM       1     21.00      0.00     79.00      0.00      0.00      0.00
03:26:55 PM       1     29.00      0.00     71.00      0.00      0.00      0.00
03:26:56 PM       1     22.22      0.00     77.78      0.00      0.00      0.00
03:26:57 PM       1     21.00      0.00     79.00      0.00      0.00      0.00
03:26:58 PM       1     24.75      0.00     75.25      0.00      0.00      0.00
03:26:59 PM       1     23.00      0.00     77.00      0.00      0.00      0.00
03:27:00 PM       1     22.00      0.00     78.00      0.00      0.00      0.00
03:27:01 PM       1     24.00      0.00     76.00      0.00      0.00      0.00
03:27:02 PM       1     22.22      0.00     77.78      0.00      0.00      0.00
03:27:03 PM       1     22.00      0.00     78.00      0.00      0.00      0.00
03:27:04 PM       1     23.76      0.00     76.24      0.00      0.00      0.00
03:27:05 PM       1     20.00      0.00     80.00      0.00      0.00      0.00
03:27:06 PM       1     21.00      0.00     79.00      0.00      0.00      0.00
03:27:07 PM       1     19.00      0.00     81.00      0.00      0.00      0.00
03:27:08 PM       1     20.20      0.00     79.80      0.00      0.00      0.00
Average:          1     22.45      0.00     77.55      0.00      0.00      0.00
