Linux 3.14.33-regular (node220-2) 	01/06/2017 	_x86_64_	(8 CPU)

07:50:08 PM     CPU     %user     %nice   %system   %iowait    %steal     %idle
07:50:09 PM       1     22.00      0.00     78.00      0.00      0.00      0.00
07:50:10 PM       1     17.00      0.00     83.00      0.00      0.00      0.00
07:50:11 PM       1     25.00      0.00     75.00      0.00      0.00      0.00
07:50:12 PM       1     27.00      0.00     73.00      0.00      0.00      0.00
07:50:13 PM       1     23.00      0.00     77.00      0.00      0.00      0.00
07:50:14 PM       1     25.25      0.00     74.75      0.00      0.00      0.00
07:50:15 PM       1     21.00      0.00     79.00      0.00      0.00      0.00
07:50:16 PM       1     24.75      0.00     75.25      0.00      0.00      0.00
07:50:17 PM       1     25.00      0.00     75.00      0.00      0.00      0.00
07:50:18 PM       1     23.00      0.00     77.00      0.00      0.00      0.00
07:50:19 PM       1     23.00      0.00     77.00      0.00      0.00      0.00
07:50:20 PM       1     22.77      0.00     77.23      0.00      0.00      0.00
07:50:21 PM       1     25.25      0.00     74.75      0.00      0.00      0.00
07:50:22 PM       1     18.00      0.00     82.00      0.00      0.00      0.00
07:50:23 PM       1     24.00      0.00     76.00      0.00      0.00      0.00
07:50:24 PM       1     27.00      0.00     73.00      0.00      0.00      0.00
07:50:25 PM       1     19.00      0.00     81.00      0.00      0.00      0.00
07:50:26 PM       1     24.00      0.00     76.00      0.00      0.00      0.00
07:50:27 PM       1     23.00      0.00     77.00      0.00      0.00      0.00
07:50:28 PM       1     19.00      0.00     81.00      0.00      0.00      0.00
Average:          1     22.90      0.00     77.10      0.00      0.00      0.00
