Linux 3.14.33-regular (node220-2) 	01/06/2017 	_x86_64_	(8 CPU)

05:47:40 PM     CPU     %user     %nice   %system   %iowait    %steal     %idle
05:47:41 PM       1     22.00      0.00     78.00      0.00      0.00      0.00
05:47:42 PM       1     26.26      0.00     73.74      0.00      0.00      0.00
05:47:43 PM       1     17.82      0.00     82.18      0.00      0.00      0.00
05:47:44 PM       1     20.00      0.00     80.00      0.00      0.00      0.00
05:47:45 PM       1     23.00      0.00     77.00      0.00      0.00      0.00
05:47:46 PM       1     19.00      0.00     81.00      0.00      0.00      0.00
05:47:47 PM       1     22.00      0.00     78.00      0.00      0.00      0.00
05:47:48 PM       1     24.00      0.00     76.00      0.00      0.00      0.00
05:47:49 PM       1     20.00      0.00     80.00      0.00      0.00      0.00
05:47:50 PM       1     26.00      0.00     74.00      0.00      0.00      0.00
05:47:51 PM       1     25.00      0.00     75.00      0.00      0.00      0.00
05:47:52 PM       1     17.00      0.00     83.00      0.00      0.00      0.00
05:47:53 PM       1     29.00      0.00     71.00      0.00      0.00      0.00
05:47:54 PM       1     22.00      0.00     78.00      0.00      0.00      0.00
05:47:55 PM       1     19.00      0.00     81.00      0.00      0.00      0.00
05:47:56 PM       1     22.00      0.00     78.00      0.00      0.00      0.00
05:47:57 PM       1     26.73      0.00     73.27      0.00      0.00      0.00
05:47:58 PM       1     19.19      0.00     80.81      0.00      0.00      0.00
05:47:59 PM       1     19.00      0.00     81.00      0.00      0.00      0.00
05:48:00 PM       1     18.00      0.00     82.00      0.00      0.00      0.00
Average:          1     21.85      0.00     78.15      0.00      0.00      0.00
