Linux 3.14.33-regular (node220-2) 	01/06/2017 	_x86_64_	(8 CPU)

04:25:43 PM     CPU     %user     %nice   %system   %iowait    %steal     %idle
04:25:44 PM       1     22.00      0.00     78.00      0.00      0.00      0.00
04:25:45 PM       1     26.00      0.00     74.00      0.00      0.00      0.00
04:25:46 PM       1     23.00      0.00     77.00      0.00      0.00      0.00
04:25:47 PM       1     22.22      0.00     77.78      0.00      0.00      0.00
04:25:48 PM       1     24.00      0.00     76.00      0.00      0.00      0.00
04:25:49 PM       1     24.00      0.00     76.00      0.00      0.00      0.00
04:25:50 PM       1     20.79      0.00     79.21      0.00      0.00      0.00
04:25:51 PM       1     26.26      0.00     73.74      0.00      0.00      0.00
04:25:52 PM       1     22.00      0.00     78.00      0.00      0.00      0.00
04:25:53 PM       1     23.00      0.00     77.00      0.00      0.00      0.00
04:25:54 PM       1     21.00      0.00     79.00      0.00      0.00      0.00
04:25:55 PM       1     24.00      0.00     76.00      0.00      0.00      0.00
04:25:56 PM       1     24.00      0.00     76.00      0.00      0.00      0.00
04:25:57 PM       1     25.00      0.00     75.00      0.00      0.00      0.00
04:25:58 PM       1     23.00      0.00     77.00      0.00      0.00      0.00
04:25:59 PM       1     18.00      0.00     82.00      0.00      0.00      0.00
04:26:00 PM       1     24.75      0.00     75.25      0.00      0.00      0.00
04:26:01 PM       1     23.00      0.00     77.00      0.00      0.00      0.00
04:26:02 PM       1     24.00      0.00     76.00      0.00      0.00      0.00
04:26:03 PM       1     19.00      0.00     81.00      0.00      0.00      0.00
Average:          1     22.95      0.00     77.05      0.00      0.00      0.00
