Linux 3.14.33-regular (node220-2) 	01/06/2017 	_x86_64_	(8 CPU)

08:34:58 PM     CPU     %user     %nice   %system   %iowait    %steal     %idle
08:34:59 PM       1     21.00      0.00     79.00      0.00      0.00      0.00
08:35:00 PM       1     18.81      0.00     81.19      0.00      0.00      0.00
08:35:01 PM       1     22.22      0.00     77.78      0.00      0.00      0.00
08:35:02 PM       1     21.00      0.00     79.00      0.00      0.00      0.00
08:35:03 PM       1     20.79      0.00     79.21      0.00      0.00      0.00
08:35:04 PM       1     22.00      0.00     78.00      0.00      0.00      0.00
08:35:05 PM       1     24.00      0.00     76.00      0.00      0.00      0.00
08:35:06 PM       1     23.00      0.00     77.00      0.00      0.00      0.00
08:35:07 PM       1     18.18      0.00     81.82      0.00      0.00      0.00
08:35:08 PM       1     24.75      0.00     75.25      0.00      0.00      0.00
08:35:09 PM       1     18.00      0.00     82.00      0.00      0.00      0.00
08:35:10 PM       1     20.00      0.00     80.00      0.00      0.00      0.00
08:35:11 PM       1     21.21      0.00     78.79      0.00      0.00      0.00
08:35:12 PM       1     18.00      0.00     82.00      0.00      0.00      0.00
08:35:13 PM       1     19.00      0.00     81.00      0.00      0.00      0.00
08:35:14 PM       1     24.00      0.00     76.00      0.00      0.00      0.00
08:35:15 PM       1     22.00      0.00     78.00      0.00      0.00      0.00
08:35:16 PM       1     22.00      0.00     78.00      0.00      0.00      0.00
08:35:17 PM       1     25.00      0.00     75.00      0.00      0.00      0.00
08:35:18 PM       1     22.77      0.00     77.23      0.00      0.00      0.00
Average:          1     21.39      0.00     78.61      0.00      0.00      0.00
