Linux 3.14.33-regular (node220-2) 	01/06/2017 	_x86_64_	(8 CPU)

07:49:29 PM     CPU     %user     %nice   %system   %iowait    %steal     %idle
07:49:30 PM       1     24.24      0.00     75.76      0.00      0.00      0.00
07:49:31 PM       1     25.00      0.00     75.00      0.00      0.00      0.00
07:49:32 PM       1     21.00      0.00     79.00      0.00      0.00      0.00
07:49:33 PM       1     24.24      0.00     75.76      0.00      0.00      0.00
07:49:34 PM       1     23.00      0.00     77.00      0.00      0.00      0.00
07:49:35 PM       1     22.77      0.00     77.23      0.00      0.00      0.00
07:49:36 PM       1     18.00      0.00     82.00      0.00      0.00      0.00
07:49:37 PM       1     20.00      0.00     80.00      0.00      0.00      0.00
07:49:38 PM       1     22.22      0.00     77.78      0.00      0.00      0.00
07:49:39 PM       1     22.77      0.00     77.23      0.00      0.00      0.00
07:49:40 PM       1     25.00      0.00     75.00      0.00      0.00      0.00
07:49:41 PM       1     19.00      0.00     81.00      0.00      0.00      0.00
07:49:42 PM       1     22.00      0.00     78.00      0.00      0.00      0.00
07:49:43 PM       1     23.00      0.00     77.00      0.00      0.00      0.00
07:49:44 PM       1     19.80      0.00     80.20      0.00      0.00      0.00
07:49:45 PM       1     20.20      0.00     79.80      0.00      0.00      0.00
07:49:46 PM       1     19.00      0.00     81.00      0.00      0.00      0.00
07:49:47 PM       1     22.77      0.00     77.23      0.00      0.00      0.00
07:49:48 PM       1     18.18      0.00     81.82      0.00      0.00      0.00
07:49:49 PM       1     19.80      0.00     80.20      0.00      0.00      0.00
Average:          1     21.60      0.00     78.40      0.00      0.00      0.00
