Linux 3.14.33-regular (node220-2) 	01/06/2017 	_x86_64_	(8 CPU)

03:12:06 PM     CPU     %user     %nice   %system   %iowait    %steal     %idle
03:12:07 PM       1     22.77      0.00     77.23      0.00      0.00      0.00
03:12:08 PM       1     21.00      0.00     79.00      0.00      0.00      0.00
03:12:09 PM       1     23.00      0.00     77.00      0.00      0.00      0.00
03:12:10 PM       1     23.00      0.00     77.00      0.00      0.00      0.00
03:12:11 PM       1     24.00      0.00     76.00      0.00      0.00      0.00
03:12:12 PM       1     24.00      0.00     76.00      0.00      0.00      0.00
03:12:13 PM       1     19.00      0.00     81.00      0.00      0.00      0.00
03:12:14 PM       1     17.00      0.00     83.00      0.00      0.00      0.00
03:12:15 PM       1     22.00      0.00     78.00      0.00      0.00      0.00
03:12:16 PM       1     23.00      0.00     77.00      0.00      0.00      0.00
03:12:17 PM       1     24.00      0.00     76.00      0.00      0.00      0.00
03:12:18 PM       1     27.00      0.00     73.00      0.00      0.00      0.00
03:12:19 PM       1     18.00      0.00     82.00      0.00      0.00      0.00
03:12:20 PM       1     23.00      0.00     77.00      0.00      0.00      0.00
03:12:21 PM       1     20.20      0.00     79.80      0.00      0.00      0.00
03:12:22 PM       1     18.00      0.00     82.00      0.00      0.00      0.00
03:12:23 PM       1     23.76      0.00     76.24      0.00      0.00      0.00
03:12:24 PM       1     20.00      0.00     80.00      0.00      0.00      0.00
03:12:25 PM       1     18.00      0.00     82.00      0.00      0.00      0.00
03:12:26 PM       1     20.20      0.00     79.80      0.00      0.00      0.00
Average:          1     21.55      0.00     78.45      0.00      0.00      0.00
