Linux 3.14.33-regular (node220-2) 	01/06/2017 	_x86_64_	(8 CPU)

10:21:26 PM     CPU     %user     %nice   %system   %iowait    %steal     %idle
10:21:27 PM       1     19.80      0.00     80.20      0.00      0.00      0.00
10:21:28 PM       1     23.76      0.00     76.24      0.00      0.00      0.00
10:21:29 PM       1     20.20      0.00     79.80      0.00      0.00      0.00
10:21:30 PM       1     26.00      0.00     74.00      0.00      0.00      0.00
10:21:31 PM       1     23.00      0.00     77.00      0.00      0.00      0.00
10:21:32 PM       1     24.00      0.00     76.00      0.00      0.00      0.00
10:21:33 PM       1     22.00      0.00     78.00      0.00      0.00      0.00
10:21:34 PM       1     25.00      0.00     75.00      0.00      0.00      0.00
10:21:35 PM       1     28.00      0.00     72.00      0.00      0.00      0.00
10:21:36 PM       1     23.00      0.00     77.00      0.00      0.00      0.00
10:21:37 PM       1     22.00      0.00     78.00      0.00      0.00      0.00
10:21:38 PM       1     23.00      0.00     77.00      0.00      0.00      0.00
10:21:39 PM       1     23.00      0.00     77.00      0.00      0.00      0.00
10:21:40 PM       1     22.00      0.00     78.00      0.00      0.00      0.00
10:21:41 PM       1     20.00      0.00     80.00      0.00      0.00      0.00
10:21:42 PM       1     29.29      0.00     70.71      0.00      0.00      0.00
10:21:43 PM       1     22.77      0.00     77.23      0.00      0.00      0.00
10:21:44 PM       1     24.00      0.00     76.00      0.00      0.00      0.00
10:21:45 PM       1     23.00      0.00     77.00      0.00      0.00      0.00
10:21:46 PM       1     23.00      0.00     77.00      0.00      0.00      0.00
Average:          1     23.34      0.00     76.66      0.00      0.00      0.00
