Linux 3.14.33-regular (node220-2) 	01/06/2017 	_x86_64_	(8 CPU)

05:02:12 PM     CPU     %user     %nice   %system   %iowait    %steal     %idle
05:02:13 PM       1     21.21      0.00     78.79      0.00      0.00      0.00
05:02:14 PM       1     22.00      0.00     78.00      0.00      0.00      0.00
05:02:15 PM       1     22.00      0.00     78.00      0.00      0.00      0.00
05:02:16 PM       1     20.79      0.00     79.21      0.00      0.00      0.00
05:02:17 PM       1     21.21      0.00     78.79      0.00      0.00      0.00
05:02:18 PM       1     19.00      0.00     81.00      0.00      0.00      0.00
05:02:19 PM       1     18.81      0.00     81.19      0.00      0.00      0.00
05:02:20 PM       1     24.00      0.00     76.00      0.00      0.00      0.00
05:02:21 PM       1     24.24      0.00     75.76      0.00      0.00      0.00
05:02:22 PM       1     21.00      0.00     79.00      0.00      0.00      0.00
05:02:23 PM       1     25.00      0.00     75.00      0.00      0.00      0.00
05:02:24 PM       1     18.81      0.00     81.19      0.00      0.00      0.00
05:02:25 PM       1     26.00      0.00     74.00      0.00      0.00      0.00
05:02:26 PM       1     18.18      0.00     81.82      0.00      0.00      0.00
05:02:27 PM       1     24.00      0.00     76.00      0.00      0.00      0.00
05:02:28 PM       1     22.77      0.00     77.23      0.00      0.00      0.00
05:02:29 PM       1     20.20      0.00     79.80      0.00      0.00      0.00
05:02:30 PM       1     24.75      0.00     75.25      0.00      0.00      0.00
05:02:31 PM       1     18.00      0.00     82.00      0.00      0.00      0.00
05:02:32 PM       1     21.00      0.00     79.00      0.00      0.00      0.00
Average:          1     21.65      0.00     78.35      0.00      0.00      0.00
