Linux 3.14.33-regular (node220-2) 	01/06/2017 	_x86_64_	(8 CPU)

07:20:38 PM     CPU     %user     %nice   %system   %iowait    %steal     %idle
07:20:39 PM       1     22.00      0.00     78.00      0.00      0.00      0.00
07:20:40 PM       1     20.00      0.00     80.00      0.00      0.00      0.00
07:20:41 PM       1     25.00      0.00     75.00      0.00      0.00      0.00
07:20:42 PM       1     23.76      0.00     76.24      0.00      0.00      0.00
07:20:43 PM       1     24.00      0.00     76.00      0.00      0.00      0.00
07:20:44 PM       1     24.24      0.00     75.76      0.00      0.00      0.00
07:20:45 PM       1     23.76      0.00     76.24      0.00      0.00      0.00
07:20:46 PM       1     20.00      0.00     80.00      0.00      0.00      0.00
07:20:47 PM       1     21.21      0.00     78.79      0.00      0.00      0.00
07:20:48 PM       1     22.00      0.00     78.00      0.00      0.00      0.00
07:20:49 PM       1     20.00      0.00     80.00      0.00      0.00      0.00
07:20:50 PM       1     22.00      0.00     78.00      0.00      0.00      0.00
07:20:51 PM       1     20.00      0.00     80.00      0.00      0.00      0.00
07:20:52 PM       1     21.00      0.00     79.00      0.00      0.00      0.00
07:20:53 PM       1     24.00      0.00     76.00      0.00      0.00      0.00
07:20:54 PM       1     18.00      0.00     82.00      0.00      0.00      0.00
07:20:55 PM       1     23.00      0.00     77.00      0.00      0.00      0.00
07:20:56 PM       1     22.77      0.00     77.23      0.00      0.00      0.00
07:20:57 PM       1     23.23      0.00     76.77      0.00      0.00      0.00
07:20:58 PM       1     22.00      0.00     78.00      0.00      0.00      0.00
Average:          1     22.10      0.00     77.90      0.00      0.00      0.00
