Linux 3.14.33-regular (node220-2) 	01/06/2017 	_x86_64_	(8 CPU)

07:22:33 PM     CPU     %user     %nice   %system   %iowait    %steal     %idle
07:22:34 PM       1     21.78      0.00     78.22      0.00      0.00      0.00
07:22:35 PM       1     16.00      0.00     84.00      0.00      0.00      0.00
07:22:36 PM       1     24.00      0.00     76.00      0.00      0.00      0.00
07:22:37 PM       1     24.00      0.00     76.00      0.00      0.00      0.00
07:22:38 PM       1     22.00      0.00     78.00      0.00      0.00      0.00
07:22:39 PM       1     20.00      0.00     80.00      0.00      0.00      0.00
07:22:40 PM       1     18.18      0.00     81.82      0.00      0.00      0.00
07:22:41 PM       1     18.81      0.00     81.19      0.00      0.00      0.00
07:22:42 PM       1     20.00      0.00     80.00      0.00      0.00      0.00
07:22:43 PM       1     22.00      0.00     78.00      0.00      0.00      0.00
07:22:44 PM       1     23.00      0.00     77.00      0.00      0.00      0.00
07:22:45 PM       1     22.00      0.00     78.00      0.00      0.00      0.00
07:22:46 PM       1     23.00      0.00     77.00      0.00      0.00      0.00
07:22:47 PM       1     23.23      0.00     76.77      0.00      0.00      0.00
07:22:48 PM       1     20.00      0.00     80.00      0.00      0.00      0.00
07:22:49 PM       1     20.79      0.00     79.21      0.00      0.00      0.00
07:22:50 PM       1     23.23      0.00     76.77      0.00      0.00      0.00
07:22:51 PM       1     16.00      0.00     84.00      0.00      0.00      0.00
07:22:52 PM       1     20.00      0.00     80.00      0.00      0.00      0.00
07:22:53 PM       1     23.00      0.00     77.00      0.00      0.00      0.00
Average:          1     21.05      0.00     78.95      0.00      0.00      0.00
