Linux 3.14.33-regular (node220-2) 	01/06/2017 	_x86_64_	(8 CPU)

07:56:31 PM     CPU     %user     %nice   %system   %iowait    %steal     %idle
07:56:32 PM       1     24.00      0.00     76.00      0.00      0.00      0.00
07:56:33 PM       1     21.78      0.00     78.22      0.00      0.00      0.00
07:56:34 PM       1     21.21      0.00     78.79      0.00      0.00      0.00
07:56:35 PM       1     21.00      0.00     79.00      0.00      0.00      0.00
07:56:36 PM       1     21.78      0.00     78.22      0.00      0.00      0.00
07:56:37 PM       1     22.00      0.00     78.00      0.00      0.00      0.00
07:56:38 PM       1     23.23      0.00     76.77      0.00      0.00      0.00
07:56:39 PM       1     24.75      0.00     75.25      0.00      0.00      0.00
07:56:40 PM       1     24.24      0.00     75.76      0.00      0.00      0.00
07:56:41 PM       1     22.00      0.00     78.00      0.00      0.00      0.00
07:56:42 PM       1     21.78      0.00     78.22      0.00      0.00      0.00
07:56:43 PM       1     26.00      0.00     74.00      0.00      0.00      0.00
07:56:44 PM       1     22.00      0.00     78.00      0.00      0.00      0.00
07:56:45 PM       1     20.00      0.00     80.00      0.00      0.00      0.00
07:56:46 PM       1     23.00      0.00     77.00      0.00      0.00      0.00
07:56:47 PM       1     21.00      0.00     79.00      0.00      0.00      0.00
07:56:48 PM       1     24.24      0.00     75.76      0.00      0.00      0.00
07:56:49 PM       1     21.78      0.00     78.22      0.00      0.00      0.00
07:56:50 PM       1     26.26      0.00     73.74      0.00      0.00      0.00
07:56:51 PM       1     25.00      0.00     75.00      0.00      0.00      0.00
Average:          1     22.85      0.00     77.15      0.00      0.00      0.00
