Linux 3.14.33-regular (node220-2) 	01/06/2017 	_x86_64_	(8 CPU)

09:47:26 PM     CPU     %user     %nice   %system   %iowait    %steal     %idle
09:47:27 PM       1     20.00      0.00     80.00      0.00      0.00      0.00
09:47:28 PM       1     22.00      0.00     78.00      0.00      0.00      0.00
09:47:29 PM       1     22.00      0.00     78.00      0.00      0.00      0.00
09:47:30 PM       1     17.00      0.00     83.00      0.00      0.00      0.00
09:47:31 PM       1     23.76      0.00     76.24      0.00      0.00      0.00
09:47:32 PM       1     18.00      0.00     82.00      0.00      0.00      0.00
09:47:33 PM       1     22.00      0.00     78.00      0.00      0.00      0.00
09:47:34 PM       1     24.00      0.00     76.00      0.00      0.00      0.00
09:47:35 PM       1     20.20      0.00     79.80      0.00      0.00      0.00
09:47:36 PM       1     23.00      0.00     77.00      0.00      0.00      0.00
09:47:37 PM       1     23.00      0.00     77.00      0.00      0.00      0.00
09:47:38 PM       1     25.00      0.00     75.00      0.00      0.00      0.00
09:47:39 PM       1     19.80      0.00     80.20      0.00      0.00      0.00
09:47:40 PM       1     18.00      0.00     82.00      0.00      0.00      0.00
09:47:41 PM       1     28.28      0.00     71.72      0.00      0.00      0.00
09:47:42 PM       1     23.00      0.00     77.00      0.00      0.00      0.00
09:47:43 PM       1     26.73      0.00     73.27      0.00      0.00      0.00
09:47:44 PM       1     22.22      0.00     77.78      0.00      0.00      0.00
09:47:45 PM       1     22.77      0.00     77.23      0.00      0.00      0.00
09:47:46 PM       1     22.22      0.00     77.78      0.00      0.00      0.00
Average:          1     22.15      0.00     77.85      0.00      0.00      0.00
