Linux 3.14.33-regular (node220-2) 	01/06/2017 	_x86_64_	(8 CPU)

04:41:44 PM     CPU     %user     %nice   %system   %iowait    %steal     %idle
04:41:45 PM       1     22.22      0.00     77.78      0.00      0.00      0.00
04:41:46 PM       1     24.75      0.00     75.25      0.00      0.00      0.00
04:41:47 PM       1     23.00      0.00     77.00      0.00      0.00      0.00
04:41:48 PM       1     21.21      0.00     78.79      0.00      0.00      0.00
04:41:49 PM       1     18.81      0.00     81.19      0.00      0.00      0.00
04:41:50 PM       1     22.00      0.00     78.00      0.00      0.00      0.00
04:41:51 PM       1     23.00      0.00     77.00      0.00      0.00      0.00
04:41:52 PM       1     20.20      0.00     79.80      0.00      0.00      0.00
04:41:53 PM       1     19.80      0.00     80.20      0.00      0.00      0.00
04:41:54 PM       1     23.00      0.00     77.00      0.00      0.00      0.00
04:41:55 PM       1     21.21      0.00     78.79      0.00      0.00      0.00
04:41:56 PM       1     21.78      0.00     78.22      0.00      0.00      0.00
04:41:57 PM       1     24.00      0.00     76.00      0.00      0.00      0.00
04:41:58 PM       1     24.00      0.00     76.00      0.00      0.00      0.00
04:41:59 PM       1     21.00      0.00     79.00      0.00      0.00      0.00
04:42:00 PM       1     23.00      0.00     77.00      0.00      0.00      0.00
04:42:01 PM       1     25.00      0.00     75.00      0.00      0.00      0.00
04:42:02 PM       1     22.00      0.00     78.00      0.00      0.00      0.00
04:42:03 PM       1     25.00      0.00     75.00      0.00      0.00      0.00
04:42:04 PM       1     25.00      0.00     75.00      0.00      0.00      0.00
Average:          1     22.50      0.00     77.50      0.00      0.00      0.00
