Linux 3.14.33-regular (node220-2) 	01/06/2017 	_x86_64_	(8 CPU)

02:23:20 PM     CPU     %user     %nice   %system   %iowait    %steal     %idle
02:23:21 PM       1     24.24      0.00     75.76      0.00      0.00      0.00
02:23:22 PM       1     23.76      0.00     76.24      0.00      0.00      0.00
02:23:23 PM       1     18.18      0.00     81.82      0.00      0.00      0.00
02:23:24 PM       1     18.81      0.00     81.19      0.00      0.00      0.00
02:23:25 PM       1     23.23      0.00     76.77      0.00      0.00      0.00
02:23:26 PM       1     20.00      0.00     80.00      0.00      0.00      0.00
02:23:27 PM       1     20.00      0.00     80.00      0.00      0.00      0.00
02:23:28 PM       1     25.74      0.00     74.26      0.00      0.00      0.00
02:23:29 PM       1     22.22      0.00     77.78      0.00      0.00      0.00
02:23:30 PM       1     25.00      0.00     75.00      0.00      0.00      0.00
02:23:31 PM       1     21.00      0.00     79.00      0.00      0.00      0.00
02:23:32 PM       1     26.00      0.00     74.00      0.00      0.00      0.00
02:23:33 PM       1     22.77      0.00     77.23      0.00      0.00      0.00
02:23:34 PM       1     28.00      0.00     72.00      0.00      0.00      0.00
02:23:35 PM       1     20.00      0.00     80.00      0.00      0.00      0.00
02:23:36 PM       1     21.00      0.00     79.00      0.00      0.00      0.00
02:23:37 PM       1     21.00      0.00     79.00      0.00      0.00      0.00
02:23:38 PM       1     23.00      0.00     77.00      0.00      0.00      0.00
02:23:39 PM       1     18.18      0.00     81.82      0.00      0.00      0.00
02:23:40 PM       1     21.00      0.00     79.00      0.00      0.00      0.00
Average:          1     22.16      0.00     77.84      0.00      0.00      0.00
