Linux 3.14.33-regular (node220-2) 	01/06/2017 	_x86_64_	(8 CPU)

06:53:02 PM     CPU     %user     %nice   %system   %iowait    %steal     %idle
06:53:03 PM       1     22.00      0.00     78.00      0.00      0.00      0.00
06:53:04 PM       1     26.00      0.00     74.00      0.00      0.00      0.00
06:53:05 PM       1     21.78      0.00     78.22      0.00      0.00      0.00
06:53:06 PM       1     25.25      0.00     74.75      0.00      0.00      0.00
06:53:07 PM       1     24.00      0.00     76.00      0.00      0.00      0.00
06:53:08 PM       1     23.76      0.00     76.24      0.00      0.00      0.00
06:53:09 PM       1     21.21      0.00     78.79      0.00      0.00      0.00
06:53:10 PM       1     26.00      0.00     74.00      0.00      0.00      0.00
06:53:11 PM       1     23.00      0.00     77.00      0.00      0.00      0.00
06:53:12 PM       1     20.00      0.00     80.00      0.00      0.00      0.00
06:53:13 PM       1     19.00      0.00     81.00      0.00      0.00      0.00
06:53:14 PM       1     23.76      0.00     76.24      0.00      0.00      0.00
06:53:15 PM       1     22.22      0.00     77.78      0.00      0.00      0.00
06:53:16 PM       1     21.00      0.00     79.00      0.00      0.00      0.00
06:53:17 PM       1     26.00      0.00     74.00      0.00      0.00      0.00
06:53:18 PM       1     20.79      0.00     79.21      0.00      0.00      0.00
06:53:19 PM       1     20.20      0.00     79.80      0.00      0.00      0.00
06:53:20 PM       1     19.80      0.00     80.20      0.00      0.00      0.00
06:53:21 PM       1     17.17      0.00     82.83      0.00      0.00      0.00
06:53:22 PM       1     27.00      0.00     73.00      0.00      0.00      0.00
Average:          1     22.50      0.00     77.50      0.00      0.00      0.00
