Linux 3.14.33-regular (node220-2) 	01/06/2017 	_x86_64_	(8 CPU)

01:18:34 PM     CPU     %user     %nice   %system   %iowait    %steal     %idle
01:18:35 PM       1     20.00      0.00     80.00      0.00      0.00      0.00
01:18:36 PM       1     22.00      0.00     78.00      0.00      0.00      0.00
01:18:37 PM       1     21.00      0.00     79.00      0.00      0.00      0.00
01:18:38 PM       1     22.00      0.00     78.00      0.00      0.00      0.00
01:18:39 PM       1     28.00      0.00     72.00      0.00      0.00      0.00
01:18:40 PM       1     20.00      0.00     80.00      0.00      0.00      0.00
01:18:41 PM       1     22.00      0.00     78.00      0.00      0.00      0.00
01:18:42 PM       1     21.00      0.00     79.00      0.00      0.00      0.00
01:18:43 PM       1     23.00      0.00     77.00      0.00      0.00      0.00
01:18:44 PM       1     22.77      0.00     77.23      0.00      0.00      0.00
01:18:45 PM       1     22.22      0.00     77.78      0.00      0.00      0.00
01:18:46 PM       1     20.20      0.00     79.80      0.00      0.00      0.00
01:18:47 PM       1     24.00      0.00     76.00      0.00      0.00      0.00
01:18:48 PM       1     24.51      0.00     75.49      0.00      0.00      0.00
01:18:49 PM       1     23.23      0.00     76.77      0.00      0.00      0.00
01:18:50 PM       1     20.79      0.00     79.21      0.00      0.00      0.00
01:18:51 PM       1     19.19      0.00     80.81      0.00      0.00      0.00
01:18:52 PM       1     20.00      0.00     80.00      0.00      0.00      0.00
01:18:53 PM       1     20.79      0.00     79.21      0.00      0.00      0.00
01:18:54 PM       1     25.00      0.00     75.00      0.00      0.00      0.00
Average:          1     22.09      0.00     77.91      0.00      0.00      0.00
