Linux 3.14.33-regular (node220-2) 	01/06/2017 	_x86_64_	(8 CPU)

05:45:45 PM     CPU     %user     %nice   %system   %iowait    %steal     %idle
05:45:46 PM       1     22.00      0.00     78.00      0.00      0.00      0.00
05:45:47 PM       1     24.00      0.00     76.00      0.00      0.00      0.00
05:45:48 PM       1     21.00      0.00     79.00      0.00      0.00      0.00
05:45:49 PM       1     20.00      0.00     80.00      0.00      0.00      0.00
05:45:50 PM       1     25.00      0.00     75.00      0.00      0.00      0.00
05:45:51 PM       1     26.00      0.00     74.00      0.00      0.00      0.00
05:45:52 PM       1     22.00      0.00     78.00      0.00      0.00      0.00
05:45:53 PM       1     22.22      0.00     77.78      0.00      0.00      0.00
05:45:54 PM       1     27.72      0.00     72.28      0.00      0.00      0.00
05:45:55 PM       1     23.23      0.00     76.77      0.00      0.00      0.00
05:45:56 PM       1     25.74      0.00     74.26      0.00      0.00      0.00
05:45:57 PM       1     23.23      0.00     76.77      0.00      0.00      0.00
05:45:58 PM       1     19.80      0.00     80.20      0.00      0.00      0.00
05:45:59 PM       1     25.00      0.00     75.00      0.00      0.00      0.00
05:46:00 PM       1     21.21      0.00     78.79      0.00      0.00      0.00
05:46:01 PM       1     21.00      0.00     79.00      0.00      0.00      0.00
05:46:02 PM       1     23.00      0.00     77.00      0.00      0.00      0.00
05:46:03 PM       1     19.80      0.00     80.20      0.00      0.00      0.00
05:46:04 PM       1     23.00      0.00     77.00      0.00      0.00      0.00
05:46:05 PM       1     20.00      0.00     80.00      0.00      0.00      0.00
Average:          1     22.75      0.00     77.25      0.00      0.00      0.00
