Linux 3.14.33-regular (node220-2) 	01/06/2017 	_x86_64_	(8 CPU)

09:32:02 PM     CPU     %user     %nice   %system   %iowait    %steal     %idle
09:32:03 PM       1     17.17      0.00     82.83      0.00      0.00      0.00
09:32:04 PM       1     24.75      0.00     75.25      0.00      0.00      0.00
09:32:05 PM       1     21.00      0.00     79.00      0.00      0.00      0.00
09:32:06 PM       1     23.23      0.00     76.77      0.00      0.00      0.00
09:32:07 PM       1     23.76      0.00     76.24      0.00      0.00      0.00
09:32:08 PM       1     18.00      0.00     82.00      0.00      0.00      0.00
09:32:09 PM       1     21.00      0.00     79.00      0.00      0.00      0.00
09:32:10 PM       1     25.25      0.00     74.75      0.00      0.00      0.00
09:32:11 PM       1     24.75      0.00     75.25      0.00      0.00      0.00
09:32:12 PM       1     22.00      0.00     78.00      0.00      0.00      0.00
09:32:13 PM       1     26.00      0.00     74.00      0.00      0.00      0.00
09:32:14 PM       1     26.00      0.00     74.00      0.00      0.00      0.00
09:32:15 PM       1     21.00      0.00     79.00      0.00      0.00      0.00
09:32:16 PM       1     24.24      0.00     75.76      0.00      0.00      0.00
09:32:17 PM       1     22.00      0.00     78.00      0.00      0.00      0.00
09:32:18 PM       1     25.74      0.00     74.26      0.00      0.00      0.00
09:32:19 PM       1     22.77      0.00     77.23      0.00      0.00      0.00
09:32:20 PM       1     24.00      0.00     76.00      0.00      0.00      0.00
09:32:21 PM       1     26.00      0.00     74.00      0.00      0.00      0.00
09:32:22 PM       1     24.24      0.00     75.76      0.00      0.00      0.00
Average:          1     23.15      0.00     76.85      0.00      0.00      0.00
