Linux 3.14.33-regular (node220-2) 	01/06/2017 	_x86_64_	(8 CPU)

05:56:37 PM     CPU     %user     %nice   %system   %iowait    %steal     %idle
05:56:38 PM       1     19.19      0.00     80.81      0.00      0.00      0.00
05:56:39 PM       1     19.00      0.00     81.00      0.00      0.00      0.00
05:56:40 PM       1     21.78      0.00     78.22      0.00      0.00      0.00
05:56:41 PM       1     21.00      0.00     79.00      0.00      0.00      0.00
05:56:42 PM       1     25.00      0.00     75.00      0.00      0.00      0.00
05:56:43 PM       1     22.00      0.00     78.00      0.00      0.00      0.00
05:56:44 PM       1     16.00      0.00     84.00      0.00      0.00      0.00
05:56:45 PM       1     18.00      0.00     82.00      0.00      0.00      0.00
05:56:46 PM       1     23.00      0.00     77.00      0.00      0.00      0.00
05:56:47 PM       1     23.00      0.00     77.00      0.00      0.00      0.00
05:56:48 PM       1     24.00      0.00     76.00      0.00      0.00      0.00
05:56:49 PM       1     27.00      0.00     73.00      0.00      0.00      0.00
05:56:50 PM       1     21.00      0.00     79.00      0.00      0.00      0.00
05:56:51 PM       1     20.00      0.00     80.00      0.00      0.00      0.00
05:56:52 PM       1     17.00      0.00     83.00      0.00      0.00      0.00
05:56:53 PM       1     26.00      0.00     74.00      0.00      0.00      0.00
05:56:54 PM       1     27.00      0.00     73.00      0.00      0.00      0.00
05:56:55 PM       1     26.00      0.00     74.00      0.00      0.00      0.00
05:56:56 PM       1     19.00      0.00     81.00      0.00      0.00      0.00
05:56:57 PM       1     24.00      0.00     76.00      0.00      0.00      0.00
Average:          1     21.95      0.00     78.05      0.00      0.00      0.00
