Linux 3.14.33-regular (node220-2) 	01/06/2017 	_x86_64_	(8 CPU)

04:07:10 PM     CPU     %user     %nice   %system   %iowait    %steal     %idle
04:07:11 PM       1     25.25      0.00     74.75      0.00      0.00      0.00
04:07:12 PM       1     21.78      0.00     78.22      0.00      0.00      0.00
04:07:13 PM       1     20.00      0.00     80.00      0.00      0.00      0.00
04:07:14 PM       1     22.00      0.00     78.00      0.00      0.00      0.00
04:07:15 PM       1     19.00      0.00     81.00      0.00      0.00      0.00
04:07:16 PM       1     20.00      0.00     80.00      0.00      0.00      0.00
04:07:17 PM       1     18.00      0.00     82.00      0.00      0.00      0.00
04:07:18 PM       1     25.25      0.00     74.75      0.00      0.00      0.00
04:07:19 PM       1     22.77      0.00     77.23      0.00      0.00      0.00
04:07:20 PM       1     20.00      0.00     80.00      0.00      0.00      0.00
04:07:21 PM       1     24.00      0.00     76.00      0.00      0.00      0.00
04:07:22 PM       1     25.00      0.00     75.00      0.00      0.00      0.00
04:07:23 PM       1     23.00      0.00     77.00      0.00      0.00      0.00
04:07:24 PM       1     19.00      0.00     81.00      0.00      0.00      0.00
04:07:25 PM       1     24.00      0.00     76.00      0.00      0.00      0.00
04:07:26 PM       1     24.00      0.00     76.00      0.00      0.00      0.00
04:07:27 PM       1     21.78      0.00     78.22      0.00      0.00      0.00
04:07:28 PM       1     21.00      0.00     79.00      0.00      0.00      0.00
04:07:29 PM       1     21.00      0.00     79.00      0.00      0.00      0.00
04:07:30 PM       1     23.00      0.00     77.00      0.00      0.00      0.00
Average:          1     21.99      0.00     78.01      0.00      0.00      0.00
