Linux 3.14.33-regular (node220-2) 	01/06/2017 	_x86_64_	(8 CPU)

07:59:44 PM     CPU     %user     %nice   %system   %iowait    %steal     %idle
07:59:45 PM       1     23.00      0.00     77.00      0.00      0.00      0.00
07:59:46 PM       1     21.78      0.00     78.22      0.00      0.00      0.00
07:59:47 PM       1     20.20      0.00     79.80      0.00      0.00      0.00
07:59:48 PM       1     18.81      0.00     81.19      0.00      0.00      0.00
07:59:49 PM       1     21.00      0.00     79.00      0.00      0.00      0.00
07:59:50 PM       1     18.18      0.00     81.82      0.00      0.00      0.00
07:59:51 PM       1     22.77      0.00     77.23      0.00      0.00      0.00
07:59:52 PM       1     24.00      0.00     76.00      0.00      0.00      0.00
07:59:53 PM       1     18.00      0.00     82.00      0.00      0.00      0.00
07:59:54 PM       1     21.21      0.00     78.79      0.00      0.00      0.00
07:59:55 PM       1     23.00      0.00     77.00      0.00      0.00      0.00
07:59:56 PM       1     20.00      0.00     80.00      0.00      0.00      0.00
07:59:57 PM       1     20.00      0.00     80.00      0.00      0.00      0.00
07:59:58 PM       1     23.00      0.00     77.00      0.00      0.00      0.00
07:59:59 PM       1     20.00      0.00     80.00      0.00      0.00      0.00
08:00:00 PM       1     22.77      0.00     77.23      0.00      0.00      0.00
08:00:01 PM       1     21.21      0.00     78.79      0.00      0.00      0.00
08:00:02 PM       1     25.00      0.00     75.00      0.00      0.00      0.00
08:00:03 PM       1     19.80      0.00     80.20      0.00      0.00      0.00
08:00:04 PM       1     22.22      0.00     77.78      0.00      0.00      0.00
Average:          1     21.30      0.00     78.70      0.00      0.00      0.00
