Linux 3.14.33-regular (node220-2) 	01/06/2017 	_x86_64_	(8 CPU)

08:36:53 PM     CPU     %user     %nice   %system   %iowait    %steal     %idle
08:36:54 PM       1     24.00      0.00     76.00      0.00      0.00      0.00
08:36:55 PM       1     24.00      0.00     76.00      0.00      0.00      0.00
08:36:56 PM       1     16.83      0.00     83.17      0.00      0.00      0.00
08:36:57 PM       1     22.00      0.00     78.00      0.00      0.00      0.00
08:36:58 PM       1     25.00      0.00     75.00      0.00      0.00      0.00
08:36:59 PM       1     23.00      0.00     77.00      0.00      0.00      0.00
08:37:00 PM       1     21.00      0.00     79.00      0.00      0.00      0.00
08:37:01 PM       1     23.00      0.00     77.00      0.00      0.00      0.00
08:37:02 PM       1     18.00      0.00     82.00      0.00      0.00      0.00
08:37:03 PM       1     21.00      0.00     79.00      0.00      0.00      0.00
08:37:04 PM       1     24.00      0.00     76.00      0.00      0.00      0.00
08:37:05 PM       1     22.22      0.00     77.78      0.00      0.00      0.00
08:37:06 PM       1     22.77      0.00     77.23      0.00      0.00      0.00
08:37:07 PM       1     19.19      0.00     80.81      0.00      0.00      0.00
08:37:08 PM       1     18.81      0.00     81.19      0.00      0.00      0.00
08:37:09 PM       1     26.00      0.00     74.00      0.00      0.00      0.00
08:37:10 PM       1     24.00      0.00     76.00      0.00      0.00      0.00
08:37:11 PM       1     23.23      0.00     76.77      0.00      0.00      0.00
08:37:12 PM       1     23.76      0.00     76.24      0.00      0.00      0.00
08:37:13 PM       1     23.00      0.00     77.00      0.00      0.00      0.00
Average:          1     22.24      0.00     77.76      0.00      0.00      0.00
