Linux 3.14.33-regular (node220-2) 	01/06/2017 	_x86_64_	(8 CPU)

09:08:58 PM     CPU     %user     %nice   %system   %iowait    %steal     %idle
09:08:59 PM       1     22.00      0.00     78.00      0.00      0.00      0.00
09:09:00 PM       1     24.00      0.00     76.00      0.00      0.00      0.00
09:09:01 PM       1     23.76      0.00     76.24      0.00      0.00      0.00
09:09:02 PM       1     20.20      0.00     79.80      0.00      0.00      0.00
09:09:03 PM       1     20.00      0.00     80.00      0.00      0.00      0.00
09:09:04 PM       1     19.00      0.00     81.00      0.00      0.00      0.00
09:09:05 PM       1     27.72      0.00     72.28      0.00      0.00      0.00
09:09:06 PM       1     24.24      0.00     75.76      0.00      0.00      0.00
09:09:07 PM       1     18.81      0.00     81.19      0.00      0.00      0.00
09:09:08 PM       1     22.00      0.00     78.00      0.00      0.00      0.00
09:09:09 PM       1     24.00      0.00     76.00      0.00      0.00      0.00
09:09:10 PM       1     19.19      0.00     80.81      0.00      0.00      0.00
09:09:11 PM       1     17.00      0.00     83.00      0.00      0.00      0.00
09:09:12 PM       1     26.00      0.00     74.00      0.00      0.00      0.00
09:09:13 PM       1     23.76      0.00     76.24      0.00      0.00      0.00
09:09:14 PM       1     22.22      0.00     77.78      0.00      0.00      0.00
09:09:15 PM       1     26.00      0.00     74.00      0.00      0.00      0.00
09:09:16 PM       1     20.79      0.00     79.21      0.00      0.00      0.00
09:09:17 PM       1     18.18      0.00     81.82      0.00      0.00      0.00
09:09:18 PM       1     23.00      0.00     77.00      0.00      0.00      0.00
Average:          1     22.10      0.00     77.90      0.00      0.00      0.00
