Linux 3.14.33-regular (node220-2) 	01/06/2017 	_x86_64_	(8 CPU)

07:23:50 PM     CPU     %user     %nice   %system   %iowait    %steal     %idle
07:23:51 PM       1     23.00      0.00     77.00      0.00      0.00      0.00
07:23:52 PM       1     23.00      0.00     77.00      0.00      0.00      0.00
07:23:53 PM       1     19.80      0.00     80.20      0.00      0.00      0.00
07:23:54 PM       1     20.00      0.00     80.00      0.00      0.00      0.00
07:23:55 PM       1     21.00      0.00     79.00      0.00      0.00      0.00
07:23:56 PM       1     24.24      0.00     75.76      0.00      0.00      0.00
07:23:57 PM       1     21.78      0.00     78.22      0.00      0.00      0.00
07:23:58 PM       1     25.25      0.00     74.75      0.00      0.00      0.00
07:23:59 PM       1     29.00      0.00     71.00      0.00      0.00      0.00
07:24:00 PM       1     19.80      0.00     80.20      0.00      0.00      0.00
07:24:01 PM       1     23.00      0.00     77.00      0.00      0.00      0.00
07:24:02 PM       1     23.23      0.00     76.77      0.00      0.00      0.00
07:24:03 PM       1     20.00      0.00     80.00      0.00      0.00      0.00
07:24:04 PM       1     25.00      0.00     75.00      0.00      0.00      0.00
07:24:05 PM       1     22.00      0.00     78.00      0.00      0.00      0.00
07:24:06 PM       1     23.00      0.00     77.00      0.00      0.00      0.00
07:24:07 PM       1     19.19      0.00     80.81      0.00      0.00      0.00
07:24:08 PM       1     21.78      0.00     78.22      0.00      0.00      0.00
07:24:09 PM       1     25.25      0.00     74.75      0.00      0.00      0.00
07:24:10 PM       1     16.83      0.00     83.17      0.00      0.00      0.00
Average:          1     22.30      0.00     77.70      0.00      0.00      0.00
