Linux 3.14.33-regular (node220-2) 	01/06/2017 	_x86_64_	(8 CPU)

02:16:20 PM     CPU     %user     %nice   %system   %iowait    %steal     %idle
02:16:21 PM       1     22.00      0.00     78.00      0.00      0.00      0.00
02:16:22 PM       1     24.75      0.00     75.25      0.00      0.00      0.00
02:16:23 PM       1     22.00      0.00     78.00      0.00      0.00      0.00
02:16:24 PM       1     22.22      0.00     77.78      0.00      0.00      0.00
02:16:25 PM       1     26.00      0.00     74.00      0.00      0.00      0.00
02:16:26 PM       1     23.00      0.00     77.00      0.00      0.00      0.00
02:16:27 PM       1     24.00      0.00     76.00      0.00      0.00      0.00
02:16:28 PM       1     23.00      0.00     77.00      0.00      0.00      0.00
02:16:29 PM       1     20.00      0.00     80.00      0.00      0.00      0.00
02:16:30 PM       1     21.00      0.00     79.00      0.00      0.00      0.00
02:16:31 PM       1     19.00      0.00     81.00      0.00      0.00      0.00
02:16:32 PM       1     29.00      0.00     71.00      0.00      0.00      0.00
02:16:33 PM       1     24.00      0.00     76.00      0.00      0.00      0.00
02:16:34 PM       1     20.79      0.00     79.21      0.00      0.00      0.00
02:16:35 PM       1     16.33      0.00     83.67      0.00      0.00      0.00
02:16:36 PM       1     25.74      0.00     74.26      0.00      0.00      0.00
02:16:37 PM       1     26.00      0.00     74.00      0.00      0.00      0.00
02:16:38 PM       1     22.00      0.00     78.00      0.00      0.00      0.00
02:16:39 PM       1     18.00      0.00     82.00      0.00      0.00      0.00
02:16:40 PM       1     21.00      0.00     79.00      0.00      0.00      0.00
Average:          1     22.50      0.00     77.50      0.00      0.00      0.00
