Linux 3.14.33-regular (node220-2) 	01/06/2017 	_x86_64_	(8 CPU)

03:48:00 PM     CPU     %user     %nice   %system   %iowait    %steal     %idle
03:48:01 PM       1     23.23      0.00     76.77      0.00      0.00      0.00
03:48:02 PM       1     24.00      0.00     76.00      0.00      0.00      0.00
03:48:03 PM       1     24.00      0.00     76.00      0.00      0.00      0.00
03:48:04 PM       1     17.00      0.00     83.00      0.00      0.00      0.00
03:48:05 PM       1     25.74      0.00     74.26      0.00      0.00      0.00
03:48:06 PM       1     25.00      0.00     75.00      0.00      0.00      0.00
03:48:07 PM       1     19.00      0.00     81.00      0.00      0.00      0.00
03:48:08 PM       1     25.00      0.00     75.00      0.00      0.00      0.00
03:48:09 PM       1     25.00      0.00     75.00      0.00      0.00      0.00
03:48:10 PM       1     22.00      0.00     78.00      0.00      0.00      0.00
03:48:11 PM       1     18.00      0.00     82.00      0.00      0.00      0.00
03:48:12 PM       1     20.20      0.00     79.80      0.00      0.00      0.00
03:48:13 PM       1     24.00      0.00     76.00      0.00      0.00      0.00
03:48:14 PM       1     20.79      0.00     79.21      0.00      0.00      0.00
03:48:15 PM       1     17.00      0.00     83.00      0.00      0.00      0.00
03:48:16 PM       1     23.23      0.00     76.77      0.00      0.00      0.00
03:48:17 PM       1     24.00      0.00     76.00      0.00      0.00      0.00
03:48:18 PM       1     24.00      0.00     76.00      0.00      0.00      0.00
03:48:19 PM       1     20.79      0.00     79.21      0.00      0.00      0.00
03:48:20 PM       1     24.00      0.00     76.00      0.00      0.00      0.00
Average:          1     22.30      0.00     77.70      0.00      0.00      0.00
