Linux 3.14.33-regular (node220-2) 	01/06/2017 	_x86_64_	(8 CPU)

06:58:49 PM     CPU     %user     %nice   %system   %iowait    %steal     %idle
06:58:50 PM       1     26.00      0.00     74.00      0.00      0.00      0.00
06:58:51 PM       1     24.00      0.00     76.00      0.00      0.00      0.00
06:58:52 PM       1     18.18      0.00     81.82      0.00      0.00      0.00
06:58:53 PM       1     23.00      0.00     77.00      0.00      0.00      0.00
06:58:54 PM       1     20.79      0.00     79.21      0.00      0.00      0.00
06:58:55 PM       1     23.00      0.00     77.00      0.00      0.00      0.00
06:58:56 PM       1     25.00      0.00     75.00      0.00      0.00      0.00
06:58:57 PM       1     24.00      0.00     76.00      0.00      0.00      0.00
06:58:58 PM       1     21.21      0.00     78.79      0.00      0.00      0.00
06:58:59 PM       1     20.00      0.00     80.00      0.00      0.00      0.00
06:59:00 PM       1     22.00      0.00     78.00      0.00      0.00      0.00
06:59:01 PM       1     22.77      0.00     77.23      0.00      0.00      0.00
06:59:02 PM       1     25.00      0.00     75.00      0.00      0.00      0.00
06:59:03 PM       1     23.23      0.00     76.77      0.00      0.00      0.00
06:59:04 PM       1     22.00      0.00     78.00      0.00      0.00      0.00
06:59:05 PM       1     24.75      0.00     75.25      0.00      0.00      0.00
06:59:06 PM       1     24.24      0.00     75.76      0.00      0.00      0.00
06:59:07 PM       1     24.75      0.00     75.25      0.00      0.00      0.00
06:59:08 PM       1     19.19      0.00     80.81      0.00      0.00      0.00
06:59:09 PM       1     21.00      0.00     79.00      0.00      0.00      0.00
Average:          1     22.71      0.00     77.29      0.00      0.00      0.00
