Linux 3.14.33-regular (node220-2) 	01/06/2017 	_x86_64_	(8 CPU)

01:26:55 PM     CPU     %user     %nice   %system   %iowait    %steal     %idle
01:26:56 PM       1     22.77      0.00     77.23      0.00      0.00      0.00
01:26:57 PM       1     23.00      0.00     77.00      0.00      0.00      0.00
01:26:58 PM       1     26.00      0.00     74.00      0.00      0.00      0.00
01:26:59 PM       1     22.00      0.00     78.00      0.00      0.00      0.00
01:27:00 PM       1     22.00      0.00     78.00      0.00      0.00      0.00
01:27:01 PM       1     24.00      0.00     76.00      0.00      0.00      0.00
01:27:02 PM       1     24.00      0.00     76.00      0.00      0.00      0.00
01:27:03 PM       1     22.00      0.00     78.00      0.00      0.00      0.00
01:27:04 PM       1     18.18      0.00     81.82      0.00      0.00      0.00
01:27:05 PM       1     18.81      0.00     81.19      0.00      0.00      0.00
01:27:06 PM       1     22.00      0.00     78.00      0.00      0.00      0.00
01:27:07 PM       1     20.00      0.00     80.00      0.00      0.00      0.00
01:27:08 PM       1     22.77      0.00     77.23      0.00      0.00      0.00
01:27:09 PM       1     22.00      0.00     78.00      0.00      0.00      0.00
01:27:10 PM       1     24.24      0.00     75.76      0.00      0.00      0.00
01:27:11 PM       1     23.76      0.00     76.24      0.00      0.00      0.00
01:27:12 PM       1     22.22      0.00     77.78      0.00      0.00      0.00
01:27:13 PM       1     20.00      0.00     80.00      0.00      0.00      0.00
01:27:14 PM       1     21.00      0.00     79.00      0.00      0.00      0.00
01:27:15 PM       1     21.00      0.00     79.00      0.00      0.00      0.00
Average:          1     22.09      0.00     77.91      0.00      0.00      0.00
