Linux 3.14.33-regular (node220-2) 	01/06/2017 	_x86_64_	(8 CPU)

08:25:21 PM     CPU     %user     %nice   %system   %iowait    %steal     %idle
08:25:22 PM       1     24.00      0.00     76.00      0.00      0.00      0.00
08:25:23 PM       1     22.00      0.00     78.00      0.00      0.00      0.00
08:25:24 PM       1     24.00      0.00     76.00      0.00      0.00      0.00
08:25:25 PM       1     21.00      0.00     79.00      0.00      0.00      0.00
08:25:26 PM       1     21.00      0.00     79.00      0.00      0.00      0.00
08:25:27 PM       1     23.76      0.00     76.24      0.00      0.00      0.00
08:25:28 PM       1     21.00      0.00     79.00      0.00      0.00      0.00
08:25:29 PM       1     22.00      0.00     78.00      0.00      0.00      0.00
08:25:30 PM       1     26.26      0.00     73.74      0.00      0.00      0.00
08:25:31 PM       1     21.78      0.00     78.22      0.00      0.00      0.00
08:25:32 PM       1     21.21      0.00     78.79      0.00      0.00      0.00
08:25:33 PM       1     19.00      0.00     81.00      0.00      0.00      0.00
08:25:34 PM       1     20.00      0.00     80.00      0.00      0.00      0.00
08:25:35 PM       1     25.00      0.00     75.00      0.00      0.00      0.00
08:25:36 PM       1     18.00      0.00     82.00      0.00      0.00      0.00
08:25:37 PM       1     23.76      0.00     76.24      0.00      0.00      0.00
08:25:38 PM       1     21.21      0.00     78.79      0.00      0.00      0.00
08:25:39 PM       1     20.79      0.00     79.21      0.00      0.00      0.00
08:25:40 PM       1     23.00      0.00     77.00      0.00      0.00      0.00
08:25:41 PM       1     20.00      0.00     80.00      0.00      0.00      0.00
Average:          1     21.94      0.00     78.06      0.00      0.00      0.00
