Linux 3.14.33-regular (node220-2) 	01/06/2017 	_x86_64_	(8 CPU)

05:10:32 PM     CPU     %user     %nice   %system   %iowait    %steal     %idle
05:10:33 PM       1     17.00      0.00     83.00      0.00      0.00      0.00
05:10:34 PM       1     20.00      0.00     80.00      0.00      0.00      0.00
05:10:35 PM       1     25.00      0.00     75.00      0.00      0.00      0.00
05:10:36 PM       1     22.00      0.00     78.00      0.00      0.00      0.00
05:10:37 PM       1     19.00      0.00     81.00      0.00      0.00      0.00
05:10:38 PM       1     23.00      0.00     77.00      0.00      0.00      0.00
05:10:39 PM       1     25.00      0.00     75.00      0.00      0.00      0.00
05:10:40 PM       1     22.00      0.00     78.00      0.00      0.00      0.00
05:10:41 PM       1     19.00      0.00     81.00      0.00      0.00      0.00
05:10:42 PM       1     21.21      0.00     78.79      0.00      0.00      0.00
05:10:43 PM       1     22.77      0.00     77.23      0.00      0.00      0.00
05:10:44 PM       1     19.00      0.00     81.00      0.00      0.00      0.00
05:10:45 PM       1     19.00      0.00     81.00      0.00      0.00      0.00
05:10:46 PM       1     22.00      0.00     78.00      0.00      0.00      0.00
05:10:47 PM       1     24.24      0.00     75.76      0.00      0.00      0.00
05:10:48 PM       1     23.00      0.00     77.00      0.00      0.00      0.00
05:10:49 PM       1     25.74      0.00     74.26      0.00      0.00      0.00
05:10:50 PM       1     26.26      0.00     73.74      0.00      0.00      0.00
05:10:51 PM       1     23.76      0.00     76.24      0.00      0.00      0.00
05:10:52 PM       1     18.00      0.00     82.00      0.00      0.00      0.00
Average:          1     21.85      0.00     78.15      0.00      0.00      0.00
