Linux 3.14.33-regular (node220-2) 	01/06/2017 	_x86_64_	(8 CPU)

07:39:52 PM     CPU     %user     %nice   %system   %iowait    %steal     %idle
07:39:53 PM       1     26.00      0.00     74.00      0.00      0.00      0.00
07:39:54 PM       1     24.00      0.00     76.00      0.00      0.00      0.00
07:39:55 PM       1     21.00      0.00     79.00      0.00      0.00      0.00
07:39:56 PM       1     21.00      0.00     79.00      0.00      0.00      0.00
07:39:57 PM       1     22.00      0.00     78.00      0.00      0.00      0.00
07:39:58 PM       1     19.00      0.00     81.00      0.00      0.00      0.00
07:39:59 PM       1     19.00      0.00     81.00      0.00      0.00      0.00
07:40:00 PM       1     19.00      0.00     81.00      0.00      0.00      0.00
07:40:01 PM       1     21.00      0.00     79.00      0.00      0.00      0.00
07:40:02 PM       1     18.00      0.00     82.00      0.00      0.00      0.00
07:40:03 PM       1     18.00      0.00     82.00      0.00      0.00      0.00
07:40:04 PM       1     21.00      0.00     79.00      0.00      0.00      0.00
07:40:05 PM       1     27.00      0.00     73.00      0.00      0.00      0.00
07:40:06 PM       1     22.00      0.00     78.00      0.00      0.00      0.00
07:40:07 PM       1     20.00      0.00     80.00      0.00      0.00      0.00
07:40:08 PM       1     17.00      0.00     83.00      0.00      0.00      0.00
07:40:09 PM       1     23.00      0.00     77.00      0.00      0.00      0.00
07:40:10 PM       1     25.00      0.00     75.00      0.00      0.00      0.00
07:40:11 PM       1     19.00      0.00     81.00      0.00      0.00      0.00
07:40:12 PM       1     24.00      0.00     76.00      0.00      0.00      0.00
Average:          1     21.30      0.00     78.70      0.00      0.00      0.00
