Linux 3.14.33-regular (node220-2) 	01/06/2017 	_x86_64_	(8 CPU)

05:12:26 PM     CPU     %user     %nice   %system   %iowait    %steal     %idle
05:12:27 PM       1     23.23      0.00     76.77      0.00      0.00      0.00
05:12:28 PM       1     22.00      0.00     78.00      0.00      0.00      0.00
05:12:29 PM       1     22.00      0.00     78.00      0.00      0.00      0.00
05:12:30 PM       1     22.00      0.00     78.00      0.00      0.00      0.00
05:12:31 PM       1     22.00      0.00     78.00      0.00      0.00      0.00
05:12:32 PM       1     21.00      0.00     79.00      0.00      0.00      0.00
05:12:33 PM       1     21.78      0.00     78.22      0.00      0.00      0.00
05:12:34 PM       1     23.23      0.00     76.77      0.00      0.00      0.00
05:12:35 PM       1     21.00      0.00     79.00      0.00      0.00      0.00
05:12:36 PM       1     20.00      0.00     80.00      0.00      0.00      0.00
05:12:37 PM       1     23.76      0.00     76.24      0.00      0.00      0.00
05:12:38 PM       1     20.20      0.00     79.80      0.00      0.00      0.00
05:12:39 PM       1     20.00      0.00     80.00      0.00      0.00      0.00
05:12:40 PM       1     22.00      0.00     78.00      0.00      0.00      0.00
05:12:41 PM       1     25.74      0.00     74.26      0.00      0.00      0.00
05:12:42 PM       1     20.20      0.00     79.80      0.00      0.00      0.00
05:12:43 PM       1     22.00      0.00     78.00      0.00      0.00      0.00
05:12:44 PM       1     25.00      0.00     75.00      0.00      0.00      0.00
05:12:45 PM       1     23.00      0.00     77.00      0.00      0.00      0.00
05:12:46 PM       1     16.00      0.00     84.00      0.00      0.00      0.00
Average:          1     21.81      0.00     78.19      0.00      0.00      0.00
