Linux 3.14.33-regular (node220-2) 	01/06/2017 	_x86_64_	(8 CPU)

02:51:33 PM     CPU     %user     %nice   %system   %iowait    %steal     %idle
02:51:34 PM       1     19.80      0.00     80.20      0.00      0.00      0.00
02:51:35 PM       1     19.80      0.00     80.20      0.00      0.00      0.00
02:51:36 PM       1     24.00      0.00     76.00      0.00      0.00      0.00
02:51:37 PM       1     22.22      0.00     77.78      0.00      0.00      0.00
02:51:38 PM       1     25.00      0.00     75.00      0.00      0.00      0.00
02:51:39 PM       1     18.81      0.00     81.19      0.00      0.00      0.00
02:51:40 PM       1     16.00      0.00     84.00      0.00      0.00      0.00
02:51:41 PM       1     16.16      0.00     83.84      0.00      0.00      0.00
02:51:42 PM       1     21.00      0.00     79.00      0.00      0.00      0.00
02:51:43 PM       1     27.00      0.00     73.00      0.00      0.00      0.00
02:51:44 PM       1     24.00      0.00     76.00      0.00      0.00      0.00
02:51:45 PM       1     24.00      0.00     76.00      0.00      0.00      0.00
02:51:46 PM       1     19.80      0.00     80.20      0.00      0.00      0.00
02:51:47 PM       1     20.20      0.00     79.80      0.00      0.00      0.00
02:51:48 PM       1     23.00      0.00     77.00      0.00      0.00      0.00
02:51:49 PM       1     17.17      0.00     82.83      0.00      0.00      0.00
02:51:50 PM       1     21.78      0.00     78.22      0.00      0.00      0.00
02:51:51 PM       1     20.00      0.00     80.00      0.00      0.00      0.00
02:51:52 PM       1     25.00      0.00     75.00      0.00      0.00      0.00
02:51:53 PM       1     22.00      0.00     78.00      0.00      0.00      0.00
Average:          1     21.34      0.00     78.66      0.00      0.00      0.00
