Linux 3.14.33-regular (node220-2) 	01/06/2017 	_x86_64_	(8 CPU)

04:24:27 PM     CPU     %user     %nice   %system   %iowait    %steal     %idle
04:24:28 PM       1     22.22      0.00     77.78      0.00      0.00      0.00
04:24:29 PM       1     20.79      0.00     79.21      0.00      0.00      0.00
04:24:30 PM       1     17.17      0.00     82.83      0.00      0.00      0.00
04:24:31 PM       1     20.79      0.00     79.21      0.00      0.00      0.00
04:24:32 PM       1     20.00      0.00     80.00      0.00      0.00      0.00
04:24:33 PM       1     25.25      0.00     74.75      0.00      0.00      0.00
04:24:34 PM       1     22.00      0.00     78.00      0.00      0.00      0.00
04:24:35 PM       1     24.75      0.00     75.25      0.00      0.00      0.00
04:24:36 PM       1     24.00      0.00     76.00      0.00      0.00      0.00
04:24:37 PM       1     25.00      0.00     75.00      0.00      0.00      0.00
04:24:38 PM       1     24.24      0.00     75.76      0.00      0.00      0.00
04:24:39 PM       1     22.77      0.00     77.23      0.00      0.00      0.00
04:24:40 PM       1     21.00      0.00     79.00      0.00      0.00      0.00
04:24:41 PM       1     23.00      0.00     77.00      0.00      0.00      0.00
04:24:42 PM       1     21.21      0.00     78.79      0.00      0.00      0.00
04:24:43 PM       1     24.00      0.00     76.00      0.00      0.00      0.00
04:24:44 PM       1     25.00      0.00     75.00      0.00      0.00      0.00
04:24:45 PM       1     25.00      0.00     75.00      0.00      0.00      0.00
04:24:46 PM       1     19.80      0.00     80.20      0.00      0.00      0.00
04:24:47 PM       1     24.00      0.00     76.00      0.00      0.00      0.00
Average:          1     22.60      0.00     77.40      0.00      0.00      0.00
