Linux 3.14.33-regular (node220-2) 	01/06/2017 	_x86_64_	(8 CPU)

03:03:08 PM     CPU     %user     %nice   %system   %iowait    %steal     %idle
03:03:09 PM       1     21.00      0.00     79.00      0.00      0.00      0.00
03:03:10 PM       1     22.00      0.00     78.00      0.00      0.00      0.00
03:03:11 PM       1     21.00      0.00     79.00      0.00      0.00      0.00
03:03:12 PM       1     25.25      0.00     74.75      0.00      0.00      0.00
03:03:13 PM       1     20.79      0.00     79.21      0.00      0.00      0.00
03:03:14 PM       1     24.00      0.00     76.00      0.00      0.00      0.00
03:03:15 PM       1     20.00      0.00     80.00      0.00      0.00      0.00
03:03:16 PM       1     24.00      0.00     76.00      0.00      0.00      0.00
03:03:17 PM       1     24.00      0.00     76.00      0.00      0.00      0.00
03:03:18 PM       1     20.00      0.00     80.00      0.00      0.00      0.00
03:03:19 PM       1     19.00      0.00     81.00      0.00      0.00      0.00
03:03:20 PM       1     21.00      0.00     79.00      0.00      0.00      0.00
03:03:21 PM       1     18.00      0.00     82.00      0.00      0.00      0.00
03:03:22 PM       1     18.00      0.00     82.00      0.00      0.00      0.00
03:03:23 PM       1     22.00      0.00     78.00      0.00      0.00      0.00
03:03:24 PM       1     26.00      0.00     74.00      0.00      0.00      0.00
03:03:25 PM       1     23.23      0.00     76.77      0.00      0.00      0.00
03:03:26 PM       1     20.79      0.00     79.21      0.00      0.00      0.00
03:03:27 PM       1     20.20      0.00     79.80      0.00      0.00      0.00
03:03:28 PM       1     23.53      0.00     76.47      0.00      0.00      0.00
Average:          1     21.69      0.00     78.31      0.00      0.00      0.00
