Linux 3.14.33-regular (node220-2) 	01/06/2017 	_x86_64_	(8 CPU)

07:28:21 PM     CPU     %user     %nice   %system   %iowait    %steal     %idle
07:28:22 PM       1     22.00      0.00     78.00      0.00      0.00      0.00
07:28:23 PM       1     29.00      0.00     71.00      0.00      0.00      0.00
07:28:24 PM       1     17.00      0.00     83.00      0.00      0.00      0.00
07:28:25 PM       1     21.00      0.00     79.00      0.00      0.00      0.00
07:28:26 PM       1     22.00      0.00     78.00      0.00      0.00      0.00
07:28:27 PM       1     26.00      0.00     74.00      0.00      0.00      0.00
07:28:28 PM       1     24.00      0.00     76.00      0.00      0.00      0.00
07:28:29 PM       1     19.00      0.00     81.00      0.00      0.00      0.00
07:28:30 PM       1     22.00      0.00     78.00      0.00      0.00      0.00
07:28:31 PM       1     18.00      0.00     82.00      0.00      0.00      0.00
07:28:32 PM       1     19.00      0.00     81.00      0.00      0.00      0.00
07:28:33 PM       1     21.00      0.00     79.00      0.00      0.00      0.00
07:28:34 PM       1     24.24      0.00     75.76      0.00      0.00      0.00
07:28:35 PM       1     21.00      0.00     79.00      0.00      0.00      0.00
07:28:36 PM       1     23.00      0.00     77.00      0.00      0.00      0.00
07:28:37 PM       1     17.00      0.00     83.00      0.00      0.00      0.00
07:28:38 PM       1     21.00      0.00     79.00      0.00      0.00      0.00
07:28:39 PM       1     22.00      0.00     78.00      0.00      0.00      0.00
07:28:40 PM       1     24.00      0.00     76.00      0.00      0.00      0.00
07:28:41 PM       1     21.78      0.00     78.22      0.00      0.00      0.00
Average:          1     21.70      0.00     78.30      0.00      0.00      0.00
