Linux 3.14.33-regular (node220-2) 	01/06/2017 	_x86_64_	(8 CPU)

10:02:51 PM     CPU     %user     %nice   %system   %iowait    %steal     %idle
10:02:52 PM       1     24.00      0.00     76.00      0.00      0.00      0.00
10:02:53 PM       1     24.24      0.00     75.76      0.00      0.00      0.00
10:02:54 PM       1     22.00      0.00     78.00      0.00      0.00      0.00
10:02:55 PM       1     18.00      0.00     82.00      0.00      0.00      0.00
10:02:56 PM       1     22.00      0.00     78.00      0.00      0.00      0.00
10:02:57 PM       1     23.00      0.00     77.00      0.00      0.00      0.00
10:02:58 PM       1     19.80      0.00     80.20      0.00      0.00      0.00
10:02:59 PM       1     27.27      0.00     72.73      0.00      0.00      0.00
10:03:00 PM       1     25.74      0.00     74.26      0.00      0.00      0.00
10:03:01 PM       1     19.19      0.00     80.81      0.00      0.00      0.00
10:03:02 PM       1     24.00      0.00     76.00      0.00      0.00      0.00
10:03:03 PM       1     23.00      0.00     77.00      0.00      0.00      0.00
10:03:04 PM       1     23.00      0.00     77.00      0.00      0.00      0.00
10:03:05 PM       1     28.71      0.00     71.29      0.00      0.00      0.00
10:03:06 PM       1     23.00      0.00     77.00      0.00      0.00      0.00
10:03:07 PM       1     23.00      0.00     77.00      0.00      0.00      0.00
10:03:08 PM       1     20.20      0.00     79.80      0.00      0.00      0.00
10:03:09 PM       1     26.00      0.00     74.00      0.00      0.00      0.00
10:03:10 PM       1     25.74      0.00     74.26      0.00      0.00      0.00
10:03:11 PM       1     23.23      0.00     76.77      0.00      0.00      0.00
Average:          1     23.26      0.00     76.74      0.00      0.00      0.00
