Linux 3.14.33-regular (node220-2) 	01/06/2017 	_x86_64_	(8 CPU)

08:47:50 PM     CPU     %user     %nice   %system   %iowait    %steal     %idle
08:47:51 PM       1     20.79      0.00     79.21      0.00      0.00      0.00
08:47:52 PM       1     21.00      0.00     79.00      0.00      0.00      0.00
08:47:53 PM       1     21.00      0.00     79.00      0.00      0.00      0.00
08:47:54 PM       1     19.00      0.00     81.00      0.00      0.00      0.00
08:47:55 PM       1     22.00      0.00     78.00      0.00      0.00      0.00
08:47:56 PM       1     23.00      0.00     77.00      0.00      0.00      0.00
08:47:57 PM       1     22.00      0.00     78.00      0.00      0.00      0.00
08:47:58 PM       1     23.00      0.00     77.00      0.00      0.00      0.00
08:47:59 PM       1     26.00      0.00     74.00      0.00      0.00      0.00
08:48:00 PM       1     26.00      0.00     74.00      0.00      0.00      0.00
08:48:01 PM       1     25.00      0.00     75.00      0.00      0.00      0.00
08:48:02 PM       1     20.00      0.00     80.00      0.00      0.00      0.00
08:48:03 PM       1     21.00      0.00     79.00      0.00      0.00      0.00
08:48:04 PM       1     26.26      0.00     73.74      0.00      0.00      0.00
08:48:05 PM       1     24.75      0.00     75.25      0.00      0.00      0.00
08:48:06 PM       1     19.00      0.00     81.00      0.00      0.00      0.00
08:48:07 PM       1     26.26      0.00     73.74      0.00      0.00      0.00
08:48:08 PM       1     23.76      0.00     76.24      0.00      0.00      0.00
08:48:09 PM       1     23.00      0.00     77.00      0.00      0.00      0.00
08:48:10 PM       1     23.00      0.00     77.00      0.00      0.00      0.00
Average:          1     22.79      0.00     77.21      0.00      0.00      0.00
