Linux 3.14.33-regular (node220-2) 	01/06/2017 	_x86_64_	(8 CPU)

09:03:12 PM     CPU     %user     %nice   %system   %iowait    %steal     %idle
09:03:13 PM       1     26.73      0.00     73.27      0.00      0.00      0.00
09:03:14 PM       1     19.19      0.00     80.81      0.00      0.00      0.00
09:03:15 PM       1     22.77      0.00     77.23      0.00      0.00      0.00
09:03:16 PM       1     21.21      0.00     78.79      0.00      0.00      0.00
09:03:17 PM       1     24.00      0.00     76.00      0.00      0.00      0.00
09:03:18 PM       1     19.80      0.00     80.20      0.00      0.00      0.00
09:03:19 PM       1     23.23      0.00     76.77      0.00      0.00      0.00
09:03:20 PM       1     21.00      0.00     79.00      0.00      0.00      0.00
09:03:21 PM       1     22.00      0.00     78.00      0.00      0.00      0.00
09:03:22 PM       1     22.00      0.00     78.00      0.00      0.00      0.00
09:03:23 PM       1     26.00      0.00     74.00      0.00      0.00      0.00
09:03:24 PM       1     21.00      0.00     79.00      0.00      0.00      0.00
09:03:25 PM       1     23.00      0.00     77.00      0.00      0.00      0.00
09:03:26 PM       1     20.00      0.00     80.00      0.00      0.00      0.00
09:03:27 PM       1     25.00      0.00     75.00      0.00      0.00      0.00
09:03:28 PM       1     26.73      0.00     73.27      0.00      0.00      0.00
09:03:29 PM       1     18.00      0.00     82.00      0.00      0.00      0.00
09:03:30 PM       1     22.00      0.00     78.00      0.00      0.00      0.00
09:03:31 PM       1     25.25      0.00     74.75      0.00      0.00      0.00
09:03:32 PM       1     20.00      0.00     80.00      0.00      0.00      0.00
Average:          1     22.45      0.00     77.55      0.00      0.00      0.00
