Linux 3.14.33-regular (node220-2) 	01/06/2017 	_x86_64_	(8 CPU)

09:52:34 PM     CPU     %user     %nice   %system   %iowait    %steal     %idle
09:52:35 PM       1     25.00      0.00     75.00      0.00      0.00      0.00
09:52:36 PM       1     22.77      0.00     77.23      0.00      0.00      0.00
09:52:37 PM       1     20.20      0.00     79.80      0.00      0.00      0.00
09:52:38 PM       1     20.00      0.00     80.00      0.00      0.00      0.00
09:52:39 PM       1     25.00      0.00     75.00      0.00      0.00      0.00
09:52:40 PM       1     24.00      0.00     76.00      0.00      0.00      0.00
09:52:41 PM       1     24.75      0.00     75.25      0.00      0.00      0.00
09:52:42 PM       1     22.22      0.00     77.78      0.00      0.00      0.00
09:52:43 PM       1     25.00      0.00     75.00      0.00      0.00      0.00
09:52:44 PM       1     20.00      0.00     80.00      0.00      0.00      0.00
09:52:45 PM       1     19.00      0.00     81.00      0.00      0.00      0.00
09:52:46 PM       1     24.00      0.00     76.00      0.00      0.00      0.00
09:52:47 PM       1     23.00      0.00     77.00      0.00      0.00      0.00
09:52:48 PM       1     26.73      0.00     73.27      0.00      0.00      0.00
09:52:49 PM       1     24.00      0.00     76.00      0.00      0.00      0.00
09:52:50 PM       1     23.23      0.00     76.77      0.00      0.00      0.00
09:52:51 PM       1     19.19      0.00     80.81      0.00      0.00      0.00
09:52:52 PM       1     23.00      0.00     77.00      0.00      0.00      0.00
09:52:53 PM       1     18.81      0.00     81.19      0.00      0.00      0.00
09:52:54 PM       1     24.00      0.00     76.00      0.00      0.00      0.00
Average:          1     22.70      0.00     77.30      0.00      0.00      0.00
