Linux 3.14.33-regular (node220-2) 	01/06/2017 	_x86_64_	(8 CPU)

07:18:05 PM     CPU     %user     %nice   %system   %iowait    %steal     %idle
07:18:06 PM       1     22.77      0.00     77.23      0.00      0.00      0.00
07:18:07 PM       1     19.80      0.00     80.20      0.00      0.00      0.00
07:18:08 PM       1     23.00      0.00     77.00      0.00      0.00      0.00
07:18:09 PM       1     20.00      0.00     80.00      0.00      0.00      0.00
07:18:10 PM       1     23.00      0.00     77.00      0.00      0.00      0.00
07:18:11 PM       1     26.26      0.00     73.74      0.00      0.00      0.00
07:18:12 PM       1     21.00      0.00     79.00      0.00      0.00      0.00
07:18:13 PM       1     16.83      0.00     83.17      0.00      0.00      0.00
07:18:14 PM       1     20.20      0.00     79.80      0.00      0.00      0.00
07:18:15 PM       1     23.00      0.00     77.00      0.00      0.00      0.00
07:18:16 PM       1     26.00      0.00     74.00      0.00      0.00      0.00
07:18:17 PM       1     21.00      0.00     79.00      0.00      0.00      0.00
07:18:18 PM       1     25.00      0.00     75.00      0.00      0.00      0.00
07:18:19 PM       1     25.00      0.00     75.00      0.00      0.00      0.00
07:18:20 PM       1     23.00      0.00     77.00      0.00      0.00      0.00
07:18:21 PM       1     22.00      0.00     78.00      0.00      0.00      0.00
07:18:22 PM       1     25.00      0.00     75.00      0.00      0.00      0.00
07:18:23 PM       1     21.00      0.00     79.00      0.00      0.00      0.00
07:18:24 PM       1     30.00      0.00     70.00      0.00      0.00      0.00
07:18:25 PM       1     20.00      0.00     80.00      0.00      0.00      0.00
Average:          1     22.69      0.00     77.31      0.00      0.00      0.00
