Linux 3.14.33-regular (node220-2) 	01/06/2017 	_x86_64_	(8 CPU)

08:22:48 PM     CPU     %user     %nice   %system   %iowait    %steal     %idle
08:22:49 PM       1     22.00      0.00     78.00      0.00      0.00      0.00
08:22:50 PM       1     22.00      0.00     78.00      0.00      0.00      0.00
08:22:51 PM       1     23.00      0.00     77.00      0.00      0.00      0.00
08:22:52 PM       1     22.00      0.00     78.00      0.00      0.00      0.00
08:22:53 PM       1     19.00      0.00     81.00      0.00      0.00      0.00
08:22:54 PM       1     23.00      0.00     77.00      0.00      0.00      0.00
08:22:55 PM       1     27.27      0.00     72.73      0.00      0.00      0.00
08:22:56 PM       1     24.00      0.00     76.00      0.00      0.00      0.00
08:22:57 PM       1     25.00      0.00     75.00      0.00      0.00      0.00
08:22:58 PM       1     22.00      0.00     78.00      0.00      0.00      0.00
08:22:59 PM       1     22.00      0.00     78.00      0.00      0.00      0.00
08:23:00 PM       1     18.00      0.00     82.00      0.00      0.00      0.00
08:23:01 PM       1     21.00      0.00     79.00      0.00      0.00      0.00
08:23:02 PM       1     26.00      0.00     74.00      0.00      0.00      0.00
08:23:03 PM       1     26.00      0.00     74.00      0.00      0.00      0.00
08:23:04 PM       1     22.00      0.00     78.00      0.00      0.00      0.00
08:23:05 PM       1     21.00      0.00     79.00      0.00      0.00      0.00
08:23:06 PM       1     20.00      0.00     80.00      0.00      0.00      0.00
08:23:07 PM       1     24.00      0.00     76.00      0.00      0.00      0.00
08:23:08 PM       1     19.00      0.00     81.00      0.00      0.00      0.00
Average:          1     22.41      0.00     77.59      0.00      0.00      0.00
