Linux 3.14.33-regular (node220-2) 	01/06/2017 	_x86_64_	(8 CPU)

04:00:46 PM     CPU     %user     %nice   %system   %iowait    %steal     %idle
04:00:47 PM       1     23.00      0.00     77.00      0.00      0.00      0.00
04:00:48 PM       1     25.00      0.00     75.00      0.00      0.00      0.00
04:00:49 PM       1     21.78      0.00     78.22      0.00      0.00      0.00
04:00:50 PM       1     24.00      0.00     76.00      0.00      0.00      0.00
04:00:51 PM       1     21.21      0.00     78.79      0.00      0.00      0.00
04:00:52 PM       1     25.00      0.00     75.00      0.00      0.00      0.00
04:00:53 PM       1     20.00      0.00     80.00      0.00      0.00      0.00
04:00:54 PM       1     26.00      0.00     74.00      0.00      0.00      0.00
04:00:55 PM       1     27.00      0.00     73.00      0.00      0.00      0.00
04:00:56 PM       1     21.21      0.00     78.79      0.00      0.00      0.00
04:00:57 PM       1     20.00      0.00     80.00      0.00      0.00      0.00
04:00:58 PM       1     21.78      0.00     78.22      0.00      0.00      0.00
04:00:59 PM       1     22.00      0.00     78.00      0.00      0.00      0.00
04:01:00 PM       1     24.24      0.00     75.76      0.00      0.00      0.00
04:01:01 PM       1     24.00      0.00     76.00      0.00      0.00      0.00
04:01:02 PM       1     20.00      0.00     80.00      0.00      0.00      0.00
04:01:03 PM       1     23.76      0.00     76.24      0.00      0.00      0.00
04:01:04 PM       1     24.75      0.00     75.25      0.00      0.00      0.00
04:01:05 PM       1     22.22      0.00     77.78      0.00      0.00      0.00
04:01:06 PM       1     21.00      0.00     79.00      0.00      0.00      0.00
Average:          1     22.90      0.00     77.10      0.00      0.00      0.00
