Linux 3.14.33-regular (node220-2) 	01/06/2017 	_x86_64_	(8 CPU)

09:11:32 PM     CPU     %user     %nice   %system   %iowait    %steal     %idle
09:11:33 PM       1     20.00      0.00     80.00      0.00      0.00      0.00
09:11:34 PM       1     23.00      0.00     77.00      0.00      0.00      0.00
09:11:35 PM       1     22.00      0.00     78.00      0.00      0.00      0.00
09:11:36 PM       1     26.00      0.00     74.00      0.00      0.00      0.00
09:11:37 PM       1     22.00      0.00     78.00      0.00      0.00      0.00
09:11:38 PM       1     21.78      0.00     78.22      0.00      0.00      0.00
09:11:39 PM       1     23.00      0.00     77.00      0.00      0.00      0.00
09:11:40 PM       1     22.22      0.00     77.78      0.00      0.00      0.00
09:11:41 PM       1     19.00      0.00     81.00      0.00      0.00      0.00
09:11:42 PM       1     27.00      0.00     73.00      0.00      0.00      0.00
09:11:43 PM       1     21.78      0.00     78.22      0.00      0.00      0.00
09:11:44 PM       1     19.00      0.00     81.00      0.00      0.00      0.00
09:11:45 PM       1     18.00      0.00     82.00      0.00      0.00      0.00
09:11:46 PM       1     21.00      0.00     79.00      0.00      0.00      0.00
09:11:47 PM       1     17.00      0.00     83.00      0.00      0.00      0.00
09:11:48 PM       1     20.00      0.00     80.00      0.00      0.00      0.00
09:11:49 PM       1     21.00      0.00     79.00      0.00      0.00      0.00
09:11:50 PM       1     21.00      0.00     79.00      0.00      0.00      0.00
09:11:51 PM       1     22.22      0.00     77.78      0.00      0.00      0.00
09:11:52 PM       1     24.75      0.00     75.25      0.00      0.00      0.00
Average:          1     21.59      0.00     78.41      0.00      0.00      0.00
