Linux 3.14.33-regular (node220-2) 	01/06/2017 	_x86_64_	(8 CPU)

02:24:37 PM     CPU     %user     %nice   %system   %iowait    %steal     %idle
02:24:38 PM       1     24.00      0.00     76.00      0.00      0.00      0.00
02:24:39 PM       1     18.00      0.00     82.00      0.00      0.00      0.00
02:24:40 PM       1     16.00      0.00     84.00      0.00      0.00      0.00
02:24:41 PM       1     19.80      0.00     80.20      0.00      0.00      0.00
02:24:42 PM       1     26.26      0.00     73.74      0.00      0.00      0.00
02:24:43 PM       1     24.00      0.00     76.00      0.00      0.00      0.00
02:24:44 PM       1     22.77      0.00     77.23      0.00      0.00      0.00
02:24:45 PM       1     20.20      0.00     79.80      0.00      0.00      0.00
02:24:46 PM       1     24.00      0.00     76.00      0.00      0.00      0.00
02:24:47 PM       1     24.00      0.00     76.00      0.00      0.00      0.00
02:24:48 PM       1     22.00      0.00     78.00      0.00      0.00      0.00
02:24:49 PM       1     21.00      0.00     79.00      0.00      0.00      0.00
02:24:50 PM       1     22.00      0.00     78.00      0.00      0.00      0.00
02:24:51 PM       1     22.77      0.00     77.23      0.00      0.00      0.00
02:24:52 PM       1     19.19      0.00     80.81      0.00      0.00      0.00
02:24:53 PM       1     24.75      0.00     75.25      0.00      0.00      0.00
02:24:54 PM       1     23.23      0.00     76.77      0.00      0.00      0.00
02:24:55 PM       1     24.00      0.00     76.00      0.00      0.00      0.00
02:24:56 PM       1     20.00      0.00     80.00      0.00      0.00      0.00
02:24:57 PM       1     22.00      0.00     78.00      0.00      0.00      0.00
Average:          1     22.00      0.00     78.00      0.00      0.00      0.00
