Linux 3.14.33-regular (node220-2) 	01/06/2017 	_x86_64_	(8 CPU)

06:50:29 PM     CPU     %user     %nice   %system   %iowait    %steal     %idle
06:50:30 PM       1     20.00      0.00     80.00      0.00      0.00      0.00
06:50:31 PM       1     23.00      0.00     77.00      0.00      0.00      0.00
06:50:32 PM       1     24.00      0.00     76.00      0.00      0.00      0.00
06:50:33 PM       1     19.19      0.00     80.81      0.00      0.00      0.00
06:50:34 PM       1     21.78      0.00     78.22      0.00      0.00      0.00
06:50:35 PM       1     19.19      0.00     80.81      0.00      0.00      0.00
06:50:36 PM       1     21.00      0.00     79.00      0.00      0.00      0.00
06:50:37 PM       1     18.00      0.00     82.00      0.00      0.00      0.00
06:50:38 PM       1     21.00      0.00     79.00      0.00      0.00      0.00
06:50:39 PM       1     23.00      0.00     77.00      0.00      0.00      0.00
06:50:40 PM       1     27.00      0.00     73.00      0.00      0.00      0.00
06:50:41 PM       1     20.00      0.00     80.00      0.00      0.00      0.00
06:50:42 PM       1     24.00      0.00     76.00      0.00      0.00      0.00
06:50:43 PM       1     25.00      0.00     75.00      0.00      0.00      0.00
06:50:44 PM       1     21.00      0.00     79.00      0.00      0.00      0.00
06:50:45 PM       1     21.78      0.00     78.22      0.00      0.00      0.00
06:50:46 PM       1     22.00      0.00     78.00      0.00      0.00      0.00
06:50:47 PM       1     23.23      0.00     76.77      0.00      0.00      0.00
06:50:48 PM       1     22.00      0.00     78.00      0.00      0.00      0.00
06:50:49 PM       1     30.00      0.00     70.00      0.00      0.00      0.00
Average:          1     22.31      0.00     77.69      0.00      0.00      0.00
