Linux 3.14.33-regular (node220-2) 	01/06/2017 	_x86_64_	(8 CPU)

10:25:15 PM     CPU     %user     %nice   %system   %iowait    %steal     %idle
10:25:16 PM       1     20.79      0.00     79.21      0.00      0.00      0.00
10:25:17 PM       1     21.21      0.00     78.79      0.00      0.00      0.00
10:25:18 PM       1     20.00      0.00     80.00      0.00      0.00      0.00
10:25:19 PM       1     20.00      0.00     80.00      0.00      0.00      0.00
10:25:20 PM       1     23.00      0.00     77.00      0.00      0.00      0.00
10:25:21 PM       1     22.00      0.00     78.00      0.00      0.00      0.00
10:25:22 PM       1     20.00      0.00     80.00      0.00      0.00      0.00
10:25:23 PM       1     23.00      0.00     77.00      0.00      0.00      0.00
10:25:24 PM       1     21.00      0.00     79.00      0.00      0.00      0.00
10:25:25 PM       1     19.00      0.00     81.00      0.00      0.00      0.00
10:25:26 PM       1     21.00      0.00     79.00      0.00      0.00      0.00
10:25:27 PM       1     24.00      0.00     76.00      0.00      0.00      0.00
10:25:28 PM       1     19.80      0.00     80.20      0.00      0.00      0.00
10:25:29 PM       1     24.24      0.00     75.76      0.00      0.00      0.00
10:25:30 PM       1     19.00      0.00     81.00      0.00      0.00      0.00
10:25:31 PM       1     18.81      0.00     81.19      0.00      0.00      0.00
10:25:32 PM       1     23.00      0.00     77.00      0.00      0.00      0.00
10:25:33 PM       1     23.00      0.00     77.00      0.00      0.00      0.00
10:25:34 PM       1     25.00      0.00     75.00      0.00      0.00      0.00
10:25:35 PM       1     20.00      0.00     80.00      0.00      0.00      0.00
Average:          1     21.39      0.00     78.61      0.00      0.00      0.00
