Linux 3.14.33-regular (node220-2) 	01/06/2017 	_x86_64_	(8 CPU)

07:00:06 PM     CPU     %user     %nice   %system   %iowait    %steal     %idle
07:00:07 PM       1     25.00      0.00     75.00      0.00      0.00      0.00
07:00:08 PM       1     25.00      0.00     75.00      0.00      0.00      0.00
07:00:09 PM       1     19.00      0.00     81.00      0.00      0.00      0.00
07:00:10 PM       1     29.00      0.00     71.00      0.00      0.00      0.00
07:00:11 PM       1     20.00      0.00     80.00      0.00      0.00      0.00
07:00:12 PM       1     22.00      0.00     78.00      0.00      0.00      0.00
07:00:13 PM       1     19.00      0.00     81.00      0.00      0.00      0.00
07:00:14 PM       1     21.00      0.00     79.00      0.00      0.00      0.00
07:00:15 PM       1     19.00      0.00     81.00      0.00      0.00      0.00
07:00:16 PM       1     22.00      0.00     78.00      0.00      0.00      0.00
07:00:17 PM       1     20.00      0.00     80.00      0.00      0.00      0.00
07:00:18 PM       1     22.00      0.00     78.00      0.00      0.00      0.00
07:00:19 PM       1     23.00      0.00     77.00      0.00      0.00      0.00
07:00:20 PM       1     20.00      0.00     80.00      0.00      0.00      0.00
07:00:21 PM       1     21.00      0.00     79.00      0.00      0.00      0.00
07:00:22 PM       1     21.00      0.00     79.00      0.00      0.00      0.00
07:00:23 PM       1     20.00      0.00     80.00      0.00      0.00      0.00
07:00:24 PM       1     20.20      0.00     79.80      0.00      0.00      0.00
07:00:25 PM       1     24.75      0.00     75.25      0.00      0.00      0.00
07:00:26 PM       1     20.00      0.00     80.00      0.00      0.00      0.00
Average:          1     21.65      0.00     78.35      0.00      0.00      0.00
