Linux 3.14.33-regular (node220-2) 	01/06/2017 	_x86_64_	(8 CPU)

02:36:48 PM     CPU     %user     %nice   %system   %iowait    %steal     %idle
02:36:49 PM       1     23.00      0.00     77.00      0.00      0.00      0.00
02:36:50 PM       1     24.00      0.00     76.00      0.00      0.00      0.00
02:36:51 PM       1     22.22      0.00     77.78      0.00      0.00      0.00
02:36:52 PM       1     26.73      0.00     73.27      0.00      0.00      0.00
02:36:53 PM       1     23.23      0.00     76.77      0.00      0.00      0.00
02:36:54 PM       1     24.00      0.00     76.00      0.00      0.00      0.00
02:36:55 PM       1     21.78      0.00     78.22      0.00      0.00      0.00
02:36:56 PM       1     21.21      0.00     78.79      0.00      0.00      0.00
02:36:57 PM       1     22.77      0.00     77.23      0.00      0.00      0.00
02:36:58 PM       1     24.24      0.00     75.76      0.00      0.00      0.00
02:36:59 PM       1     20.79      0.00     79.21      0.00      0.00      0.00
02:37:00 PM       1     23.23      0.00     76.77      0.00      0.00      0.00
02:37:01 PM       1     23.00      0.00     77.00      0.00      0.00      0.00
02:37:02 PM       1     25.00      0.00     75.00      0.00      0.00      0.00
02:37:03 PM       1     28.00      0.00     72.00      0.00      0.00      0.00
02:37:04 PM       1     22.00      0.00     78.00      0.00      0.00      0.00
02:37:05 PM       1     22.00      0.00     78.00      0.00      0.00      0.00
02:37:06 PM       1     24.00      0.00     76.00      0.00      0.00      0.00
02:37:07 PM       1     23.00      0.00     77.00      0.00      0.00      0.00
02:37:08 PM       1     23.76      0.00     76.24      0.00      0.00      0.00
Average:          1     23.40      0.00     76.60      0.00      0.00      0.00
