Linux 3.14.33-regular (node220-2) 	01/06/2017 	_x86_64_	(8 CPU)

01:51:17 PM     CPU     %user     %nice   %system   %iowait    %steal     %idle
01:51:18 PM       1     20.79      0.00     79.21      0.00      0.00      0.00
01:51:19 PM       1     21.00      0.00     79.00      0.00      0.00      0.00
01:51:20 PM       1     24.24      0.00     75.76      0.00      0.00      0.00
01:51:21 PM       1     21.00      0.00     79.00      0.00      0.00      0.00
01:51:22 PM       1     24.75      0.00     75.25      0.00      0.00      0.00
01:51:23 PM       1     19.00      0.00     81.00      0.00      0.00      0.00
01:51:24 PM       1     21.00      0.00     79.00      0.00      0.00      0.00
01:51:25 PM       1     24.00      0.00     76.00      0.00      0.00      0.00
01:51:26 PM       1     21.21      0.00     78.79      0.00      0.00      0.00
01:51:27 PM       1     24.00      0.00     76.00      0.00      0.00      0.00
01:51:28 PM       1     27.00      0.00     73.00      0.00      0.00      0.00
01:51:29 PM       1     20.00      0.00     80.00      0.00      0.00      0.00
01:51:30 PM       1     23.00      0.00     77.00      0.00      0.00      0.00
01:51:31 PM       1     21.00      0.00     79.00      0.00      0.00      0.00
01:51:32 PM       1     20.79      0.00     79.21      0.00      0.00      0.00
01:51:33 PM       1     20.00      0.00     80.00      0.00      0.00      0.00
01:51:34 PM       1     21.21      0.00     78.79      0.00      0.00      0.00
01:51:35 PM       1     22.77      0.00     77.23      0.00      0.00      0.00
01:51:36 PM       1     28.28      0.00     71.72      0.00      0.00      0.00
01:51:37 PM       1     22.77      0.00     77.23      0.00      0.00      0.00
Average:          1     22.39      0.00     77.61      0.00      0.00      0.00
