Linux 3.14.33-regular (node220-2) 	01/06/2017 	_x86_64_	(8 CPU)

04:54:32 PM     CPU     %user     %nice   %system   %iowait    %steal     %idle
04:54:33 PM       1     23.00      0.00     77.00      0.00      0.00      0.00
04:54:34 PM       1     28.00      0.00     72.00      0.00      0.00      0.00
04:54:35 PM       1     22.00      0.00     78.00      0.00      0.00      0.00
04:54:36 PM       1     22.00      0.00     78.00      0.00      0.00      0.00
04:54:37 PM       1     28.00      0.00     72.00      0.00      0.00      0.00
04:54:38 PM       1     27.00      0.00     73.00      0.00      0.00      0.00
04:54:39 PM       1     22.00      0.00     78.00      0.00      0.00      0.00
04:54:40 PM       1     21.00      0.00     79.00      0.00      0.00      0.00
04:54:41 PM       1     18.00      0.00     82.00      0.00      0.00      0.00
04:54:42 PM       1     26.73      0.00     73.27      0.00      0.00      0.00
04:54:43 PM       1     23.23      0.00     76.77      0.00      0.00      0.00
04:54:44 PM       1     23.00      0.00     77.00      0.00      0.00      0.00
04:54:45 PM       1     19.80      0.00     80.20      0.00      0.00      0.00
04:54:46 PM       1     21.21      0.00     78.79      0.00      0.00      0.00
04:54:47 PM       1     23.00      0.00     77.00      0.00      0.00      0.00
04:54:48 PM       1     26.00      0.00     74.00      0.00      0.00      0.00
04:54:49 PM       1     17.82      0.00     82.18      0.00      0.00      0.00
04:54:50 PM       1     19.19      0.00     80.81      0.00      0.00      0.00
04:54:51 PM       1     25.00      0.00     75.00      0.00      0.00      0.00
04:54:52 PM       1     25.00      0.00     75.00      0.00      0.00      0.00
Average:          1     23.05      0.00     76.95      0.00      0.00      0.00
