Linux 3.14.33-regular (node220-2) 	01/06/2017 	_x86_64_	(8 CPU)

04:48:45 PM     CPU     %user     %nice   %system   %iowait    %steal     %idle
04:48:46 PM       1     21.00      0.00     79.00      0.00      0.00      0.00
04:48:47 PM       1     22.00      0.00     78.00      0.00      0.00      0.00
04:48:48 PM       1     23.23      0.00     76.77      0.00      0.00      0.00
04:48:49 PM       1     20.00      0.00     80.00      0.00      0.00      0.00
04:48:50 PM       1     23.76      0.00     76.24      0.00      0.00      0.00
04:48:51 PM       1     26.00      0.00     74.00      0.00      0.00      0.00
04:48:52 PM       1     21.21      0.00     78.79      0.00      0.00      0.00
04:48:53 PM       1     23.00      0.00     77.00      0.00      0.00      0.00
04:48:54 PM       1     25.74      0.00     74.26      0.00      0.00      0.00
04:48:55 PM       1     26.26      0.00     73.74      0.00      0.00      0.00
04:48:56 PM       1     22.77      0.00     77.23      0.00      0.00      0.00
04:48:57 PM       1     17.17      0.00     82.83      0.00      0.00      0.00
04:48:58 PM       1     25.00      0.00     75.00      0.00      0.00      0.00
04:48:59 PM       1     23.76      0.00     76.24      0.00      0.00      0.00
04:49:00 PM       1     20.00      0.00     80.00      0.00      0.00      0.00
04:49:01 PM       1     17.17      0.00     82.83      0.00      0.00      0.00
04:49:02 PM       1     24.75      0.00     75.25      0.00      0.00      0.00
04:49:03 PM       1     19.19      0.00     80.81      0.00      0.00      0.00
04:49:04 PM       1     18.00      0.00     82.00      0.00      0.00      0.00
04:49:05 PM       1     22.00      0.00     78.00      0.00      0.00      0.00
Average:          1     22.11      0.00     77.89      0.00      0.00      0.00
