Linux 3.14.33-regular (node220-2) 	01/06/2017 	_x86_64_	(8 CPU)

04:16:45 PM     CPU     %user     %nice   %system   %iowait    %steal     %idle
04:16:46 PM       1     20.79      0.00     79.21      0.00      0.00      0.00
04:16:47 PM       1     22.22      0.00     77.78      0.00      0.00      0.00
04:16:48 PM       1     26.00      0.00     74.00      0.00      0.00      0.00
04:16:49 PM       1     23.76      0.00     76.24      0.00      0.00      0.00
04:16:50 PM       1     24.00      0.00     76.00      0.00      0.00      0.00
04:16:51 PM       1     22.22      0.00     77.78      0.00      0.00      0.00
04:16:52 PM       1     21.00      0.00     79.00      0.00      0.00      0.00
04:16:53 PM       1     25.00      0.00     75.00      0.00      0.00      0.00
04:16:54 PM       1     23.00      0.00     77.00      0.00      0.00      0.00
04:16:55 PM       1     22.00      0.00     78.00      0.00      0.00      0.00
04:16:56 PM       1     21.78      0.00     78.22      0.00      0.00      0.00
04:16:57 PM       1     20.00      0.00     80.00      0.00      0.00      0.00
04:16:58 PM       1     23.23      0.00     76.77      0.00      0.00      0.00
04:16:59 PM       1     27.00      0.00     73.00      0.00      0.00      0.00
04:17:00 PM       1     18.81      0.00     81.19      0.00      0.00      0.00
04:17:01 PM       1     18.00      0.00     82.00      0.00      0.00      0.00
04:17:02 PM       1     18.00      0.00     82.00      0.00      0.00      0.00
04:17:03 PM       1     23.00      0.00     77.00      0.00      0.00      0.00
04:17:04 PM       1     24.00      0.00     76.00      0.00      0.00      0.00
04:17:05 PM       1     22.22      0.00     77.78      0.00      0.00      0.00
Average:          1     22.30      0.00     77.70      0.00      0.00      0.00
