Linux 3.14.33-regular (node220-2) 	01/06/2017 	_x86_64_	(8 CPU)

01:44:52 PM     CPU     %user     %nice   %system   %iowait    %steal     %idle
01:44:53 PM       1     21.00      0.00     79.00      0.00      0.00      0.00
01:44:54 PM       1     22.00      0.00     78.00      0.00      0.00      0.00
01:44:55 PM       1     22.00      0.00     78.00      0.00      0.00      0.00
01:44:56 PM       1     21.21      0.00     78.79      0.00      0.00      0.00
01:44:57 PM       1     25.00      0.00     75.00      0.00      0.00      0.00
01:44:58 PM       1     19.80      0.00     80.20      0.00      0.00      0.00
01:44:59 PM       1     23.00      0.00     77.00      0.00      0.00      0.00
01:45:00 PM       1     21.00      0.00     79.00      0.00      0.00      0.00
01:45:01 PM       1     21.21      0.00     78.79      0.00      0.00      0.00
01:45:02 PM       1     20.00      0.00     80.00      0.00      0.00      0.00
01:45:03 PM       1     22.00      0.00     78.00      0.00      0.00      0.00
01:45:04 PM       1     21.00      0.00     79.00      0.00      0.00      0.00
01:45:05 PM       1     20.00      0.00     80.00      0.00      0.00      0.00
01:45:06 PM       1     17.00      0.00     83.00      0.00      0.00      0.00
01:45:07 PM       1     24.00      0.00     76.00      0.00      0.00      0.00
01:45:08 PM       1     25.00      0.00     75.00      0.00      0.00      0.00
01:45:09 PM       1     23.00      0.00     77.00      0.00      0.00      0.00
01:45:10 PM       1     23.76      0.00     76.24      0.00      0.00      0.00
01:45:11 PM       1     24.00      0.00     76.00      0.00      0.00      0.00
01:45:12 PM       1     21.21      0.00     78.79      0.00      0.00      0.00
Average:          1     21.86      0.00     78.14      0.00      0.00      0.00
