Linux 3.14.33-regular (node220-2) 	01/06/2017 	_x86_64_	(8 CPU)

09:17:57 PM     CPU     %user     %nice   %system   %iowait    %steal     %idle
09:17:58 PM       1     23.23      0.00     76.77      0.00      0.00      0.00
09:17:59 PM       1     29.70      0.00     70.30      0.00      0.00      0.00
09:18:00 PM       1     23.00      0.00     77.00      0.00      0.00      0.00
09:18:01 PM       1     23.00      0.00     77.00      0.00      0.00      0.00
09:18:02 PM       1     22.00      0.00     78.00      0.00      0.00      0.00
09:18:03 PM       1     21.00      0.00     79.00      0.00      0.00      0.00
09:18:04 PM       1     20.00      0.00     80.00      0.00      0.00      0.00
09:18:05 PM       1     23.00      0.00     77.00      0.00      0.00      0.00
09:18:06 PM       1     23.00      0.00     77.00      0.00      0.00      0.00
09:18:07 PM       1     20.00      0.00     80.00      0.00      0.00      0.00
09:18:08 PM       1     21.21      0.00     78.79      0.00      0.00      0.00
09:18:09 PM       1     19.80      0.00     80.20      0.00      0.00      0.00
09:18:10 PM       1     19.00      0.00     81.00      0.00      0.00      0.00
09:18:11 PM       1     23.00      0.00     77.00      0.00      0.00      0.00
09:18:12 PM       1     22.22      0.00     77.78      0.00      0.00      0.00
09:18:13 PM       1     22.00      0.00     78.00      0.00      0.00      0.00
09:18:14 PM       1     18.00      0.00     82.00      0.00      0.00      0.00
09:18:15 PM       1     20.00      0.00     80.00      0.00      0.00      0.00
09:18:16 PM       1     21.78      0.00     78.22      0.00      0.00      0.00
09:18:17 PM       1     20.00      0.00     80.00      0.00      0.00      0.00
Average:          1     21.75      0.00     78.25      0.00      0.00      0.00
