Linux 3.14.33-regular (node220-2) 	01/06/2017 	_x86_64_	(8 CPU)

07:59:06 PM     CPU     %user     %nice   %system   %iowait    %steal     %idle
07:59:07 PM       1     23.76      0.00     76.24      0.00      0.00      0.00
07:59:08 PM       1     22.00      0.00     78.00      0.00      0.00      0.00
07:59:09 PM       1     26.00      0.00     74.00      0.00      0.00      0.00
07:59:10 PM       1     14.00      0.00     86.00      0.00      0.00      0.00
07:59:11 PM       1     19.00      0.00     81.00      0.00      0.00      0.00
07:59:12 PM       1     24.00      0.00     76.00      0.00      0.00      0.00
07:59:13 PM       1     23.76      0.00     76.24      0.00      0.00      0.00
07:59:14 PM       1     22.22      0.00     77.78      0.00      0.00      0.00
07:59:15 PM       1     19.00      0.00     81.00      0.00      0.00      0.00
07:59:16 PM       1     22.00      0.00     78.00      0.00      0.00      0.00
07:59:17 PM       1     23.23      0.00     76.77      0.00      0.00      0.00
07:59:18 PM       1     25.74      0.00     74.26      0.00      0.00      0.00
07:59:19 PM       1     21.00      0.00     79.00      0.00      0.00      0.00
07:59:20 PM       1     22.00      0.00     78.00      0.00      0.00      0.00
07:59:21 PM       1     24.00      0.00     76.00      0.00      0.00      0.00
07:59:22 PM       1     22.00      0.00     78.00      0.00      0.00      0.00
07:59:23 PM       1     22.00      0.00     78.00      0.00      0.00      0.00
07:59:24 PM       1     18.00      0.00     82.00      0.00      0.00      0.00
07:59:25 PM       1     21.00      0.00     79.00      0.00      0.00      0.00
07:59:26 PM       1     21.78      0.00     78.22      0.00      0.00      0.00
Average:          1     21.83      0.00     78.17      0.00      0.00      0.00
