Linux 3.14.33-regular (node220-2) 	01/06/2017 	_x86_64_	(8 CPU)

01:10:52 PM     CPU     %user     %nice   %system   %iowait    %steal     %idle
01:10:53 PM       1     24.00      0.00     76.00      0.00      0.00      0.00
01:10:54 PM       1     21.00      0.00     79.00      0.00      0.00      0.00
01:10:55 PM       1     23.00      0.00     77.00      0.00      0.00      0.00
01:10:56 PM       1     23.00      0.00     77.00      0.00      0.00      0.00
01:10:57 PM       1     23.00      0.00     77.00      0.00      0.00      0.00
01:10:58 PM       1     20.00      0.00     80.00      0.00      0.00      0.00
01:10:59 PM       1     19.00      0.00     81.00      0.00      0.00      0.00
01:11:00 PM       1     22.00      0.00     78.00      0.00      0.00      0.00
01:11:01 PM       1     30.00      0.00     70.00      0.00      0.00      0.00
01:11:02 PM       1     19.00      0.00     81.00      0.00      0.00      0.00
01:11:03 PM       1     20.00      0.00     80.00      0.00      0.00      0.00
01:11:04 PM       1     20.00      0.00     80.00      0.00      0.00      0.00
01:11:05 PM       1     23.00      0.00     77.00      0.00      0.00      0.00
01:11:06 PM       1     21.00      0.00     79.00      0.00      0.00      0.00
01:11:07 PM       1     24.00      0.00     76.00      0.00      0.00      0.00
01:11:08 PM       1     25.00      0.00     75.00      0.00      0.00      0.00
01:11:09 PM       1     20.00      0.00     80.00      0.00      0.00      0.00
01:11:10 PM       1     22.00      0.00     78.00      0.00      0.00      0.00
01:11:11 PM       1     18.00      0.00     82.00      0.00      0.00      0.00
01:11:12 PM       1     26.26      0.00     73.74      0.00      0.00      0.00
Average:          1     22.16      0.00     77.84      0.00      0.00      0.00
