Linux 3.14.33-regular (node220-2) 	01/06/2017 	_x86_64_	(8 CPU)

04:09:44 PM     CPU     %user     %nice   %system   %iowait    %steal     %idle
04:09:45 PM       1     25.00      0.00     75.00      0.00      0.00      0.00
04:09:46 PM       1     20.00      0.00     80.00      0.00      0.00      0.00
04:09:47 PM       1     20.00      0.00     80.00      0.00      0.00      0.00
04:09:48 PM       1     22.00      0.00     78.00      0.00      0.00      0.00
04:09:49 PM       1     21.00      0.00     79.00      0.00      0.00      0.00
04:09:50 PM       1     26.00      0.00     74.00      0.00      0.00      0.00
04:09:51 PM       1     22.77      0.00     77.23      0.00      0.00      0.00
04:09:52 PM       1     26.26      0.00     73.74      0.00      0.00      0.00
04:09:53 PM       1     26.00      0.00     74.00      0.00      0.00      0.00
04:09:54 PM       1     23.00      0.00     77.00      0.00      0.00      0.00
04:09:55 PM       1     18.00      0.00     82.00      0.00      0.00      0.00
04:09:56 PM       1     22.77      0.00     77.23      0.00      0.00      0.00
04:09:57 PM       1     24.24      0.00     75.76      0.00      0.00      0.00
04:09:58 PM       1     21.00      0.00     79.00      0.00      0.00      0.00
04:09:59 PM       1     21.21      0.00     78.79      0.00      0.00      0.00
04:10:00 PM       1     21.78      0.00     78.22      0.00      0.00      0.00
04:10:01 PM       1     20.00      0.00     80.00      0.00      0.00      0.00
04:10:02 PM       1     25.00      0.00     75.00      0.00      0.00      0.00
04:10:03 PM       1     21.00      0.00     79.00      0.00      0.00      0.00
04:10:04 PM       1     23.00      0.00     77.00      0.00      0.00      0.00
Average:          1     22.50      0.00     77.50      0.00      0.00      0.00
