Linux 3.14.33-regular (node220-2) 	01/06/2017 	_x86_64_	(8 CPU)

10:22:42 PM     CPU     %user     %nice   %system   %iowait    %steal     %idle
10:22:43 PM       1     19.00      0.00     81.00      0.00      0.00      0.00
10:22:44 PM       1     24.24      0.00     75.76      0.00      0.00      0.00
10:22:45 PM       1     21.78      0.00     78.22      0.00      0.00      0.00
10:22:46 PM       1     25.00      0.00     75.00      0.00      0.00      0.00
10:22:47 PM       1     25.00      0.00     75.00      0.00      0.00      0.00
10:22:48 PM       1     25.00      0.00     75.00      0.00      0.00      0.00
10:22:49 PM       1     26.00      0.00     74.00      0.00      0.00      0.00
10:22:50 PM       1     22.00      0.00     78.00      0.00      0.00      0.00
10:22:51 PM       1     22.00      0.00     78.00      0.00      0.00      0.00
10:22:52 PM       1     21.00      0.00     79.00      0.00      0.00      0.00
10:22:53 PM       1     22.22      0.00     77.78      0.00      0.00      0.00
10:22:54 PM       1     22.00      0.00     78.00      0.00      0.00      0.00
10:22:55 PM       1     24.00      0.00     76.00      0.00      0.00      0.00
10:22:56 PM       1     21.00      0.00     79.00      0.00      0.00      0.00
10:22:57 PM       1     25.74      0.00     74.26      0.00      0.00      0.00
10:22:58 PM       1     20.20      0.00     79.80      0.00      0.00      0.00
10:22:59 PM       1     20.00      0.00     80.00      0.00      0.00      0.00
10:23:00 PM       1     23.00      0.00     77.00      0.00      0.00      0.00
10:23:01 PM       1     20.79      0.00     79.21      0.00      0.00      0.00
10:23:02 PM       1     22.00      0.00     78.00      0.00      0.00      0.00
Average:          1     22.60      0.00     77.40      0.00      0.00      0.00
