Linux 3.14.33-regular (node220-2) 	01/06/2017 	_x86_64_	(8 CPU)

06:42:46 PM     CPU     %user     %nice   %system   %iowait    %steal     %idle
06:42:47 PM       1     21.00      0.00     79.00      0.00      0.00      0.00
06:42:48 PM       1     25.00      0.00     75.00      0.00      0.00      0.00
06:42:49 PM       1     20.00      0.00     80.00      0.00      0.00      0.00
06:42:50 PM       1     22.00      0.00     78.00      0.00      0.00      0.00
06:42:51 PM       1     22.00      0.00     78.00      0.00      0.00      0.00
06:42:52 PM       1     22.22      0.00     77.78      0.00      0.00      0.00
06:42:53 PM       1     23.76      0.00     76.24      0.00      0.00      0.00
06:42:54 PM       1     24.00      0.00     76.00      0.00      0.00      0.00
06:42:55 PM       1     21.00      0.00     79.00      0.00      0.00      0.00
06:42:56 PM       1     20.79      0.00     79.21      0.00      0.00      0.00
06:42:57 PM       1     23.23      0.00     76.77      0.00      0.00      0.00
06:42:58 PM       1     18.00      0.00     82.00      0.00      0.00      0.00
06:42:59 PM       1     23.00      0.00     77.00      0.00      0.00      0.00
06:43:00 PM       1     17.82      0.00     82.18      0.00      0.00      0.00
06:43:01 PM       1     20.20      0.00     79.80      0.00      0.00      0.00
06:43:02 PM       1     20.00      0.00     80.00      0.00      0.00      0.00
06:43:03 PM       1     20.00      0.00     80.00      0.00      0.00      0.00
06:43:04 PM       1     23.00      0.00     77.00      0.00      0.00      0.00
06:43:05 PM       1     22.00      0.00     78.00      0.00      0.00      0.00
06:43:06 PM       1     18.00      0.00     82.00      0.00      0.00      0.00
Average:          1     21.35      0.00     78.65      0.00      0.00      0.00
