Linux 3.14.33-regular (node220-2) 	01/06/2017 	_x86_64_	(8 CPU)

05:24:35 PM     CPU     %user     %nice   %system   %iowait    %steal     %idle
05:24:36 PM       1     22.77      0.00     77.23      0.00      0.00      0.00
05:24:37 PM       1     23.00      0.00     77.00      0.00      0.00      0.00
05:24:38 PM       1     20.20      0.00     79.80      0.00      0.00      0.00
05:24:39 PM       1     25.00      0.00     75.00      0.00      0.00      0.00
05:24:40 PM       1     21.00      0.00     79.00      0.00      0.00      0.00
05:24:41 PM       1     20.00      0.00     80.00      0.00      0.00      0.00
05:24:42 PM       1     21.78      0.00     78.22      0.00      0.00      0.00
05:24:43 PM       1     21.00      0.00     79.00      0.00      0.00      0.00
05:24:44 PM       1     25.00      0.00     75.00      0.00      0.00      0.00
05:24:45 PM       1     24.24      0.00     75.76      0.00      0.00      0.00
05:24:46 PM       1     22.77      0.00     77.23      0.00      0.00      0.00
05:24:47 PM       1     19.19      0.00     80.81      0.00      0.00      0.00
05:24:48 PM       1     21.78      0.00     78.22      0.00      0.00      0.00
05:24:49 PM       1     20.00      0.00     80.00      0.00      0.00      0.00
05:24:50 PM       1     25.25      0.00     74.75      0.00      0.00      0.00
05:24:51 PM       1     18.00      0.00     82.00      0.00      0.00      0.00
05:24:52 PM       1     17.17      0.00     82.83      0.00      0.00      0.00
05:24:53 PM       1     22.00      0.00     78.00      0.00      0.00      0.00
05:24:54 PM       1     20.00      0.00     80.00      0.00      0.00      0.00
05:24:55 PM       1     22.77      0.00     77.23      0.00      0.00      0.00
Average:          1     21.65      0.00     78.35      0.00      0.00      0.00
