Linux 3.14.33-regular (node220-2) 	01/06/2017 	_x86_64_	(8 CPU)

01:46:47 PM     CPU     %user     %nice   %system   %iowait    %steal     %idle
01:46:48 PM       1     21.00      0.00     79.00      0.00      0.00      0.00
01:46:49 PM       1     24.24      0.00     75.76      0.00      0.00      0.00
01:46:50 PM       1     26.00      0.00     74.00      0.00      0.00      0.00
01:46:51 PM       1     25.00      0.00     75.00      0.00      0.00      0.00
01:46:52 PM       1     22.00      0.00     78.00      0.00      0.00      0.00
01:46:53 PM       1     25.00      0.00     75.00      0.00      0.00      0.00
01:46:54 PM       1     17.00      0.00     83.00      0.00      0.00      0.00
01:46:55 PM       1     23.00      0.00     77.00      0.00      0.00      0.00
01:46:56 PM       1     20.00      0.00     80.00      0.00      0.00      0.00
01:46:57 PM       1     25.00      0.00     75.00      0.00      0.00      0.00
01:46:58 PM       1     25.00      0.00     75.00      0.00      0.00      0.00
01:46:59 PM       1     20.00      0.00     80.00      0.00      0.00      0.00
01:47:00 PM       1     16.00      0.00     84.00      0.00      0.00      0.00
01:47:01 PM       1     19.00      0.00     81.00      0.00      0.00      0.00
01:47:02 PM       1     21.00      0.00     79.00      0.00      0.00      0.00
01:47:03 PM       1     20.79      0.00     79.21      0.00      0.00      0.00
01:47:04 PM       1     24.24      0.00     75.76      0.00      0.00      0.00
01:47:05 PM       1     21.00      0.00     79.00      0.00      0.00      0.00
01:47:06 PM       1     22.00      0.00     78.00      0.00      0.00      0.00
01:47:07 PM       1     25.74      0.00     74.26      0.00      0.00      0.00
Average:          1     22.15      0.00     77.85      0.00      0.00      0.00
