Linux 3.14.33-regular (node220-2) 	01/06/2017 	_x86_64_	(8 CPU)

09:28:13 PM     CPU     %user     %nice   %system   %iowait    %steal     %idle
09:28:14 PM       1     25.00      0.00     75.00      0.00      0.00      0.00
09:28:15 PM       1     30.00      0.00     70.00      0.00      0.00      0.00
09:28:16 PM       1     20.00      0.00     80.00      0.00      0.00      0.00
09:28:17 PM       1     23.00      0.00     77.00      0.00      0.00      0.00
09:28:18 PM       1     26.00      0.00     74.00      0.00      0.00      0.00
09:28:19 PM       1     26.26      0.00     73.74      0.00      0.00      0.00
09:28:20 PM       1     21.78      0.00     78.22      0.00      0.00      0.00
09:28:21 PM       1     19.19      0.00     80.81      0.00      0.00      0.00
09:28:22 PM       1     21.78      0.00     78.22      0.00      0.00      0.00
09:28:23 PM       1     20.20      0.00     79.80      0.00      0.00      0.00
09:28:24 PM       1     24.00      0.00     76.00      0.00      0.00      0.00
09:28:25 PM       1     22.77      0.00     77.23      0.00      0.00      0.00
09:28:26 PM       1     22.00      0.00     78.00      0.00      0.00      0.00
09:28:27 PM       1     24.24      0.00     75.76      0.00      0.00      0.00
09:28:28 PM       1     25.74      0.00     74.26      0.00      0.00      0.00
09:28:29 PM       1     19.19      0.00     80.81      0.00      0.00      0.00
09:28:30 PM       1     24.00      0.00     76.00      0.00      0.00      0.00
09:28:31 PM       1     20.79      0.00     79.21      0.00      0.00      0.00
09:28:32 PM       1     22.22      0.00     77.78      0.00      0.00      0.00
09:28:33 PM       1     22.77      0.00     77.23      0.00      0.00      0.00
Average:          1     23.05      0.00     76.95      0.00      0.00      0.00
