Linux 3.14.33-regular (node220-2) 	01/06/2017 	_x86_64_	(8 CPU)

09:26:56 PM     CPU     %user     %nice   %system   %iowait    %steal     %idle
09:26:57 PM       1     19.00      0.00     81.00      0.00      0.00      0.00
09:26:58 PM       1     22.00      0.00     78.00      0.00      0.00      0.00
09:26:59 PM       1     21.78      0.00     78.22      0.00      0.00      0.00
09:27:00 PM       1     23.23      0.00     76.77      0.00      0.00      0.00
09:27:01 PM       1     24.00      0.00     76.00      0.00      0.00      0.00
09:27:02 PM       1     20.00      0.00     80.00      0.00      0.00      0.00
09:27:03 PM       1     22.77      0.00     77.23      0.00      0.00      0.00
09:27:04 PM       1     22.00      0.00     78.00      0.00      0.00      0.00
09:27:05 PM       1     22.22      0.00     77.78      0.00      0.00      0.00
09:27:06 PM       1     24.00      0.00     76.00      0.00      0.00      0.00
09:27:07 PM       1     22.00      0.00     78.00      0.00      0.00      0.00
09:27:08 PM       1     25.00      0.00     75.00      0.00      0.00      0.00
09:27:09 PM       1     22.77      0.00     77.23      0.00      0.00      0.00
09:27:10 PM       1     22.22      0.00     77.78      0.00      0.00      0.00
09:27:11 PM       1     24.00      0.00     76.00      0.00      0.00      0.00
09:27:12 PM       1     22.00      0.00     78.00      0.00      0.00      0.00
09:27:13 PM       1     24.00      0.00     76.00      0.00      0.00      0.00
09:27:14 PM       1     19.00      0.00     81.00      0.00      0.00      0.00
09:27:15 PM       1     23.23      0.00     76.77      0.00      0.00      0.00
09:27:16 PM       1     20.79      0.00     79.21      0.00      0.00      0.00
Average:          1     22.30      0.00     77.70      0.00      0.00      0.00
