Linux 3.14.33-regular (node220-2) 	01/06/2017 	_x86_64_	(8 CPU)

05:36:06 PM     CPU     %user     %nice   %system   %iowait    %steal     %idle
05:36:07 PM       1     24.00      0.00     76.00      0.00      0.00      0.00
05:36:08 PM       1     25.00      0.00     75.00      0.00      0.00      0.00
05:36:09 PM       1     24.00      0.00     76.00      0.00      0.00      0.00
05:36:10 PM       1     18.00      0.00     82.00      0.00      0.00      0.00
05:36:11 PM       1     22.00      0.00     78.00      0.00      0.00      0.00
05:36:12 PM       1     23.00      0.00     77.00      0.00      0.00      0.00
05:36:13 PM       1     23.00      0.00     77.00      0.00      0.00      0.00
05:36:14 PM       1     21.21      0.00     78.79      0.00      0.00      0.00
05:36:15 PM       1     19.61      0.00     80.39      0.00      0.00      0.00
05:36:16 PM       1     24.24      0.00     75.76      0.00      0.00      0.00
05:36:17 PM       1     18.81      0.00     81.19      0.00      0.00      0.00
05:36:18 PM       1     23.23      0.00     76.77      0.00      0.00      0.00
05:36:19 PM       1     23.76      0.00     76.24      0.00      0.00      0.00
05:36:20 PM       1     19.19      0.00     80.81      0.00      0.00      0.00
05:36:21 PM       1     26.73      0.00     73.27      0.00      0.00      0.00
05:36:22 PM       1     17.17      0.00     82.83      0.00      0.00      0.00
05:36:23 PM       1     18.00      0.00     82.00      0.00      0.00      0.00
05:36:24 PM       1     20.79      0.00     79.21      0.00      0.00      0.00
05:36:25 PM       1     23.23      0.00     76.77      0.00      0.00      0.00
05:36:26 PM       1     22.77      0.00     77.23      0.00      0.00      0.00
Average:          1     21.89      0.00     78.11      0.00      0.00      0.00
