Linux 3.14.33-regular (node220-2) 	01/06/2017 	_x86_64_	(8 CPU)

06:24:14 PM     CPU     %user     %nice   %system   %iowait    %steal     %idle
06:24:15 PM       1     24.00      0.00     76.00      0.00      0.00      0.00
06:24:16 PM       1     24.00      0.00     76.00      0.00      0.00      0.00
06:24:17 PM       1     24.00      0.00     76.00      0.00      0.00      0.00
06:24:18 PM       1     19.00      0.00     81.00      0.00      0.00      0.00
06:24:19 PM       1     25.00      0.00     75.00      0.00      0.00      0.00
06:24:20 PM       1     22.00      0.00     78.00      0.00      0.00      0.00
06:24:21 PM       1     20.00      0.00     80.00      0.00      0.00      0.00
06:24:22 PM       1     25.00      0.00     75.00      0.00      0.00      0.00
06:24:23 PM       1     24.00      0.00     76.00      0.00      0.00      0.00
06:24:24 PM       1     21.00      0.00     79.00      0.00      0.00      0.00
06:24:25 PM       1     20.00      0.00     80.00      0.00      0.00      0.00
06:24:26 PM       1     24.24      0.00     75.76      0.00      0.00      0.00
06:24:27 PM       1     27.72      0.00     72.28      0.00      0.00      0.00
06:24:28 PM       1     25.25      0.00     74.75      0.00      0.00      0.00
06:24:29 PM       1     25.00      0.00     75.00      0.00      0.00      0.00
06:24:30 PM       1     22.00      0.00     78.00      0.00      0.00      0.00
06:24:31 PM       1     22.00      0.00     78.00      0.00      0.00      0.00
06:24:32 PM       1     19.00      0.00     81.00      0.00      0.00      0.00
06:24:33 PM       1     22.77      0.00     77.23      0.00      0.00      0.00
06:24:34 PM       1     26.26      0.00     73.74      0.00      0.00      0.00
Average:          1     23.11      0.00     76.89      0.00      0.00      0.00
