Linux 3.14.33-regular (node220-2) 	01/06/2017 	_x86_64_	(8 CPU)

09:44:15 PM     CPU     %user     %nice   %system   %iowait    %steal     %idle
09:44:16 PM       1     23.00      0.00     77.00      0.00      0.00      0.00
09:44:17 PM       1     18.00      0.00     82.00      0.00      0.00      0.00
09:44:18 PM       1     21.00      0.00     79.00      0.00      0.00      0.00
09:44:19 PM       1     20.00      0.00     80.00      0.00      0.00      0.00
09:44:20 PM       1     22.00      0.00     78.00      0.00      0.00      0.00
09:44:21 PM       1     19.00      0.00     81.00      0.00      0.00      0.00
09:44:22 PM       1     22.77      0.00     77.23      0.00      0.00      0.00
09:44:23 PM       1     27.27      0.00     72.73      0.00      0.00      0.00
09:44:24 PM       1     23.00      0.00     77.00      0.00      0.00      0.00
09:44:25 PM       1     22.77      0.00     77.23      0.00      0.00      0.00
09:44:26 PM       1     17.17      0.00     82.83      0.00      0.00      0.00
09:44:27 PM       1     23.00      0.00     77.00      0.00      0.00      0.00
09:44:28 PM       1     21.00      0.00     79.00      0.00      0.00      0.00
09:44:29 PM       1     22.22      0.00     77.78      0.00      0.00      0.00
09:44:30 PM       1     19.80      0.00     80.20      0.00      0.00      0.00
09:44:31 PM       1     24.00      0.00     76.00      0.00      0.00      0.00
09:44:32 PM       1     19.00      0.00     81.00      0.00      0.00      0.00
09:44:33 PM       1     23.00      0.00     77.00      0.00      0.00      0.00
09:44:34 PM       1     26.73      0.00     73.27      0.00      0.00      0.00
09:44:35 PM       1     20.00      0.00     80.00      0.00      0.00      0.00
Average:          1     21.74      0.00     78.26      0.00      0.00      0.00
