Linux 3.14.33-regular (node220-2) 	01/05/2017 	_x86_64_	(8 CPU)

01:34:58 PM     CPU     %user     %nice   %system   %iowait    %steal     %idle
01:34:59 PM       1    100.00      0.00      0.00      0.00      0.00      0.00
01:35:00 PM       1    100.00      0.00      0.00      0.00      0.00      0.00
01:35:01 PM       1    100.00      0.00      0.00      0.00      0.00      0.00
01:35:02 PM       1    100.00      0.00      0.00      0.00      0.00      0.00
01:35:03 PM       1    100.00      0.00      0.00      0.00      0.00      0.00
01:35:04 PM       1    100.00      0.00      0.00      0.00      0.00      0.00
01:35:05 PM       1    100.00      0.00      0.00      0.00      0.00      0.00
01:35:06 PM       1    100.00      0.00      0.00      0.00      0.00      0.00
01:35:07 PM       1    100.00      0.00      0.00      0.00      0.00      0.00
01:35:08 PM       1    100.00      0.00      0.00      0.00      0.00      0.00
01:35:09 PM       1    100.00      0.00      0.00      0.00      0.00      0.00
01:35:10 PM       1    100.00      0.00      0.00      0.00      0.00      0.00
01:35:11 PM       1    100.00      0.00      0.00      0.00      0.00      0.00
01:35:12 PM       1    100.00      0.00      0.00      0.00      0.00      0.00
01:35:13 PM       1    100.00      0.00      0.00      0.00      0.00      0.00
01:35:14 PM       1    100.00      0.00      0.00      0.00      0.00      0.00
01:35:15 PM       1    100.00      0.00      0.00      0.00      0.00      0.00
01:35:16 PM       1    100.00      0.00      0.00      0.00      0.00      0.00
01:35:17 PM       1    100.00      0.00      0.00      0.00      0.00      0.00
01:35:18 PM       1    100.00      0.00      0.00      0.00      0.00      0.00
Average:          1    100.00      0.00      0.00      0.00      0.00      0.00
