Linux 3.14.33-regular (node220-2) 	01/05/2017 	_x86_64_	(8 CPU)

12:00:40 PM     CPU     %user     %nice   %system   %iowait    %steal     %idle
12:00:41 PM       1    100.00      0.00      0.00      0.00      0.00      0.00
12:00:42 PM       1    100.00      0.00      0.00      0.00      0.00      0.00
12:00:43 PM       1    100.00      0.00      0.00      0.00      0.00      0.00
12:00:44 PM       1    100.00      0.00      0.00      0.00      0.00      0.00
12:00:45 PM       1    100.00      0.00      0.00      0.00      0.00      0.00
12:00:46 PM       1    100.00      0.00      0.00      0.00      0.00      0.00
12:00:47 PM       1    100.00      0.00      0.00      0.00      0.00      0.00
12:00:48 PM       1    100.00      0.00      0.00      0.00      0.00      0.00
12:00:49 PM       1    100.00      0.00      0.00      0.00      0.00      0.00
12:00:50 PM       1    100.00      0.00      0.00      0.00      0.00      0.00
12:00:51 PM       1    100.00      0.00      0.00      0.00      0.00      0.00
12:00:52 PM       1    100.00      0.00      0.00      0.00      0.00      0.00
12:00:53 PM       1    100.00      0.00      0.00      0.00      0.00      0.00
12:00:54 PM       1    100.00      0.00      0.00      0.00      0.00      0.00
12:00:55 PM       1    100.00      0.00      0.00      0.00      0.00      0.00
12:00:56 PM       1    100.00      0.00      0.00      0.00      0.00      0.00
12:00:57 PM       1    100.00      0.00      0.00      0.00      0.00      0.00
12:00:58 PM       1    100.00      0.00      0.00      0.00      0.00      0.00
12:00:59 PM       1    100.00      0.00      0.00      0.00      0.00      0.00
12:01:00 PM       1    100.00      0.00      0.00      0.00      0.00      0.00
Average:          1    100.00      0.00      0.00      0.00      0.00      0.00
