Linux 3.14.33-regular (node220-2) 	01/05/2017 	_x86_64_	(8 CPU)

02:26:30 PM     CPU     %user     %nice   %system   %iowait    %steal     %idle
02:26:31 PM       1    100.00      0.00      0.00      0.00      0.00      0.00
02:26:32 PM       1    100.00      0.00      0.00      0.00      0.00      0.00
02:26:33 PM       1    100.00      0.00      0.00      0.00      0.00      0.00
02:26:34 PM       1    100.00      0.00      0.00      0.00      0.00      0.00
02:26:35 PM       1    100.00      0.00      0.00      0.00      0.00      0.00
02:26:36 PM       1    100.00      0.00      0.00      0.00      0.00      0.00
02:26:37 PM       1    100.00      0.00      0.00      0.00      0.00      0.00
02:26:38 PM       1    100.00      0.00      0.00      0.00      0.00      0.00
02:26:39 PM       1    100.00      0.00      0.00      0.00      0.00      0.00
02:26:40 PM       1    100.00      0.00      0.00      0.00      0.00      0.00
02:26:41 PM       1    100.00      0.00      0.00      0.00      0.00      0.00
02:26:42 PM       1    100.00      0.00      0.00      0.00      0.00      0.00
02:26:43 PM       1    100.00      0.00      0.00      0.00      0.00      0.00
02:26:44 PM       1    100.00      0.00      0.00      0.00      0.00      0.00
02:26:45 PM       1    100.00      0.00      0.00      0.00      0.00      0.00
02:26:46 PM       1    100.00      0.00      0.00      0.00      0.00      0.00
02:26:47 PM       1    100.00      0.00      0.00      0.00      0.00      0.00
02:26:48 PM       1    100.00      0.00      0.00      0.00      0.00      0.00
02:26:49 PM       1    100.00      0.00      0.00      0.00      0.00      0.00
02:26:50 PM       1    100.00      0.00      0.00      0.00      0.00      0.00
Average:          1    100.00      0.00      0.00      0.00      0.00      0.00
