Linux 3.14.33-regular (node220-2) 	01/05/2017 	_x86_64_	(8 CPU)

01:21:30 PM     CPU     %user     %nice   %system   %iowait    %steal     %idle
01:21:31 PM       1    100.00      0.00      0.00      0.00      0.00      0.00
01:21:32 PM       1    100.00      0.00      0.00      0.00      0.00      0.00
01:21:33 PM       1    100.00      0.00      0.00      0.00      0.00      0.00
01:21:34 PM       1    100.00      0.00      0.00      0.00      0.00      0.00
01:21:35 PM       1    100.00      0.00      0.00      0.00      0.00      0.00
01:21:36 PM       1    100.00      0.00      0.00      0.00      0.00      0.00
01:21:37 PM       1    100.00      0.00      0.00      0.00      0.00      0.00
01:21:38 PM       1    100.00      0.00      0.00      0.00      0.00      0.00
01:21:39 PM       1    100.00      0.00      0.00      0.00      0.00      0.00
01:21:40 PM       1    100.00      0.00      0.00      0.00      0.00      0.00
01:21:41 PM       1    100.00      0.00      0.00      0.00      0.00      0.00
01:21:42 PM       1    100.00      0.00      0.00      0.00      0.00      0.00
01:21:43 PM       1    100.00      0.00      0.00      0.00      0.00      0.00
01:21:44 PM       1    100.00      0.00      0.00      0.00      0.00      0.00
01:21:45 PM       1    100.00      0.00      0.00      0.00      0.00      0.00
01:21:46 PM       1    100.00      0.00      0.00      0.00      0.00      0.00
01:21:47 PM       1    100.00      0.00      0.00      0.00      0.00      0.00
01:21:48 PM       1    100.00      0.00      0.00      0.00      0.00      0.00
01:21:49 PM       1    100.00      0.00      0.00      0.00      0.00      0.00
01:21:50 PM       1    100.00      0.00      0.00      0.00      0.00      0.00
Average:          1    100.00      0.00      0.00      0.00      0.00      0.00
