Linux 3.14.33-regular (node220-2) 	01/05/2017 	_x86_64_	(8 CPU)

12:25:42 PM     CPU     %user     %nice   %system   %iowait    %steal     %idle
12:25:43 PM       1    100.00      0.00      0.00      0.00      0.00      0.00
12:25:44 PM       1    100.00      0.00      0.00      0.00      0.00      0.00
12:25:45 PM       1    100.00      0.00      0.00      0.00      0.00      0.00
12:25:46 PM       1    100.00      0.00      0.00      0.00      0.00      0.00
12:25:47 PM       1    100.00      0.00      0.00      0.00      0.00      0.00
12:25:48 PM       1    100.00      0.00      0.00      0.00      0.00      0.00
12:25:49 PM       1    100.00      0.00      0.00      0.00      0.00      0.00
12:25:50 PM       1    100.00      0.00      0.00      0.00      0.00      0.00
12:25:51 PM       1    100.00      0.00      0.00      0.00      0.00      0.00
12:25:52 PM       1    100.00      0.00      0.00      0.00      0.00      0.00
12:25:53 PM       1    100.00      0.00      0.00      0.00      0.00      0.00
12:25:54 PM       1    100.00      0.00      0.00      0.00      0.00      0.00
12:25:55 PM       1    100.00      0.00      0.00      0.00      0.00      0.00
12:25:56 PM       1    100.00      0.00      0.00      0.00      0.00      0.00
12:25:57 PM       1    100.00      0.00      0.00      0.00      0.00      0.00
12:25:58 PM       1    100.00      0.00      0.00      0.00      0.00      0.00
12:25:59 PM       1    100.00      0.00      0.00      0.00      0.00      0.00
12:26:00 PM       1    100.00      0.00      0.00      0.00      0.00      0.00
12:26:01 PM       1    100.00      0.00      0.00      0.00      0.00      0.00
12:26:02 PM       1    100.00      0.00      0.00      0.00      0.00      0.00
Average:          1    100.00      0.00      0.00      0.00      0.00      0.00
