Linux 3.14.33-regular (node220-2) 	01/05/2017 	_x86_64_	(8 CPU)

11:49:45 AM     CPU     %user     %nice   %system   %iowait    %steal     %idle
11:49:46 AM       1    100.00      0.00      0.00      0.00      0.00      0.00
11:49:47 AM       1    100.00      0.00      0.00      0.00      0.00      0.00
11:49:48 AM       1    100.00      0.00      0.00      0.00      0.00      0.00
11:49:49 AM       1    100.00      0.00      0.00      0.00      0.00      0.00
11:49:50 AM       1    100.00      0.00      0.00      0.00      0.00      0.00
11:49:51 AM       1    100.00      0.00      0.00      0.00      0.00      0.00
11:49:52 AM       1    100.00      0.00      0.00      0.00      0.00      0.00
11:49:53 AM       1    100.00      0.00      0.00      0.00      0.00      0.00
11:49:54 AM       1    100.00      0.00      0.00      0.00      0.00      0.00
11:49:55 AM       1    100.00      0.00      0.00      0.00      0.00      0.00
11:49:56 AM       1    100.00      0.00      0.00      0.00      0.00      0.00
11:49:57 AM       1    100.00      0.00      0.00      0.00      0.00      0.00
11:49:58 AM       1    100.00      0.00      0.00      0.00      0.00      0.00
11:49:59 AM       1    100.00      0.00      0.00      0.00      0.00      0.00
11:50:00 AM       1    100.00      0.00      0.00      0.00      0.00      0.00
11:50:01 AM       1    100.00      0.00      0.00      0.00      0.00      0.00
11:50:02 AM       1    100.00      0.00      0.00      0.00      0.00      0.00
11:50:03 AM       1    100.00      0.00      0.00      0.00      0.00      0.00
11:50:04 AM       1    100.00      0.00      0.00      0.00      0.00      0.00
11:50:05 AM       1    100.00      0.00      0.00      0.00      0.00      0.00
Average:          1    100.00      0.00      0.00      0.00      0.00      0.00
