Linux 3.14.33-regular (node220-2) 	01/05/2017 	_x86_64_	(8 CPU)

02:23:13 PM     CPU     %user     %nice   %system   %iowait    %steal     %idle
02:23:14 PM       1    100.00      0.00      0.00      0.00      0.00      0.00
02:23:15 PM       1    100.00      0.00      0.00      0.00      0.00      0.00
02:23:16 PM       1    100.00      0.00      0.00      0.00      0.00      0.00
02:23:17 PM       1    100.00      0.00      0.00      0.00      0.00      0.00
02:23:18 PM       1    100.00      0.00      0.00      0.00      0.00      0.00
02:23:19 PM       1    100.00      0.00      0.00      0.00      0.00      0.00
02:23:20 PM       1    100.00      0.00      0.00      0.00      0.00      0.00
02:23:21 PM       1    100.00      0.00      0.00      0.00      0.00      0.00
02:23:22 PM       1    100.00      0.00      0.00      0.00      0.00      0.00
02:23:23 PM       1    100.00      0.00      0.00      0.00      0.00      0.00
02:23:24 PM       1    100.00      0.00      0.00      0.00      0.00      0.00
02:23:25 PM       1    100.00      0.00      0.00      0.00      0.00      0.00
02:23:26 PM       1    100.00      0.00      0.00      0.00      0.00      0.00
02:23:27 PM       1    100.00      0.00      0.00      0.00      0.00      0.00
02:23:28 PM       1    100.00      0.00      0.00      0.00      0.00      0.00
02:23:29 PM       1    100.00      0.00      0.00      0.00      0.00      0.00
02:23:30 PM       1    100.00      0.00      0.00      0.00      0.00      0.00
02:23:31 PM       1    100.00      0.00      0.00      0.00      0.00      0.00
02:23:32 PM       1    100.00      0.00      0.00      0.00      0.00      0.00
02:23:33 PM       1    100.00      0.00      0.00      0.00      0.00      0.00
Average:          1    100.00      0.00      0.00      0.00      0.00      0.00
