Linux 3.14.33-regular (node220-2) 	01/05/2017 	_x86_64_	(8 CPU)

02:05:53 PM     CPU     %user     %nice   %system   %iowait    %steal     %idle
02:05:54 PM       1    100.00      0.00      0.00      0.00      0.00      0.00
02:05:55 PM       1    100.00      0.00      0.00      0.00      0.00      0.00
02:05:56 PM       1    100.00      0.00      0.00      0.00      0.00      0.00
02:05:57 PM       1    100.00      0.00      0.00      0.00      0.00      0.00
02:05:58 PM       1    100.00      0.00      0.00      0.00      0.00      0.00
02:05:59 PM       1    100.00      0.00      0.00      0.00      0.00      0.00
02:06:00 PM       1    100.00      0.00      0.00      0.00      0.00      0.00
02:06:01 PM       1    100.00      0.00      0.00      0.00      0.00      0.00
02:06:02 PM       1    100.00      0.00      0.00      0.00      0.00      0.00
02:06:03 PM       1    100.00      0.00      0.00      0.00      0.00      0.00
02:06:04 PM       1    100.00      0.00      0.00      0.00      0.00      0.00
02:06:05 PM       1    100.00      0.00      0.00      0.00      0.00      0.00
02:06:06 PM       1    100.00      0.00      0.00      0.00      0.00      0.00
02:06:07 PM       1    100.00      0.00      0.00      0.00      0.00      0.00
02:06:08 PM       1    100.00      0.00      0.00      0.00      0.00      0.00
02:06:09 PM       1    100.00      0.00      0.00      0.00      0.00      0.00
02:06:10 PM       1    100.00      0.00      0.00      0.00      0.00      0.00
02:06:11 PM       1    100.00      0.00      0.00      0.00      0.00      0.00
02:06:12 PM       1    100.00      0.00      0.00      0.00      0.00      0.00
02:06:13 PM       1    100.00      0.00      0.00      0.00      0.00      0.00
Average:          1    100.00      0.00      0.00      0.00      0.00      0.00
