Linux 3.14.33-regular (node220-2) 	01/05/2017 	_x86_64_	(8 CPU)

01:44:39 PM     CPU     %user     %nice   %system   %iowait    %steal     %idle
01:44:40 PM       1    100.00      0.00      0.00      0.00      0.00      0.00
01:44:41 PM       1    100.00      0.00      0.00      0.00      0.00      0.00
01:44:42 PM       1    100.00      0.00      0.00      0.00      0.00      0.00
01:44:43 PM       1    100.00      0.00      0.00      0.00      0.00      0.00
01:44:44 PM       1    100.00      0.00      0.00      0.00      0.00      0.00
01:44:45 PM       1    100.00      0.00      0.00      0.00      0.00      0.00
01:44:46 PM       1    100.00      0.00      0.00      0.00      0.00      0.00
01:44:47 PM       1    100.00      0.00      0.00      0.00      0.00      0.00
01:44:48 PM       1    100.00      0.00      0.00      0.00      0.00      0.00
01:44:49 PM       1    100.00      0.00      0.00      0.00      0.00      0.00
01:44:50 PM       1    100.00      0.00      0.00      0.00      0.00      0.00
01:44:51 PM       1    100.00      0.00      0.00      0.00      0.00      0.00
01:44:52 PM       1    100.00      0.00      0.00      0.00      0.00      0.00
01:44:53 PM       1    100.00      0.00      0.00      0.00      0.00      0.00
01:44:54 PM       1    100.00      0.00      0.00      0.00      0.00      0.00
01:44:55 PM       1    100.00      0.00      0.00      0.00      0.00      0.00
01:44:56 PM       1    100.00      0.00      0.00      0.00      0.00      0.00
01:44:57 PM       1    100.00      0.00      0.00      0.00      0.00      0.00
01:44:58 PM       1    100.00      0.00      0.00      0.00      0.00      0.00
01:44:59 PM       1    100.00      0.00      0.00      0.00      0.00      0.00
Average:          1    100.00      0.00      0.00      0.00      0.00      0.00
