Linux 3.14.33-regular (node220-2) 	01/05/2017 	_x86_64_	(8 CPU)

12:07:04 PM     CPU     %user     %nice   %system   %iowait    %steal     %idle
12:07:05 PM       1    100.00      0.00      0.00      0.00      0.00      0.00
12:07:06 PM       1    100.00      0.00      0.00      0.00      0.00      0.00
12:07:07 PM       1    100.00      0.00      0.00      0.00      0.00      0.00
12:07:08 PM       1    100.00      0.00      0.00      0.00      0.00      0.00
12:07:09 PM       1    100.00      0.00      0.00      0.00      0.00      0.00
12:07:10 PM       1    100.00      0.00      0.00      0.00      0.00      0.00
12:07:11 PM       1    100.00      0.00      0.00      0.00      0.00      0.00
12:07:12 PM       1    100.00      0.00      0.00      0.00      0.00      0.00
12:07:13 PM       1    100.00      0.00      0.00      0.00      0.00      0.00
12:07:14 PM       1    100.00      0.00      0.00      0.00      0.00      0.00
12:07:15 PM       1    100.00      0.00      0.00      0.00      0.00      0.00
12:07:16 PM       1    100.00      0.00      0.00      0.00      0.00      0.00
12:07:17 PM       1    100.00      0.00      0.00      0.00      0.00      0.00
12:07:18 PM       1    100.00      0.00      0.00      0.00      0.00      0.00
12:07:19 PM       1    100.00      0.00      0.00      0.00      0.00      0.00
12:07:20 PM       1    100.00      0.00      0.00      0.00      0.00      0.00
12:07:21 PM       1    100.00      0.00      0.00      0.00      0.00      0.00
12:07:22 PM       1    100.00      0.00      0.00      0.00      0.00      0.00
12:07:23 PM       1    100.00      0.00      0.00      0.00      0.00      0.00
12:07:24 PM       1    100.00      0.00      0.00      0.00      0.00      0.00
Average:          1    100.00      0.00      0.00      0.00      0.00      0.00
