Linux 3.14.33-regular (node220-2) 	01/05/2017 	_x86_64_	(8 CPU)

12:26:20 PM     CPU     %user     %nice   %system   %iowait    %steal     %idle
12:26:21 PM       1    100.00      0.00      0.00      0.00      0.00      0.00
12:26:22 PM       1    100.00      0.00      0.00      0.00      0.00      0.00
12:26:23 PM       1    100.00      0.00      0.00      0.00      0.00      0.00
12:26:24 PM       1    100.00      0.00      0.00      0.00      0.00      0.00
12:26:25 PM       1    100.00      0.00      0.00      0.00      0.00      0.00
12:26:26 PM       1    100.00      0.00      0.00      0.00      0.00      0.00
12:26:27 PM       1    100.00      0.00      0.00      0.00      0.00      0.00
12:26:28 PM       1    100.00      0.00      0.00      0.00      0.00      0.00
12:26:29 PM       1    100.00      0.00      0.00      0.00      0.00      0.00
12:26:30 PM       1    100.00      0.00      0.00      0.00      0.00      0.00
12:26:31 PM       1    100.00      0.00      0.00      0.00      0.00      0.00
12:26:32 PM       1    100.00      0.00      0.00      0.00      0.00      0.00
12:26:33 PM       1    100.00      0.00      0.00      0.00      0.00      0.00
12:26:34 PM       1    100.00      0.00      0.00      0.00      0.00      0.00
12:26:35 PM       1    100.00      0.00      0.00      0.00      0.00      0.00
12:26:36 PM       1    100.00      0.00      0.00      0.00      0.00      0.00
12:26:37 PM       1    100.00      0.00      0.00      0.00      0.00      0.00
12:26:38 PM       1    100.00      0.00      0.00      0.00      0.00      0.00
12:26:39 PM       1    100.00      0.00      0.00      0.00      0.00      0.00
12:26:40 PM       1    100.00      0.00      0.00      0.00      0.00      0.00
Average:          1    100.00      0.00      0.00      0.00      0.00      0.00
