Linux 3.14.33-regular (node220-2) 	01/05/2017 	_x86_64_	(8 CPU)

12:40:26 PM     CPU     %user     %nice   %system   %iowait    %steal     %idle
12:40:27 PM       1    100.00      0.00      0.00      0.00      0.00      0.00
12:40:28 PM       1    100.00      0.00      0.00      0.00      0.00      0.00
12:40:29 PM       1    100.00      0.00      0.00      0.00      0.00      0.00
12:40:30 PM       1    100.00      0.00      0.00      0.00      0.00      0.00
12:40:31 PM       1    100.00      0.00      0.00      0.00      0.00      0.00
12:40:32 PM       1    100.00      0.00      0.00      0.00      0.00      0.00
12:40:33 PM       1    100.00      0.00      0.00      0.00      0.00      0.00
12:40:34 PM       1    100.00      0.00      0.00      0.00      0.00      0.00
12:40:35 PM       1    100.00      0.00      0.00      0.00      0.00      0.00
12:40:36 PM       1    100.00      0.00      0.00      0.00      0.00      0.00
12:40:37 PM       1    100.00      0.00      0.00      0.00      0.00      0.00
12:40:38 PM       1    100.00      0.00      0.00      0.00      0.00      0.00
12:40:39 PM       1    100.00      0.00      0.00      0.00      0.00      0.00
12:40:40 PM       1    100.00      0.00      0.00      0.00      0.00      0.00
12:40:41 PM       1    100.00      0.00      0.00      0.00      0.00      0.00
12:40:42 PM       1    100.00      0.00      0.00      0.00      0.00      0.00
12:40:43 PM       1    100.00      0.00      0.00      0.00      0.00      0.00
12:40:44 PM       1    100.00      0.00      0.00      0.00      0.00      0.00
12:40:45 PM       1    100.00      0.00      0.00      0.00      0.00      0.00
12:40:46 PM       1    100.00      0.00      0.00      0.00      0.00      0.00
Average:          1    100.00      0.00      0.00      0.00      0.00      0.00
