Linux 3.14.33-regular (node220-2) 	01/05/2017 	_x86_64_	(8 CPU)

12:54:34 PM     CPU     %user     %nice   %system   %iowait    %steal     %idle
12:54:35 PM       1    100.00      0.00      0.00      0.00      0.00      0.00
12:54:36 PM       1    100.00      0.00      0.00      0.00      0.00      0.00
12:54:37 PM       1    100.00      0.00      0.00      0.00      0.00      0.00
12:54:38 PM       1    100.00      0.00      0.00      0.00      0.00      0.00
12:54:39 PM       1    100.00      0.00      0.00      0.00      0.00      0.00
12:54:40 PM       1    100.00      0.00      0.00      0.00      0.00      0.00
12:54:41 PM       1    100.00      0.00      0.00      0.00      0.00      0.00
12:54:42 PM       1    100.00      0.00      0.00      0.00      0.00      0.00
12:54:43 PM       1    100.00      0.00      0.00      0.00      0.00      0.00
12:54:44 PM       1    100.00      0.00      0.00      0.00      0.00      0.00
12:54:45 PM       1    100.00      0.00      0.00      0.00      0.00      0.00
12:54:46 PM       1    100.00      0.00      0.00      0.00      0.00      0.00
12:54:47 PM       1    100.00      0.00      0.00      0.00      0.00      0.00
12:54:48 PM       1    100.00      0.00      0.00      0.00      0.00      0.00
12:54:49 PM       1    100.00      0.00      0.00      0.00      0.00      0.00
12:54:50 PM       1    100.00      0.00      0.00      0.00      0.00      0.00
12:54:51 PM       1    100.00      0.00      0.00      0.00      0.00      0.00
12:54:52 PM       1    100.00      0.00      0.00      0.00      0.00      0.00
12:54:53 PM       1    100.00      0.00      0.00      0.00      0.00      0.00
12:54:54 PM       1    100.00      0.00      0.00      0.00      0.00      0.00
Average:          1    100.00      0.00      0.00      0.00      0.00      0.00
