Linux 3.14.33-regular (node220-2) 	01/05/2017 	_x86_64_	(8 CPU)

11:58:44 AM     CPU     %user     %nice   %system   %iowait    %steal     %idle
11:58:45 AM       1    100.00      0.00      0.00      0.00      0.00      0.00
11:58:46 AM       1    100.00      0.00      0.00      0.00      0.00      0.00
11:58:47 AM       1    100.00      0.00      0.00      0.00      0.00      0.00
11:58:48 AM       1    100.00      0.00      0.00      0.00      0.00      0.00
11:58:49 AM       1    100.00      0.00      0.00      0.00      0.00      0.00
11:58:50 AM       1    100.00      0.00      0.00      0.00      0.00      0.00
11:58:51 AM       1    100.00      0.00      0.00      0.00      0.00      0.00
11:58:52 AM       1    100.00      0.00      0.00      0.00      0.00      0.00
11:58:53 AM       1    100.00      0.00      0.00      0.00      0.00      0.00
11:58:54 AM       1    100.00      0.00      0.00      0.00      0.00      0.00
11:58:55 AM       1    100.00      0.00      0.00      0.00      0.00      0.00
11:58:56 AM       1    100.00      0.00      0.00      0.00      0.00      0.00
11:58:57 AM       1    100.00      0.00      0.00      0.00      0.00      0.00
11:58:58 AM       1    100.00      0.00      0.00      0.00      0.00      0.00
11:58:59 AM       1    100.00      0.00      0.00      0.00      0.00      0.00
11:59:00 AM       1    100.00      0.00      0.00      0.00      0.00      0.00
11:59:01 AM       1    100.00      0.00      0.00      0.00      0.00      0.00
11:59:02 AM       1    100.00      0.00      0.00      0.00      0.00      0.00
11:59:03 AM       1    100.00      0.00      0.00      0.00      0.00      0.00
11:59:04 AM       1    100.00      0.00      0.00      0.00      0.00      0.00
Average:          1    100.00      0.00      0.00      0.00      0.00      0.00
