Linux 3.14.33-regular (node220-2) 	01/05/2017 	_x86_64_	(8 CPU)

01:58:11 PM     CPU     %user     %nice   %system   %iowait    %steal     %idle
01:58:12 PM       1    100.00      0.00      0.00      0.00      0.00      0.00
01:58:13 PM       1    100.00      0.00      0.00      0.00      0.00      0.00
01:58:14 PM       1    100.00      0.00      0.00      0.00      0.00      0.00
01:58:15 PM       1    100.00      0.00      0.00      0.00      0.00      0.00
01:58:16 PM       1    100.00      0.00      0.00      0.00      0.00      0.00
01:58:17 PM       1    100.00      0.00      0.00      0.00      0.00      0.00
01:58:18 PM       1    100.00      0.00      0.00      0.00      0.00      0.00
01:58:19 PM       1    100.00      0.00      0.00      0.00      0.00      0.00
01:58:20 PM       1    100.00      0.00      0.00      0.00      0.00      0.00
01:58:21 PM       1    100.00      0.00      0.00      0.00      0.00      0.00
01:58:22 PM       1    100.00      0.00      0.00      0.00      0.00      0.00
01:58:23 PM       1    100.00      0.00      0.00      0.00      0.00      0.00
01:58:24 PM       1    100.00      0.00      0.00      0.00      0.00      0.00
01:58:25 PM       1    100.00      0.00      0.00      0.00      0.00      0.00
01:58:26 PM       1    100.00      0.00      0.00      0.00      0.00      0.00
01:58:27 PM       1    100.00      0.00      0.00      0.00      0.00      0.00
01:58:28 PM       1    100.00      0.00      0.00      0.00      0.00      0.00
01:58:29 PM       1    100.00      0.00      0.00      0.00      0.00      0.00
01:58:30 PM       1    100.00      0.00      0.00      0.00      0.00      0.00
01:58:31 PM       1    100.00      0.00      0.00      0.00      0.00      0.00
Average:          1    100.00      0.00      0.00      0.00      0.00      0.00
