Linux 3.14.33-regular (node220-2) 	01/05/2017 	_x86_64_	(8 CPU)

02:39:58 PM     CPU     %user     %nice   %system   %iowait    %steal     %idle
02:39:59 PM       1    100.00      0.00      0.00      0.00      0.00      0.00
02:40:00 PM       1    100.00      0.00      0.00      0.00      0.00      0.00
02:40:01 PM       1    100.00      0.00      0.00      0.00      0.00      0.00
02:40:02 PM       1    100.00      0.00      0.00      0.00      0.00      0.00
02:40:03 PM       1    100.00      0.00      0.00      0.00      0.00      0.00
02:40:04 PM       1    100.00      0.00      0.00      0.00      0.00      0.00
02:40:05 PM       1    100.00      0.00      0.00      0.00      0.00      0.00
02:40:06 PM       1    100.00      0.00      0.00      0.00      0.00      0.00
02:40:07 PM       1    100.00      0.00      0.00      0.00      0.00      0.00
02:40:08 PM       1    100.00      0.00      0.00      0.00      0.00      0.00
02:40:09 PM       1    100.00      0.00      0.00      0.00      0.00      0.00
02:40:10 PM       1    100.00      0.00      0.00      0.00      0.00      0.00
02:40:11 PM       1    100.00      0.00      0.00      0.00      0.00      0.00
02:40:12 PM       1    100.00      0.00      0.00      0.00      0.00      0.00
02:40:13 PM       1    100.00      0.00      0.00      0.00      0.00      0.00
02:40:14 PM       1    100.00      0.00      0.00      0.00      0.00      0.00
02:40:15 PM       1    100.00      0.00      0.00      0.00      0.00      0.00
02:40:16 PM       1    100.00      0.00      0.00      0.00      0.00      0.00
02:40:17 PM       1    100.00      0.00      0.00      0.00      0.00      0.00
02:40:18 PM       1    100.00      0.00      0.00      0.00      0.00      0.00
Average:          1    100.00      0.00      0.00      0.00      0.00      0.00
