Linux 3.14.33-regular (node220-2) 	01/05/2017 	_x86_64_	(8 CPU)

02:58:01 PM     CPU     %user     %nice   %system   %iowait    %steal     %idle
02:58:02 PM       1    100.00      0.00      0.00      0.00      0.00      0.00
02:58:03 PM       1    100.00      0.00      0.00      0.00      0.00      0.00
02:58:04 PM       1    100.00      0.00      0.00      0.00      0.00      0.00
02:58:05 PM       1    100.00      0.00      0.00      0.00      0.00      0.00
02:58:06 PM       1    100.00      0.00      0.00      0.00      0.00      0.00
02:58:07 PM       1    100.00      0.00      0.00      0.00      0.00      0.00
02:58:08 PM       1    100.00      0.00      0.00      0.00      0.00      0.00
02:58:09 PM       1    100.00      0.00      0.00      0.00      0.00      0.00
02:58:10 PM       1    100.00      0.00      0.00      0.00      0.00      0.00
02:58:11 PM       1    100.00      0.00      0.00      0.00      0.00      0.00
02:58:12 PM       1    100.00      0.00      0.00      0.00      0.00      0.00
02:58:13 PM       1    100.00      0.00      0.00      0.00      0.00      0.00
02:58:14 PM       1    100.00      0.00      0.00      0.00      0.00      0.00
02:58:15 PM       1    100.00      0.00      0.00      0.00      0.00      0.00
02:58:16 PM       1    100.00      0.00      0.00      0.00      0.00      0.00
02:58:17 PM       1    100.00      0.00      0.00      0.00      0.00      0.00
02:58:18 PM       1    100.00      0.00      0.00      0.00      0.00      0.00
02:58:19 PM       1    100.00      0.00      0.00      0.00      0.00      0.00
02:58:20 PM       1    100.00      0.00      0.00      0.00      0.00      0.00
02:58:21 PM       1    100.00      0.00      0.00      0.00      0.00      0.00
Average:          1    100.00      0.00      0.00      0.00      0.00      0.00
