Linux 3.14.33-regular (node220-2) 	01/05/2017 	_x86_64_	(8 CPU)

12:14:08 PM     CPU     %user     %nice   %system   %iowait    %steal     %idle
12:14:09 PM       1    100.00      0.00      0.00      0.00      0.00      0.00
12:14:10 PM       1    100.00      0.00      0.00      0.00      0.00      0.00
12:14:11 PM       1    100.00      0.00      0.00      0.00      0.00      0.00
12:14:12 PM       1    100.00      0.00      0.00      0.00      0.00      0.00
12:14:13 PM       1    100.00      0.00      0.00      0.00      0.00      0.00
12:14:14 PM       1    100.00      0.00      0.00      0.00      0.00      0.00
12:14:15 PM       1    100.00      0.00      0.00      0.00      0.00      0.00
12:14:16 PM       1    100.00      0.00      0.00      0.00      0.00      0.00
12:14:17 PM       1    100.00      0.00      0.00      0.00      0.00      0.00
12:14:18 PM       1    100.00      0.00      0.00      0.00      0.00      0.00
12:14:19 PM       1    100.00      0.00      0.00      0.00      0.00      0.00
12:14:20 PM       1    100.00      0.00      0.00      0.00      0.00      0.00
12:14:21 PM       1    100.00      0.00      0.00      0.00      0.00      0.00
12:14:22 PM       1    100.00      0.00      0.00      0.00      0.00      0.00
12:14:23 PM       1    100.00      0.00      0.00      0.00      0.00      0.00
12:14:24 PM       1    100.00      0.00      0.00      0.00      0.00      0.00
12:14:25 PM       1    100.00      0.00      0.00      0.00      0.00      0.00
12:14:26 PM       1    100.00      0.00      0.00      0.00      0.00      0.00
12:14:27 PM       1    100.00      0.00      0.00      0.00      0.00      0.00
12:14:28 PM       1    100.00      0.00      0.00      0.00      0.00      0.00
Average:          1    100.00      0.00      0.00      0.00      0.00      0.00
