Linux 3.14.33-regular (node220-2) 	01/05/2017 	_x86_64_	(8 CPU)

02:07:48 PM     CPU     %user     %nice   %system   %iowait    %steal     %idle
02:07:49 PM       1    100.00      0.00      0.00      0.00      0.00      0.00
02:07:50 PM       1    100.00      0.00      0.00      0.00      0.00      0.00
02:07:51 PM       1    100.00      0.00      0.00      0.00      0.00      0.00
02:07:52 PM       1    100.00      0.00      0.00      0.00      0.00      0.00
02:07:53 PM       1    100.00      0.00      0.00      0.00      0.00      0.00
02:07:54 PM       1    100.00      0.00      0.00      0.00      0.00      0.00
02:07:55 PM       1    100.00      0.00      0.00      0.00      0.00      0.00
02:07:56 PM       1    100.00      0.00      0.00      0.00      0.00      0.00
02:07:57 PM       1    100.00      0.00      0.00      0.00      0.00      0.00
02:07:58 PM       1    100.00      0.00      0.00      0.00      0.00      0.00
02:07:59 PM       1    100.00      0.00      0.00      0.00      0.00      0.00
02:08:00 PM       1    100.00      0.00      0.00      0.00      0.00      0.00
02:08:01 PM       1    100.00      0.00      0.00      0.00      0.00      0.00
02:08:02 PM       1    100.00      0.00      0.00      0.00      0.00      0.00
02:08:03 PM       1    100.00      0.00      0.00      0.00      0.00      0.00
02:08:04 PM       1    100.00      0.00      0.00      0.00      0.00      0.00
02:08:05 PM       1    100.00      0.00      0.00      0.00      0.00      0.00
02:08:06 PM       1    100.00      0.00      0.00      0.00      0.00      0.00
02:08:07 PM       1    100.00      0.00      0.00      0.00      0.00      0.00
02:08:08 PM       1    100.00      0.00      0.00      0.00      0.00      0.00
Average:          1    100.00      0.00      0.00      0.00      0.00      0.00
