Linux 3.14.33-regular (node220-2) 	01/05/2017 	_x86_64_	(8 CPU)

03:00:35 PM     CPU     %user     %nice   %system   %iowait    %steal     %idle
03:00:36 PM       1    100.00      0.00      0.00      0.00      0.00      0.00
03:00:37 PM       1    100.00      0.00      0.00      0.00      0.00      0.00
03:00:38 PM       1    100.00      0.00      0.00      0.00      0.00      0.00
03:00:39 PM       1    100.00      0.00      0.00      0.00      0.00      0.00
03:00:40 PM       1    100.00      0.00      0.00      0.00      0.00      0.00
03:00:41 PM       1    100.00      0.00      0.00      0.00      0.00      0.00
03:00:42 PM       1    100.00      0.00      0.00      0.00      0.00      0.00
03:00:43 PM       1    100.00      0.00      0.00      0.00      0.00      0.00
03:00:44 PM       1    100.00      0.00      0.00      0.00      0.00      0.00
03:00:45 PM       1    100.00      0.00      0.00      0.00      0.00      0.00
03:00:46 PM       1    100.00      0.00      0.00      0.00      0.00      0.00
03:00:47 PM       1    100.00      0.00      0.00      0.00      0.00      0.00
03:00:48 PM       1    100.00      0.00      0.00      0.00      0.00      0.00
03:00:49 PM       1    100.00      0.00      0.00      0.00      0.00      0.00
03:00:50 PM       1    100.00      0.00      0.00      0.00      0.00      0.00
03:00:51 PM       1    100.00      0.00      0.00      0.00      0.00      0.00
03:00:52 PM       1    100.00      0.00      0.00      0.00      0.00      0.00
03:00:53 PM       1    100.00      0.00      0.00      0.00      0.00      0.00
03:00:54 PM       1    100.00      0.00      0.00      0.00      0.00      0.00
03:00:55 PM       1    100.00      0.00      0.00      0.00      0.00      0.00
Average:          1    100.00      0.00      0.00      0.00      0.00      0.00
