Linux 3.14.33-regular (node220-2) 	01/05/2017 	_x86_64_	(8 CPU)

02:18:44 PM     CPU     %user     %nice   %system   %iowait    %steal     %idle
02:18:45 PM       1    100.00      0.00      0.00      0.00      0.00      0.00
02:18:46 PM       1    100.00      0.00      0.00      0.00      0.00      0.00
02:18:47 PM       1    100.00      0.00      0.00      0.00      0.00      0.00
02:18:48 PM       1    100.00      0.00      0.00      0.00      0.00      0.00
02:18:49 PM       1    100.00      0.00      0.00      0.00      0.00      0.00
02:18:50 PM       1    100.00      0.00      0.00      0.00      0.00      0.00
02:18:51 PM       1    100.00      0.00      0.00      0.00      0.00      0.00
02:18:52 PM       1    100.00      0.00      0.00      0.00      0.00      0.00
02:18:53 PM       1    100.00      0.00      0.00      0.00      0.00      0.00
02:18:54 PM       1    100.00      0.00      0.00      0.00      0.00      0.00
02:18:55 PM       1    100.00      0.00      0.00      0.00      0.00      0.00
02:18:56 PM       1    100.00      0.00      0.00      0.00      0.00      0.00
02:18:57 PM       1    100.00      0.00      0.00      0.00      0.00      0.00
02:18:58 PM       1    100.00      0.00      0.00      0.00      0.00      0.00
02:18:59 PM       1    100.00      0.00      0.00      0.00      0.00      0.00
02:19:00 PM       1    100.00      0.00      0.00      0.00      0.00      0.00
02:19:01 PM       1    100.00      0.00      0.00      0.00      0.00      0.00
02:19:02 PM       1    100.00      0.00      0.00      0.00      0.00      0.00
02:19:03 PM       1    100.00      0.00      0.00      0.00      0.00      0.00
02:19:04 PM       1    100.00      0.00      0.00      0.00      0.00      0.00
Average:          1    100.00      0.00      0.00      0.00      0.00      0.00
