Linux 3.14.33-regular (node220-2) 	01/05/2017 	_x86_64_	(8 CPU)

12:35:57 PM     CPU     %user     %nice   %system   %iowait    %steal     %idle
12:35:58 PM       1    100.00      0.00      0.00      0.00      0.00      0.00
12:35:59 PM       1    100.00      0.00      0.00      0.00      0.00      0.00
12:36:00 PM       1    100.00      0.00      0.00      0.00      0.00      0.00
12:36:01 PM       1    100.00      0.00      0.00      0.00      0.00      0.00
12:36:02 PM       1    100.00      0.00      0.00      0.00      0.00      0.00
12:36:03 PM       1    100.00      0.00      0.00      0.00      0.00      0.00
12:36:04 PM       1    100.00      0.00      0.00      0.00      0.00      0.00
12:36:05 PM       1    100.00      0.00      0.00      0.00      0.00      0.00
12:36:06 PM       1    100.00      0.00      0.00      0.00      0.00      0.00
12:36:07 PM       1    100.00      0.00      0.00      0.00      0.00      0.00
12:36:08 PM       1    100.00      0.00      0.00      0.00      0.00      0.00
12:36:09 PM       1    100.00      0.00      0.00      0.00      0.00      0.00
12:36:10 PM       1    100.00      0.00      0.00      0.00      0.00      0.00
12:36:11 PM       1    100.00      0.00      0.00      0.00      0.00      0.00
12:36:12 PM       1    100.00      0.00      0.00      0.00      0.00      0.00
12:36:13 PM       1    100.00      0.00      0.00      0.00      0.00      0.00
12:36:14 PM       1    100.00      0.00      0.00      0.00      0.00      0.00
12:36:15 PM       1    100.00      0.00      0.00      0.00      0.00      0.00
12:36:16 PM       1    100.00      0.00      0.00      0.00      0.00      0.00
12:36:17 PM       1    100.00      0.00      0.00      0.00      0.00      0.00
Average:          1    100.00      0.00      0.00      0.00      0.00      0.00
