Linux 3.14.33-regular (node220-2) 	01/05/2017 	_x86_64_	(8 CPU)

01:25:22 PM     CPU     %user     %nice   %system   %iowait    %steal     %idle
01:25:23 PM       1    100.00      0.00      0.00      0.00      0.00      0.00
01:25:24 PM       1    100.00      0.00      0.00      0.00      0.00      0.00
01:25:25 PM       1    100.00      0.00      0.00      0.00      0.00      0.00
01:25:26 PM       1    100.00      0.00      0.00      0.00      0.00      0.00
01:25:27 PM       1    100.00      0.00      0.00      0.00      0.00      0.00
01:25:28 PM       1    100.00      0.00      0.00      0.00      0.00      0.00
01:25:29 PM       1    100.00      0.00      0.00      0.00      0.00      0.00
01:25:30 PM       1    100.00      0.00      0.00      0.00      0.00      0.00
01:25:31 PM       1    100.00      0.00      0.00      0.00      0.00      0.00
01:25:32 PM       1    100.00      0.00      0.00      0.00      0.00      0.00
01:25:33 PM       1    100.00      0.00      0.00      0.00      0.00      0.00
01:25:34 PM       1     99.01      0.00      0.99      0.00      0.00      0.00
01:25:35 PM       1    100.00      0.00      0.00      0.00      0.00      0.00
01:25:36 PM       1    100.00      0.00      0.00      0.00      0.00      0.00
01:25:37 PM       1    100.00      0.00      0.00      0.00      0.00      0.00
01:25:38 PM       1     98.99      0.00      1.01      0.00      0.00      0.00
01:25:39 PM       1     99.01      0.00      0.99      0.00      0.00      0.00
01:25:40 PM       1    100.00      0.00      0.00      0.00      0.00      0.00
01:25:41 PM       1    100.00      0.00      0.00      0.00      0.00      0.00
01:25:42 PM       1    100.00      0.00      0.00      0.00      0.00      0.00
Average:          1     99.85      0.00      0.15      0.00      0.00      0.00
