Linux 3.14.33-regular (node220-2) 	01/05/2017 	_x86_64_	(8 CPU)

11:58:06 AM     CPU     %user     %nice   %system   %iowait    %steal     %idle
11:58:07 AM       1    100.00      0.00      0.00      0.00      0.00      0.00
11:58:08 AM       1    100.00      0.00      0.00      0.00      0.00      0.00
11:58:09 AM       1    100.00      0.00      0.00      0.00      0.00      0.00
11:58:10 AM       1    100.00      0.00      0.00      0.00      0.00      0.00
11:58:11 AM       1    100.00      0.00      0.00      0.00      0.00      0.00
11:58:12 AM       1    100.00      0.00      0.00      0.00      0.00      0.00
11:58:13 AM       1    100.00      0.00      0.00      0.00      0.00      0.00
11:58:14 AM       1    100.00      0.00      0.00      0.00      0.00      0.00
11:58:15 AM       1    100.00      0.00      0.00      0.00      0.00      0.00
11:58:16 AM       1    100.00      0.00      0.00      0.00      0.00      0.00
11:58:17 AM       1    100.00      0.00      0.00      0.00      0.00      0.00
11:58:18 AM       1    100.00      0.00      0.00      0.00      0.00      0.00
11:58:19 AM       1    100.00      0.00      0.00      0.00      0.00      0.00
11:58:20 AM       1    100.00      0.00      0.00      0.00      0.00      0.00
11:58:21 AM       1     99.01      0.00      0.99      0.00      0.00      0.00
11:58:22 AM       1    100.00      0.00      0.00      0.00      0.00      0.00
11:58:23 AM       1     99.00      0.00      1.00      0.00      0.00      0.00
11:58:24 AM       1    100.00      0.00      0.00      0.00      0.00      0.00
11:58:25 AM       1     98.02      0.00      1.98      0.00      0.00      0.00
11:58:26 AM       1     99.00      0.00      1.00      0.00      0.00      0.00
Average:          1     99.75      0.00      0.25      0.00      0.00      0.00
