Linux 3.14.33-regular (node220-2) 	01/05/2017 	_x86_64_	(8 CPU)

11:45:15 AM     CPU     %user     %nice   %system   %iowait    %steal     %idle
11:45:16 AM       1    100.00      0.00      0.00      0.00      0.00      0.00
11:45:17 AM       1    100.00      0.00      0.00      0.00      0.00      0.00
11:45:18 AM       1    100.00      0.00      0.00      0.00      0.00      0.00
11:45:19 AM       1    100.00      0.00      0.00      0.00      0.00      0.00
11:45:20 AM       1    100.00      0.00      0.00      0.00      0.00      0.00
11:45:21 AM       1    100.00      0.00      0.00      0.00      0.00      0.00
11:45:22 AM       1    100.00      0.00      0.00      0.00      0.00      0.00
11:45:23 AM       1    100.00      0.00      0.00      0.00      0.00      0.00
11:45:24 AM       1    100.00      0.00      0.00      0.00      0.00      0.00
11:45:25 AM       1    100.00      0.00      0.00      0.00      0.00      0.00
11:45:26 AM       1    100.00      0.00      0.00      0.00      0.00      0.00
11:45:27 AM       1    100.00      0.00      0.00      0.00      0.00      0.00
11:45:28 AM       1    100.00      0.00      0.00      0.00      0.00      0.00
11:45:29 AM       1    100.00      0.00      0.00      0.00      0.00      0.00
11:45:30 AM       1    100.00      0.00      0.00      0.00      0.00      0.00
11:45:31 AM       1    100.00      0.00      0.00      0.00      0.00      0.00
11:45:32 AM       1    100.00      0.00      0.00      0.00      0.00      0.00
11:45:33 AM       1    100.00      0.00      0.00      0.00      0.00      0.00
11:45:34 AM       1    100.00      0.00      0.00      0.00      0.00      0.00
11:45:35 AM       1    100.00      0.00      0.00      0.00      0.00      0.00
Average:          1    100.00      0.00      0.00      0.00      0.00      0.00
