Linux 3.14.33-regular (node220-2) 	01/05/2017 	_x86_64_	(8 CPU)

02:00:46 PM     CPU     %user     %nice   %system   %iowait    %steal     %idle
02:00:47 PM       1    100.00      0.00      0.00      0.00      0.00      0.00
02:00:48 PM       1    100.00      0.00      0.00      0.00      0.00      0.00
02:00:49 PM       1    100.00      0.00      0.00      0.00      0.00      0.00
02:00:50 PM       1    100.00      0.00      0.00      0.00      0.00      0.00
02:00:51 PM       1    100.00      0.00      0.00      0.00      0.00      0.00
02:00:52 PM       1    100.00      0.00      0.00      0.00      0.00      0.00
02:00:53 PM       1    100.00      0.00      0.00      0.00      0.00      0.00
02:00:54 PM       1    100.00      0.00      0.00      0.00      0.00      0.00
02:00:55 PM       1    100.00      0.00      0.00      0.00      0.00      0.00
02:00:56 PM       1    100.00      0.00      0.00      0.00      0.00      0.00
02:00:57 PM       1    100.00      0.00      0.00      0.00      0.00      0.00
02:00:58 PM       1    100.00      0.00      0.00      0.00      0.00      0.00
02:00:59 PM       1    100.00      0.00      0.00      0.00      0.00      0.00
02:01:00 PM       1    100.00      0.00      0.00      0.00      0.00      0.00
02:01:01 PM       1    100.00      0.00      0.00      0.00      0.00      0.00
02:01:02 PM       1    100.00      0.00      0.00      0.00      0.00      0.00
02:01:03 PM       1    100.00      0.00      0.00      0.00      0.00      0.00
02:01:04 PM       1    100.00      0.00      0.00      0.00      0.00      0.00
02:01:05 PM       1    100.00      0.00      0.00      0.00      0.00      0.00
02:01:06 PM       1    100.00      0.00      0.00      0.00      0.00      0.00
Average:          1    100.00      0.00      0.00      0.00      0.00      0.00
