Linux 3.14.33-regular (node220-2) 	01/05/2017 	_x86_64_	(8 CPU)

11:39:30 AM     CPU     %user     %nice   %system   %iowait    %steal     %idle
11:39:31 AM       1    100.00      0.00      0.00      0.00      0.00      0.00
11:39:32 AM       1    100.00      0.00      0.00      0.00      0.00      0.00
11:39:33 AM       1    100.00      0.00      0.00      0.00      0.00      0.00
11:39:34 AM       1    100.00      0.00      0.00      0.00      0.00      0.00
11:39:35 AM       1    100.00      0.00      0.00      0.00      0.00      0.00
11:39:36 AM       1    100.00      0.00      0.00      0.00      0.00      0.00
11:39:37 AM       1    100.00      0.00      0.00      0.00      0.00      0.00
11:39:38 AM       1    100.00      0.00      0.00      0.00      0.00      0.00
11:39:39 AM       1    100.00      0.00      0.00      0.00      0.00      0.00
11:39:40 AM       1    100.00      0.00      0.00      0.00      0.00      0.00
11:39:41 AM       1    100.00      0.00      0.00      0.00      0.00      0.00
11:39:42 AM       1    100.00      0.00      0.00      0.00      0.00      0.00
11:39:43 AM       1    100.00      0.00      0.00      0.00      0.00      0.00
11:39:44 AM       1    100.00      0.00      0.00      0.00      0.00      0.00
11:39:45 AM       1    100.00      0.00      0.00      0.00      0.00      0.00
11:39:46 AM       1    100.00      0.00      0.00      0.00      0.00      0.00
11:39:47 AM       1    100.00      0.00      0.00      0.00      0.00      0.00
11:39:48 AM       1    100.00      0.00      0.00      0.00      0.00      0.00
11:39:49 AM       1    100.00      0.00      0.00      0.00      0.00      0.00
11:39:50 AM       1    100.00      0.00      0.00      0.00      0.00      0.00
Average:          1    100.00      0.00      0.00      0.00      0.00      0.00
