Linux 3.14.33-regular (node220-2) 	01/05/2017 	_x86_64_	(8 CPU)

12:05:47 PM     CPU     %user     %nice   %system   %iowait    %steal     %idle
12:05:48 PM       1    100.00      0.00      0.00      0.00      0.00      0.00
12:05:49 PM       1    100.00      0.00      0.00      0.00      0.00      0.00
12:05:50 PM       1    100.00      0.00      0.00      0.00      0.00      0.00
12:05:51 PM       1    100.00      0.00      0.00      0.00      0.00      0.00
12:05:52 PM       1    100.00      0.00      0.00      0.00      0.00      0.00
12:05:53 PM       1    100.00      0.00      0.00      0.00      0.00      0.00
12:05:54 PM       1    100.00      0.00      0.00      0.00      0.00      0.00
12:05:55 PM       1    100.00      0.00      0.00      0.00      0.00      0.00
12:05:56 PM       1    100.00      0.00      0.00      0.00      0.00      0.00
12:05:57 PM       1     99.01      0.00      0.99      0.00      0.00      0.00
12:05:58 PM       1    100.00      0.00      0.00      0.00      0.00      0.00
12:05:59 PM       1    100.00      0.00      0.00      0.00      0.00      0.00
12:06:00 PM       1    100.00      0.00      0.00      0.00      0.00      0.00
12:06:01 PM       1    100.00      0.00      0.00      0.00      0.00      0.00
12:06:02 PM       1     99.00      0.00      1.00      0.00      0.00      0.00
12:06:03 PM       1    100.00      0.00      0.00      0.00      0.00      0.00
12:06:04 PM       1     99.00      0.00      1.00      0.00      0.00      0.00
12:06:05 PM       1     99.00      0.00      1.00      0.00      0.00      0.00
12:06:06 PM       1     99.00      0.00      1.00      0.00      0.00      0.00
12:06:07 PM       1     99.00      0.00      1.00      0.00      0.00      0.00
Average:          1     99.70      0.00      0.30      0.00      0.00      0.00
