Linux 3.14.33-regular (node220-2) 	01/05/2017 	_x86_64_	(8 CPU)

01:07:24 PM     CPU     %user     %nice   %system   %iowait    %steal     %idle
01:07:25 PM       1    100.00      0.00      0.00      0.00      0.00      0.00
01:07:26 PM       1    100.00      0.00      0.00      0.00      0.00      0.00
01:07:27 PM       1    100.00      0.00      0.00      0.00      0.00      0.00
01:07:28 PM       1    100.00      0.00      0.00      0.00      0.00      0.00
01:07:29 PM       1    100.00      0.00      0.00      0.00      0.00      0.00
01:07:30 PM       1    100.00      0.00      0.00      0.00      0.00      0.00
01:07:31 PM       1    100.00      0.00      0.00      0.00      0.00      0.00
01:07:32 PM       1    100.00      0.00      0.00      0.00      0.00      0.00
01:07:33 PM       1    100.00      0.00      0.00      0.00      0.00      0.00
01:07:34 PM       1    100.00      0.00      0.00      0.00      0.00      0.00
01:07:35 PM       1    100.00      0.00      0.00      0.00      0.00      0.00
01:07:36 PM       1    100.00      0.00      0.00      0.00      0.00      0.00
01:07:37 PM       1    100.00      0.00      0.00      0.00      0.00      0.00
01:07:38 PM       1    100.00      0.00      0.00      0.00      0.00      0.00
01:07:39 PM       1    100.00      0.00      0.00      0.00      0.00      0.00
01:07:40 PM       1    100.00      0.00      0.00      0.00      0.00      0.00
01:07:41 PM       1    100.00      0.00      0.00      0.00      0.00      0.00
01:07:42 PM       1    100.00      0.00      0.00      0.00      0.00      0.00
01:07:43 PM       1    100.00      0.00      0.00      0.00      0.00      0.00
01:07:44 PM       1    100.00      0.00      0.00      0.00      0.00      0.00
Average:          1    100.00      0.00      0.00      0.00      0.00      0.00
