Linux 3.14.33-regular (node220-2) 	01/05/2017 	_x86_64_	(8 CPU)

02:57:23 PM     CPU     %user     %nice   %system   %iowait    %steal     %idle
02:57:24 PM       1    100.00      0.00      0.00      0.00      0.00      0.00
02:57:25 PM       1    100.00      0.00      0.00      0.00      0.00      0.00
02:57:26 PM       1    100.00      0.00      0.00      0.00      0.00      0.00
02:57:27 PM       1    100.00      0.00      0.00      0.00      0.00      0.00
02:57:28 PM       1    100.00      0.00      0.00      0.00      0.00      0.00
02:57:29 PM       1    100.00      0.00      0.00      0.00      0.00      0.00
02:57:30 PM       1    100.00      0.00      0.00      0.00      0.00      0.00
02:57:31 PM       1    100.00      0.00      0.00      0.00      0.00      0.00
02:57:32 PM       1    100.00      0.00      0.00      0.00      0.00      0.00
02:57:33 PM       1    100.00      0.00      0.00      0.00      0.00      0.00
02:57:34 PM       1    100.00      0.00      0.00      0.00      0.00      0.00
02:57:35 PM       1    100.00      0.00      0.00      0.00      0.00      0.00
02:57:36 PM       1    100.00      0.00      0.00      0.00      0.00      0.00
02:57:37 PM       1    100.00      0.00      0.00      0.00      0.00      0.00
02:57:38 PM       1    100.00      0.00      0.00      0.00      0.00      0.00
02:57:39 PM       1    100.00      0.00      0.00      0.00      0.00      0.00
02:57:40 PM       1    100.00      0.00      0.00      0.00      0.00      0.00
02:57:41 PM       1    100.00      0.00      0.00      0.00      0.00      0.00
02:57:42 PM       1    100.00      0.00      0.00      0.00      0.00      0.00
02:57:43 PM       1    100.00      0.00      0.00      0.00      0.00      0.00
Average:          1    100.00      0.00      0.00      0.00      0.00      0.00
