Linux 3.14.33-regular (node220-2) 	01/05/2017 	_x86_64_	(8 CPU)

12:23:46 PM     CPU     %user     %nice   %system   %iowait    %steal     %idle
12:23:47 PM       1    100.00      0.00      0.00      0.00      0.00      0.00
12:23:48 PM       1    100.00      0.00      0.00      0.00      0.00      0.00
12:23:49 PM       1    100.00      0.00      0.00      0.00      0.00      0.00
12:23:50 PM       1    100.00      0.00      0.00      0.00      0.00      0.00
12:23:51 PM       1    100.00      0.00      0.00      0.00      0.00      0.00
12:23:52 PM       1    100.00      0.00      0.00      0.00      0.00      0.00
12:23:53 PM       1    100.00      0.00      0.00      0.00      0.00      0.00
12:23:54 PM       1    100.00      0.00      0.00      0.00      0.00      0.00
12:23:55 PM       1    100.00      0.00      0.00      0.00      0.00      0.00
12:23:56 PM       1    100.00      0.00      0.00      0.00      0.00      0.00
12:23:57 PM       1    100.00      0.00      0.00      0.00      0.00      0.00
12:23:58 PM       1    100.00      0.00      0.00      0.00      0.00      0.00
12:23:59 PM       1    100.00      0.00      0.00      0.00      0.00      0.00
12:24:00 PM       1    100.00      0.00      0.00      0.00      0.00      0.00
12:24:01 PM       1    100.00      0.00      0.00      0.00      0.00      0.00
12:24:02 PM       1    100.00      0.00      0.00      0.00      0.00      0.00
12:24:03 PM       1    100.00      0.00      0.00      0.00      0.00      0.00
12:24:04 PM       1    100.00      0.00      0.00      0.00      0.00      0.00
12:24:05 PM       1    100.00      0.00      0.00      0.00      0.00      0.00
12:24:06 PM       1    100.00      0.00      0.00      0.00      0.00      0.00
Average:          1    100.00      0.00      0.00      0.00      0.00      0.00
