Linux 3.14.33-regular (node220-2) 	01/05/2017 	_x86_64_	(8 CPU)

02:12:17 PM     CPU     %user     %nice   %system   %iowait    %steal     %idle
02:12:18 PM       1    100.00      0.00      0.00      0.00      0.00      0.00
02:12:19 PM       1    100.00      0.00      0.00      0.00      0.00      0.00
02:12:20 PM       1    100.00      0.00      0.00      0.00      0.00      0.00
02:12:21 PM       1    100.00      0.00      0.00      0.00      0.00      0.00
02:12:22 PM       1    100.00      0.00      0.00      0.00      0.00      0.00
02:12:23 PM       1    100.00      0.00      0.00      0.00      0.00      0.00
02:12:24 PM       1    100.00      0.00      0.00      0.00      0.00      0.00
02:12:25 PM       1    100.00      0.00      0.00      0.00      0.00      0.00
02:12:26 PM       1    100.00      0.00      0.00      0.00      0.00      0.00
02:12:27 PM       1    100.00      0.00      0.00      0.00      0.00      0.00
02:12:28 PM       1    100.00      0.00      0.00      0.00      0.00      0.00
02:12:29 PM       1    100.00      0.00      0.00      0.00      0.00      0.00
02:12:30 PM       1    100.00      0.00      0.00      0.00      0.00      0.00
02:12:31 PM       1    100.00      0.00      0.00      0.00      0.00      0.00
02:12:32 PM       1    100.00      0.00      0.00      0.00      0.00      0.00
02:12:33 PM       1    100.00      0.00      0.00      0.00      0.00      0.00
02:12:34 PM       1    100.00      0.00      0.00      0.00      0.00      0.00
02:12:35 PM       1    100.00      0.00      0.00      0.00      0.00      0.00
02:12:36 PM       1    100.00      0.00      0.00      0.00      0.00      0.00
02:12:37 PM       1    100.00      0.00      0.00      0.00      0.00      0.00
Average:          1    100.00      0.00      0.00      0.00      0.00      0.00
