Linux 3.14.33-regular (node220-2) 	01/05/2017 	_x86_64_	(8 CPU)

03:10:52 PM     CPU     %user     %nice   %system   %iowait    %steal     %idle
03:10:53 PM       1    100.00      0.00      0.00      0.00      0.00      0.00
03:10:54 PM       1    100.00      0.00      0.00      0.00      0.00      0.00
03:10:55 PM       1    100.00      0.00      0.00      0.00      0.00      0.00
03:10:56 PM       1    100.00      0.00      0.00      0.00      0.00      0.00
03:10:57 PM       1    100.00      0.00      0.00      0.00      0.00      0.00
03:10:58 PM       1    100.00      0.00      0.00      0.00      0.00      0.00
03:10:59 PM       1    100.00      0.00      0.00      0.00      0.00      0.00
03:11:00 PM       1    100.00      0.00      0.00      0.00      0.00      0.00
03:11:01 PM       1    100.00      0.00      0.00      0.00      0.00      0.00
03:11:02 PM       1    100.00      0.00      0.00      0.00      0.00      0.00
03:11:03 PM       1    100.00      0.00      0.00      0.00      0.00      0.00
03:11:04 PM       1    100.00      0.00      0.00      0.00      0.00      0.00
03:11:05 PM       1    100.00      0.00      0.00      0.00      0.00      0.00
03:11:06 PM       1    100.00      0.00      0.00      0.00      0.00      0.00
03:11:07 PM       1    100.00      0.00      0.00      0.00      0.00      0.00
03:11:08 PM       1    100.00      0.00      0.00      0.00      0.00      0.00
03:11:09 PM       1    100.00      0.00      0.00      0.00      0.00      0.00
03:11:10 PM       1    100.00      0.00      0.00      0.00      0.00      0.00
03:11:11 PM       1    100.00      0.00      0.00      0.00      0.00      0.00
03:11:12 PM       1    100.00      0.00      0.00      0.00      0.00      0.00
Average:          1    100.00      0.00      0.00      0.00      0.00      0.00
