Linux 3.14.33-regular (node220-2) 	01/05/2017 	_x86_64_	(8 CPU)

01:14:28 PM     CPU     %user     %nice   %system   %iowait    %steal     %idle
01:14:29 PM       1    100.00      0.00      0.00      0.00      0.00      0.00
01:14:30 PM       1    100.00      0.00      0.00      0.00      0.00      0.00
01:14:31 PM       1    100.00      0.00      0.00      0.00      0.00      0.00
01:14:32 PM       1    100.00      0.00      0.00      0.00      0.00      0.00
01:14:33 PM       1    100.00      0.00      0.00      0.00      0.00      0.00
01:14:34 PM       1    100.00      0.00      0.00      0.00      0.00      0.00
01:14:35 PM       1    100.00      0.00      0.00      0.00      0.00      0.00
01:14:36 PM       1    100.00      0.00      0.00      0.00      0.00      0.00
01:14:37 PM       1    100.00      0.00      0.00      0.00      0.00      0.00
01:14:38 PM       1    100.00      0.00      0.00      0.00      0.00      0.00
01:14:39 PM       1    100.00      0.00      0.00      0.00      0.00      0.00
01:14:40 PM       1    100.00      0.00      0.00      0.00      0.00      0.00
01:14:41 PM       1    100.00      0.00      0.00      0.00      0.00      0.00
01:14:42 PM       1    100.00      0.00      0.00      0.00      0.00      0.00
01:14:43 PM       1    100.00      0.00      0.00      0.00      0.00      0.00
01:14:44 PM       1    100.00      0.00      0.00      0.00      0.00      0.00
01:14:45 PM       1    100.00      0.00      0.00      0.00      0.00      0.00
01:14:46 PM       1    100.00      0.00      0.00      0.00      0.00      0.00
01:14:47 PM       1    100.00      0.00      0.00      0.00      0.00      0.00
01:14:48 PM       1    100.00      0.00      0.00      0.00      0.00      0.00
Average:          1    100.00      0.00      0.00      0.00      0.00      0.00
