Linux 3.14.33-regular (node220-2) 	01/05/2017 	_x86_64_	(8 CPU)

11:41:25 AM     CPU     %user     %nice   %system   %iowait    %steal     %idle
11:41:26 AM       1    100.00      0.00      0.00      0.00      0.00      0.00
11:41:27 AM       1    100.00      0.00      0.00      0.00      0.00      0.00
11:41:28 AM       1    100.00      0.00      0.00      0.00      0.00      0.00
11:41:29 AM       1    100.00      0.00      0.00      0.00      0.00      0.00
11:41:30 AM       1    100.00      0.00      0.00      0.00      0.00      0.00
11:41:31 AM       1    100.00      0.00      0.00      0.00      0.00      0.00
11:41:32 AM       1    100.00      0.00      0.00      0.00      0.00      0.00
11:41:33 AM       1    100.00      0.00      0.00      0.00      0.00      0.00
11:41:34 AM       1    100.00      0.00      0.00      0.00      0.00      0.00
11:41:35 AM       1    100.00      0.00      0.00      0.00      0.00      0.00
11:41:36 AM       1    100.00      0.00      0.00      0.00      0.00      0.00
11:41:37 AM       1    100.00      0.00      0.00      0.00      0.00      0.00
11:41:38 AM       1    100.00      0.00      0.00      0.00      0.00      0.00
11:41:39 AM       1    100.00      0.00      0.00      0.00      0.00      0.00
11:41:40 AM       1    100.00      0.00      0.00      0.00      0.00      0.00
11:41:41 AM       1    100.00      0.00      0.00      0.00      0.00      0.00
11:41:42 AM       1    100.00      0.00      0.00      0.00      0.00      0.00
11:41:43 AM       1    100.00      0.00      0.00      0.00      0.00      0.00
11:41:44 AM       1    100.00      0.00      0.00      0.00      0.00      0.00
11:41:45 AM       1    100.00      0.00      0.00      0.00      0.00      0.00
Average:          1    100.00      0.00      0.00      0.00      0.00      0.00
