Linux 3.14.33-regular (node220-2) 	01/05/2017 	_x86_64_	(8 CPU)

01:20:13 PM     CPU     %user     %nice   %system   %iowait    %steal     %idle
01:20:14 PM       1    100.00      0.00      0.00      0.00      0.00      0.00
01:20:15 PM       1    100.00      0.00      0.00      0.00      0.00      0.00
01:20:16 PM       1    100.00      0.00      0.00      0.00      0.00      0.00
01:20:17 PM       1    100.00      0.00      0.00      0.00      0.00      0.00
01:20:18 PM       1    100.00      0.00      0.00      0.00      0.00      0.00
01:20:19 PM       1    100.00      0.00      0.00      0.00      0.00      0.00
01:20:20 PM       1    100.00      0.00      0.00      0.00      0.00      0.00
01:20:21 PM       1    100.00      0.00      0.00      0.00      0.00      0.00
01:20:22 PM       1    100.00      0.00      0.00      0.00      0.00      0.00
01:20:23 PM       1    100.00      0.00      0.00      0.00      0.00      0.00
01:20:24 PM       1    100.00      0.00      0.00      0.00      0.00      0.00
01:20:25 PM       1    100.00      0.00      0.00      0.00      0.00      0.00
01:20:26 PM       1    100.00      0.00      0.00      0.00      0.00      0.00
01:20:27 PM       1    100.00      0.00      0.00      0.00      0.00      0.00
01:20:28 PM       1    100.00      0.00      0.00      0.00      0.00      0.00
01:20:29 PM       1    100.00      0.00      0.00      0.00      0.00      0.00
01:20:30 PM       1    100.00      0.00      0.00      0.00      0.00      0.00
01:20:31 PM       1    100.00      0.00      0.00      0.00      0.00      0.00
01:20:32 PM       1    100.00      0.00      0.00      0.00      0.00      0.00
01:20:33 PM       1    100.00      0.00      0.00      0.00      0.00      0.00
Average:          1    100.00      0.00      0.00      0.00      0.00      0.00
