Linux 3.14.33-regular (node220-2) 	01/05/2017 	_x86_64_	(8 CPU)

01:26:39 PM     CPU     %user     %nice   %system   %iowait    %steal     %idle
01:26:40 PM       1    100.00      0.00      0.00      0.00      0.00      0.00
01:26:41 PM       1    100.00      0.00      0.00      0.00      0.00      0.00
01:26:42 PM       1    100.00      0.00      0.00      0.00      0.00      0.00
01:26:43 PM       1    100.00      0.00      0.00      0.00      0.00      0.00
01:26:44 PM       1    100.00      0.00      0.00      0.00      0.00      0.00
01:26:45 PM       1    100.00      0.00      0.00      0.00      0.00      0.00
01:26:46 PM       1    100.00      0.00      0.00      0.00      0.00      0.00
01:26:47 PM       1    100.00      0.00      0.00      0.00      0.00      0.00
01:26:48 PM       1    100.00      0.00      0.00      0.00      0.00      0.00
01:26:49 PM       1    100.00      0.00      0.00      0.00      0.00      0.00
01:26:50 PM       1    100.00      0.00      0.00      0.00      0.00      0.00
01:26:51 PM       1    100.00      0.00      0.00      0.00      0.00      0.00
01:26:52 PM       1    100.00      0.00      0.00      0.00      0.00      0.00
01:26:53 PM       1    100.00      0.00      0.00      0.00      0.00      0.00
01:26:54 PM       1    100.00      0.00      0.00      0.00      0.00      0.00
01:26:55 PM       1    100.00      0.00      0.00      0.00      0.00      0.00
01:26:56 PM       1    100.00      0.00      0.00      0.00      0.00      0.00
01:26:57 PM       1    100.00      0.00      0.00      0.00      0.00      0.00
01:26:58 PM       1    100.00      0.00      0.00      0.00      0.00      0.00
01:26:59 PM       1    100.00      0.00      0.00      0.00      0.00      0.00
Average:          1    100.00      0.00      0.00      0.00      0.00      0.00
