Linux 3.14.33-regular (node220-2) 	01/05/2017 	_x86_64_	(8 CPU)

01:24:04 PM     CPU     %user     %nice   %system   %iowait    %steal     %idle
01:24:05 PM       1    100.00      0.00      0.00      0.00      0.00      0.00
01:24:06 PM       1    100.00      0.00      0.00      0.00      0.00      0.00
01:24:07 PM       1    100.00      0.00      0.00      0.00      0.00      0.00
01:24:08 PM       1    100.00      0.00      0.00      0.00      0.00      0.00
01:24:09 PM       1    100.00      0.00      0.00      0.00      0.00      0.00
01:24:10 PM       1    100.00      0.00      0.00      0.00      0.00      0.00
01:24:11 PM       1    100.00      0.00      0.00      0.00      0.00      0.00
01:24:12 PM       1    100.00      0.00      0.00      0.00      0.00      0.00
01:24:13 PM       1    100.00      0.00      0.00      0.00      0.00      0.00
01:24:14 PM       1    100.00      0.00      0.00      0.00      0.00      0.00
01:24:15 PM       1    100.00      0.00      0.00      0.00      0.00      0.00
01:24:16 PM       1    100.00      0.00      0.00      0.00      0.00      0.00
01:24:17 PM       1    100.00      0.00      0.00      0.00      0.00      0.00
01:24:18 PM       1    100.00      0.00      0.00      0.00      0.00      0.00
01:24:19 PM       1    100.00      0.00      0.00      0.00      0.00      0.00
01:24:20 PM       1    100.00      0.00      0.00      0.00      0.00      0.00
01:24:21 PM       1    100.00      0.00      0.00      0.00      0.00      0.00
01:24:22 PM       1    100.00      0.00      0.00      0.00      0.00      0.00
01:24:23 PM       1    100.00      0.00      0.00      0.00      0.00      0.00
01:24:24 PM       1    100.00      0.00      0.00      0.00      0.00      0.00
Average:          1    100.00      0.00      0.00      0.00      0.00      0.00
