Linux 3.14.33-regular (node220-2) 	01/05/2017 	_x86_64_	(8 CPU)

11:48:28 AM     CPU     %user     %nice   %system   %iowait    %steal     %idle
11:48:29 AM       1    100.00      0.00      0.00      0.00      0.00      0.00
11:48:30 AM       1    100.00      0.00      0.00      0.00      0.00      0.00
11:48:31 AM       1    100.00      0.00      0.00      0.00      0.00      0.00
11:48:32 AM       1    100.00      0.00      0.00      0.00      0.00      0.00
11:48:33 AM       1    100.00      0.00      0.00      0.00      0.00      0.00
11:48:34 AM       1    100.00      0.00      0.00      0.00      0.00      0.00
11:48:35 AM       1    100.00      0.00      0.00      0.00      0.00      0.00
11:48:36 AM       1    100.00      0.00      0.00      0.00      0.00      0.00
11:48:37 AM       1    100.00      0.00      0.00      0.00      0.00      0.00
11:48:38 AM       1    100.00      0.00      0.00      0.00      0.00      0.00
11:48:39 AM       1    100.00      0.00      0.00      0.00      0.00      0.00
11:48:40 AM       1    100.00      0.00      0.00      0.00      0.00      0.00
11:48:41 AM       1    100.00      0.00      0.00      0.00      0.00      0.00
11:48:42 AM       1    100.00      0.00      0.00      0.00      0.00      0.00
11:48:43 AM       1    100.00      0.00      0.00      0.00      0.00      0.00
11:48:44 AM       1    100.00      0.00      0.00      0.00      0.00      0.00
11:48:45 AM       1    100.00      0.00      0.00      0.00      0.00      0.00
11:48:46 AM       1    100.00      0.00      0.00      0.00      0.00      0.00
11:48:47 AM       1    100.00      0.00      0.00      0.00      0.00      0.00
11:48:48 AM       1    100.00      0.00      0.00      0.00      0.00      0.00
Average:          1    100.00      0.00      0.00      0.00      0.00      0.00
