Linux 3.14.33-regular (node220-2) 	01/05/2017 	_x86_64_	(8 CPU)

12:41:04 PM     CPU     %user     %nice   %system   %iowait    %steal     %idle
12:41:05 PM       1    100.00      0.00      0.00      0.00      0.00      0.00
12:41:06 PM       1    100.00      0.00      0.00      0.00      0.00      0.00
12:41:07 PM       1    100.00      0.00      0.00      0.00      0.00      0.00
12:41:08 PM       1    100.00      0.00      0.00      0.00      0.00      0.00
12:41:09 PM       1    100.00      0.00      0.00      0.00      0.00      0.00
12:41:10 PM       1    100.00      0.00      0.00      0.00      0.00      0.00
12:41:11 PM       1    100.00      0.00      0.00      0.00      0.00      0.00
12:41:12 PM       1    100.00      0.00      0.00      0.00      0.00      0.00
12:41:13 PM       1    100.00      0.00      0.00      0.00      0.00      0.00
12:41:14 PM       1    100.00      0.00      0.00      0.00      0.00      0.00
12:41:15 PM       1    100.00      0.00      0.00      0.00      0.00      0.00
12:41:16 PM       1    100.00      0.00      0.00      0.00      0.00      0.00
12:41:17 PM       1    100.00      0.00      0.00      0.00      0.00      0.00
12:41:18 PM       1    100.00      0.00      0.00      0.00      0.00      0.00
12:41:19 PM       1    100.00      0.00      0.00      0.00      0.00      0.00
12:41:20 PM       1    100.00      0.00      0.00      0.00      0.00      0.00
12:41:21 PM       1    100.00      0.00      0.00      0.00      0.00      0.00
12:41:22 PM       1    100.00      0.00      0.00      0.00      0.00      0.00
12:41:23 PM       1    100.00      0.00      0.00      0.00      0.00      0.00
12:41:24 PM       1    100.00      0.00      0.00      0.00      0.00      0.00
Average:          1    100.00      0.00      0.00      0.00      0.00      0.00
