Linux 3.14.33-regular (node220-2) 	01/05/2017 	_x86_64_	(8 CPU)

12:25:03 PM     CPU     %user     %nice   %system   %iowait    %steal     %idle
12:25:04 PM       1    100.00      0.00      0.00      0.00      0.00      0.00
12:25:05 PM       1    100.00      0.00      0.00      0.00      0.00      0.00
12:25:06 PM       1    100.00      0.00      0.00      0.00      0.00      0.00
12:25:07 PM       1    100.00      0.00      0.00      0.00      0.00      0.00
12:25:08 PM       1    100.00      0.00      0.00      0.00      0.00      0.00
12:25:09 PM       1    100.00      0.00      0.00      0.00      0.00      0.00
12:25:10 PM       1    100.00      0.00      0.00      0.00      0.00      0.00
12:25:11 PM       1    100.00      0.00      0.00      0.00      0.00      0.00
12:25:12 PM       1    100.00      0.00      0.00      0.00      0.00      0.00
12:25:13 PM       1    100.00      0.00      0.00      0.00      0.00      0.00
12:25:14 PM       1    100.00      0.00      0.00      0.00      0.00      0.00
12:25:15 PM       1    100.00      0.00      0.00      0.00      0.00      0.00
12:25:16 PM       1    100.00      0.00      0.00      0.00      0.00      0.00
12:25:17 PM       1    100.00      0.00      0.00      0.00      0.00      0.00
12:25:18 PM       1    100.00      0.00      0.00      0.00      0.00      0.00
12:25:19 PM       1    100.00      0.00      0.00      0.00      0.00      0.00
12:25:20 PM       1    100.00      0.00      0.00      0.00      0.00      0.00
12:25:21 PM       1    100.00      0.00      0.00      0.00      0.00      0.00
12:25:22 PM       1    100.00      0.00      0.00      0.00      0.00      0.00
12:25:23 PM       1    100.00      0.00      0.00      0.00      0.00      0.00
Average:          1    100.00      0.00      0.00      0.00      0.00      0.00
