Linux 3.14.33-regular (node220-2) 	01/05/2017 	_x86_64_	(8 CPU)

01:40:06 PM     CPU     %user     %nice   %system   %iowait    %steal     %idle
01:40:07 PM       1    100.00      0.00      0.00      0.00      0.00      0.00
01:40:08 PM       1    100.00      0.00      0.00      0.00      0.00      0.00
01:40:09 PM       1    100.00      0.00      0.00      0.00      0.00      0.00
01:40:10 PM       1    100.00      0.00      0.00      0.00      0.00      0.00
01:40:11 PM       1    100.00      0.00      0.00      0.00      0.00      0.00
01:40:12 PM       1    100.00      0.00      0.00      0.00      0.00      0.00
01:40:13 PM       1    100.00      0.00      0.00      0.00      0.00      0.00
01:40:14 PM       1    100.00      0.00      0.00      0.00      0.00      0.00
01:40:15 PM       1    100.00      0.00      0.00      0.00      0.00      0.00
01:40:16 PM       1    100.00      0.00      0.00      0.00      0.00      0.00
01:40:17 PM       1    100.00      0.00      0.00      0.00      0.00      0.00
01:40:18 PM       1    100.00      0.00      0.00      0.00      0.00      0.00
01:40:19 PM       1    100.00      0.00      0.00      0.00      0.00      0.00
01:40:20 PM       1    100.00      0.00      0.00      0.00      0.00      0.00
01:40:21 PM       1    100.00      0.00      0.00      0.00      0.00      0.00
01:40:22 PM       1    100.00      0.00      0.00      0.00      0.00      0.00
01:40:23 PM       1    100.00      0.00      0.00      0.00      0.00      0.00
01:40:24 PM       1    100.00      0.00      0.00      0.00      0.00      0.00
01:40:25 PM       1    100.00      0.00      0.00      0.00      0.00      0.00
01:40:26 PM       1    100.00      0.00      0.00      0.00      0.00      0.00
Average:          1    100.00      0.00      0.00      0.00      0.00      0.00
