Linux 3.14.33-regular (node220-2) 	01/05/2017 	_x86_64_	(8 CPU)

12:39:48 PM     CPU     %user     %nice   %system   %iowait    %steal     %idle
12:39:49 PM       1    100.00      0.00      0.00      0.00      0.00      0.00
12:39:50 PM       1    100.00      0.00      0.00      0.00      0.00      0.00
12:39:51 PM       1    100.00      0.00      0.00      0.00      0.00      0.00
12:39:52 PM       1    100.00      0.00      0.00      0.00      0.00      0.00
12:39:53 PM       1    100.00      0.00      0.00      0.00      0.00      0.00
12:39:54 PM       1    100.00      0.00      0.00      0.00      0.00      0.00
12:39:55 PM       1    100.00      0.00      0.00      0.00      0.00      0.00
12:39:56 PM       1    100.00      0.00      0.00      0.00      0.00      0.00
12:39:57 PM       1    100.00      0.00      0.00      0.00      0.00      0.00
12:39:58 PM       1    100.00      0.00      0.00      0.00      0.00      0.00
12:39:59 PM       1    100.00      0.00      0.00      0.00      0.00      0.00
12:40:00 PM       1    100.00      0.00      0.00      0.00      0.00      0.00
12:40:01 PM       1    100.00      0.00      0.00      0.00      0.00      0.00
12:40:02 PM       1    100.00      0.00      0.00      0.00      0.00      0.00
12:40:03 PM       1    100.00      0.00      0.00      0.00      0.00      0.00
12:40:04 PM       1    100.00      0.00      0.00      0.00      0.00      0.00
12:40:05 PM       1    100.00      0.00      0.00      0.00      0.00      0.00
12:40:06 PM       1    100.00      0.00      0.00      0.00      0.00      0.00
12:40:07 PM       1    100.00      0.00      0.00      0.00      0.00      0.00
12:40:08 PM       1    100.00      0.00      0.00      0.00      0.00      0.00
Average:          1    100.00      0.00      0.00      0.00      0.00      0.00
