Linux 3.14.33-regular (node220-2) 	01/05/2017 	_x86_64_	(8 CPU)

12:01:56 PM     CPU     %user     %nice   %system   %iowait    %steal     %idle
12:01:57 PM       1    100.00      0.00      0.00      0.00      0.00      0.00
12:01:58 PM       1    100.00      0.00      0.00      0.00      0.00      0.00
12:01:59 PM       1    100.00      0.00      0.00      0.00      0.00      0.00
12:02:00 PM       1    100.00      0.00      0.00      0.00      0.00      0.00
12:02:01 PM       1    100.00      0.00      0.00      0.00      0.00      0.00
12:02:02 PM       1    100.00      0.00      0.00      0.00      0.00      0.00
12:02:03 PM       1    100.00      0.00      0.00      0.00      0.00      0.00
12:02:04 PM       1    100.00      0.00      0.00      0.00      0.00      0.00
12:02:05 PM       1    100.00      0.00      0.00      0.00      0.00      0.00
12:02:06 PM       1    100.00      0.00      0.00      0.00      0.00      0.00
12:02:07 PM       1    100.00      0.00      0.00      0.00      0.00      0.00
12:02:08 PM       1    100.00      0.00      0.00      0.00      0.00      0.00
12:02:09 PM       1    100.00      0.00      0.00      0.00      0.00      0.00
12:02:10 PM       1    100.00      0.00      0.00      0.00      0.00      0.00
12:02:11 PM       1    100.00      0.00      0.00      0.00      0.00      0.00
12:02:12 PM       1    100.00      0.00      0.00      0.00      0.00      0.00
12:02:13 PM       1    100.00      0.00      0.00      0.00      0.00      0.00
12:02:14 PM       1    100.00      0.00      0.00      0.00      0.00      0.00
12:02:15 PM       1    100.00      0.00      0.00      0.00      0.00      0.00
12:02:16 PM       1    100.00      0.00      0.00      0.00      0.00      0.00
Average:          1    100.00      0.00      0.00      0.00      0.00      0.00
