Linux 3.14.33-regular (node220-2) 	01/05/2017 	_x86_64_	(8 CPU)

12:46:52 PM     CPU     %user     %nice   %system   %iowait    %steal     %idle
12:46:53 PM       1    100.00      0.00      0.00      0.00      0.00      0.00
12:46:54 PM       1    100.00      0.00      0.00      0.00      0.00      0.00
12:46:55 PM       1    100.00      0.00      0.00      0.00      0.00      0.00
12:46:56 PM       1    100.00      0.00      0.00      0.00      0.00      0.00
12:46:57 PM       1    100.00      0.00      0.00      0.00      0.00      0.00
12:46:58 PM       1    100.00      0.00      0.00      0.00      0.00      0.00
12:46:59 PM       1    100.00      0.00      0.00      0.00      0.00      0.00
12:47:00 PM       1    100.00      0.00      0.00      0.00      0.00      0.00
12:47:01 PM       1    100.00      0.00      0.00      0.00      0.00      0.00
12:47:02 PM       1    100.00      0.00      0.00      0.00      0.00      0.00
12:47:03 PM       1    100.00      0.00      0.00      0.00      0.00      0.00
12:47:04 PM       1    100.00      0.00      0.00      0.00      0.00      0.00
12:47:05 PM       1    100.00      0.00      0.00      0.00      0.00      0.00
12:47:06 PM       1    100.00      0.00      0.00      0.00      0.00      0.00
12:47:07 PM       1    100.00      0.00      0.00      0.00      0.00      0.00
12:47:08 PM       1    100.00      0.00      0.00      0.00      0.00      0.00
12:47:09 PM       1    100.00      0.00      0.00      0.00      0.00      0.00
12:47:10 PM       1    100.00      0.00      0.00      0.00      0.00      0.00
12:47:11 PM       1    100.00      0.00      0.00      0.00      0.00      0.00
12:47:12 PM       1    100.00      0.00      0.00      0.00      0.00      0.00
Average:          1    100.00      0.00      0.00      0.00      0.00      0.00
