Linux 3.14.33-regular (node220-2) 	01/05/2017 	_x86_64_	(8 CPU)

01:15:44 PM     CPU     %user     %nice   %system   %iowait    %steal     %idle
01:15:45 PM       1    100.00      0.00      0.00      0.00      0.00      0.00
01:15:46 PM       1    100.00      0.00      0.00      0.00      0.00      0.00
01:15:47 PM       1    100.00      0.00      0.00      0.00      0.00      0.00
01:15:48 PM       1    100.00      0.00      0.00      0.00      0.00      0.00
01:15:49 PM       1    100.00      0.00      0.00      0.00      0.00      0.00
01:15:50 PM       1    100.00      0.00      0.00      0.00      0.00      0.00
01:15:51 PM       1    100.00      0.00      0.00      0.00      0.00      0.00
01:15:52 PM       1    100.00      0.00      0.00      0.00      0.00      0.00
01:15:53 PM       1    100.00      0.00      0.00      0.00      0.00      0.00
01:15:54 PM       1    100.00      0.00      0.00      0.00      0.00      0.00
01:15:55 PM       1    100.00      0.00      0.00      0.00      0.00      0.00
01:15:56 PM       1    100.00      0.00      0.00      0.00      0.00      0.00
01:15:57 PM       1    100.00      0.00      0.00      0.00      0.00      0.00
01:15:58 PM       1    100.00      0.00      0.00      0.00      0.00      0.00
01:15:59 PM       1    100.00      0.00      0.00      0.00      0.00      0.00
01:16:00 PM       1    100.00      0.00      0.00      0.00      0.00      0.00
01:16:01 PM       1    100.00      0.00      0.00      0.00      0.00      0.00
01:16:02 PM       1    100.00      0.00      0.00      0.00      0.00      0.00
01:16:03 PM       1    100.00      0.00      0.00      0.00      0.00      0.00
01:16:04 PM       1    100.00      0.00      0.00      0.00      0.00      0.00
Average:          1    100.00      0.00      0.00      0.00      0.00      0.00
