Linux 3.14.33-regular (node220-2) 	01/05/2017 	_x86_64_	(8 CPU)

03:14:06 PM     CPU     %user     %nice   %system   %iowait    %steal     %idle
03:14:07 PM       1    100.00      0.00      0.00      0.00      0.00      0.00
03:14:08 PM       1    100.00      0.00      0.00      0.00      0.00      0.00
03:14:09 PM       1    100.00      0.00      0.00      0.00      0.00      0.00
03:14:10 PM       1    100.00      0.00      0.00      0.00      0.00      0.00
03:14:11 PM       1    100.00      0.00      0.00      0.00      0.00      0.00
03:14:12 PM       1    100.00      0.00      0.00      0.00      0.00      0.00
03:14:13 PM       1    100.00      0.00      0.00      0.00      0.00      0.00
03:14:14 PM       1    100.00      0.00      0.00      0.00      0.00      0.00
03:14:15 PM       1    100.00      0.00      0.00      0.00      0.00      0.00
03:14:16 PM       1    100.00      0.00      0.00      0.00      0.00      0.00
03:14:17 PM       1    100.00      0.00      0.00      0.00      0.00      0.00
03:14:18 PM       1    100.00      0.00      0.00      0.00      0.00      0.00
03:14:19 PM       1    100.00      0.00      0.00      0.00      0.00      0.00
03:14:20 PM       1    100.00      0.00      0.00      0.00      0.00      0.00
03:14:21 PM       1    100.00      0.00      0.00      0.00      0.00      0.00
03:14:22 PM       1    100.00      0.00      0.00      0.00      0.00      0.00
03:14:23 PM       1    100.00      0.00      0.00      0.00      0.00      0.00
03:14:24 PM       1    100.00      0.00      0.00      0.00      0.00      0.00
03:14:25 PM       1    100.00      0.00      0.00      0.00      0.00      0.00
03:14:26 PM       1    100.00      0.00      0.00      0.00      0.00      0.00
Average:          1    100.00      0.00      0.00      0.00      0.00      0.00
