Linux 3.14.33-regular (node220-2) 	01/05/2017 	_x86_64_	(8 CPU)

11:38:12 AM     CPU     %user     %nice   %system   %iowait    %steal     %idle
11:38:13 AM       1    100.00      0.00      0.00      0.00      0.00      0.00
11:38:14 AM       1    100.00      0.00      0.00      0.00      0.00      0.00
11:38:15 AM       1    100.00      0.00      0.00      0.00      0.00      0.00
11:38:16 AM       1    100.00      0.00      0.00      0.00      0.00      0.00
11:38:17 AM       1    100.00      0.00      0.00      0.00      0.00      0.00
11:38:18 AM       1    100.00      0.00      0.00      0.00      0.00      0.00
11:38:19 AM       1    100.00      0.00      0.00      0.00      0.00      0.00
11:38:20 AM       1    100.00      0.00      0.00      0.00      0.00      0.00
11:38:21 AM       1    100.00      0.00      0.00      0.00      0.00      0.00
11:38:22 AM       1    100.00      0.00      0.00      0.00      0.00      0.00
11:38:23 AM       1    100.00      0.00      0.00      0.00      0.00      0.00
11:38:24 AM       1    100.00      0.00      0.00      0.00      0.00      0.00
11:38:25 AM       1    100.00      0.00      0.00      0.00      0.00      0.00
11:38:26 AM       1    100.00      0.00      0.00      0.00      0.00      0.00
11:38:27 AM       1    100.00      0.00      0.00      0.00      0.00      0.00
11:38:28 AM       1    100.00      0.00      0.00      0.00      0.00      0.00
11:38:29 AM       1    100.00      0.00      0.00      0.00      0.00      0.00
11:38:30 AM       1    100.00      0.00      0.00      0.00      0.00      0.00
11:38:31 AM       1    100.00      0.00      0.00      0.00      0.00      0.00
11:38:32 AM       1    100.00      0.00      0.00      0.00      0.00      0.00
Average:          1    100.00      0.00      0.00      0.00      0.00      0.00
