Linux 3.14.33-regular (node220-2) 	01/05/2017 	_x86_64_	(8 CPU)

12:12:50 PM     CPU     %user     %nice   %system   %iowait    %steal     %idle
12:12:51 PM       1    100.00      0.00      0.00      0.00      0.00      0.00
12:12:52 PM       1    100.00      0.00      0.00      0.00      0.00      0.00
12:12:53 PM       1    100.00      0.00      0.00      0.00      0.00      0.00
12:12:54 PM       1    100.00      0.00      0.00      0.00      0.00      0.00
12:12:55 PM       1    100.00      0.00      0.00      0.00      0.00      0.00
12:12:56 PM       1    100.00      0.00      0.00      0.00      0.00      0.00
12:12:57 PM       1    100.00      0.00      0.00      0.00      0.00      0.00
12:12:58 PM       1    100.00      0.00      0.00      0.00      0.00      0.00
12:12:59 PM       1    100.00      0.00      0.00      0.00      0.00      0.00
12:13:00 PM       1    100.00      0.00      0.00      0.00      0.00      0.00
12:13:01 PM       1    100.00      0.00      0.00      0.00      0.00      0.00
12:13:02 PM       1    100.00      0.00      0.00      0.00      0.00      0.00
12:13:03 PM       1    100.00      0.00      0.00      0.00      0.00      0.00
12:13:04 PM       1    100.00      0.00      0.00      0.00      0.00      0.00
12:13:05 PM       1    100.00      0.00      0.00      0.00      0.00      0.00
12:13:06 PM       1    100.00      0.00      0.00      0.00      0.00      0.00
12:13:07 PM       1    100.00      0.00      0.00      0.00      0.00      0.00
12:13:08 PM       1    100.00      0.00      0.00      0.00      0.00      0.00
12:13:09 PM       1    100.00      0.00      0.00      0.00      0.00      0.00
12:13:10 PM       1    100.00      0.00      0.00      0.00      0.00      0.00
Average:          1    100.00      0.00      0.00      0.00      0.00      0.00
