Linux 3.14.33-regular (node220-2) 	01/05/2017 	_x86_64_	(8 CPU)

12:14:45 PM     CPU     %user     %nice   %system   %iowait    %steal     %idle
12:14:46 PM       1    100.00      0.00      0.00      0.00      0.00      0.00
12:14:47 PM       1    100.00      0.00      0.00      0.00      0.00      0.00
12:14:48 PM       1    100.00      0.00      0.00      0.00      0.00      0.00
12:14:49 PM       1    100.00      0.00      0.00      0.00      0.00      0.00
12:14:50 PM       1    100.00      0.00      0.00      0.00      0.00      0.00
12:14:51 PM       1    100.00      0.00      0.00      0.00      0.00      0.00
12:14:52 PM       1    100.00      0.00      0.00      0.00      0.00      0.00
12:14:53 PM       1    100.00      0.00      0.00      0.00      0.00      0.00
12:14:54 PM       1    100.00      0.00      0.00      0.00      0.00      0.00
12:14:55 PM       1    100.00      0.00      0.00      0.00      0.00      0.00
12:14:56 PM       1    100.00      0.00      0.00      0.00      0.00      0.00
12:14:57 PM       1    100.00      0.00      0.00      0.00      0.00      0.00
12:14:58 PM       1    100.00      0.00      0.00      0.00      0.00      0.00
12:14:59 PM       1    100.00      0.00      0.00      0.00      0.00      0.00
12:15:00 PM       1    100.00      0.00      0.00      0.00      0.00      0.00
12:15:01 PM       1    100.00      0.00      0.00      0.00      0.00      0.00
12:15:02 PM       1    100.00      0.00      0.00      0.00      0.00      0.00
12:15:03 PM       1    100.00      0.00      0.00      0.00      0.00      0.00
12:15:04 PM       1    100.00      0.00      0.00      0.00      0.00      0.00
12:15:05 PM       1    100.00      0.00      0.00      0.00      0.00      0.00
Average:          1    100.00      0.00      0.00      0.00      0.00      0.00
