Linux 3.14.33-regular (node220-2) 	01/05/2017 	_x86_64_	(8 CPU)

01:01:38 PM     CPU     %user     %nice   %system   %iowait    %steal     %idle
01:01:39 PM       1    100.00      0.00      0.00      0.00      0.00      0.00
01:01:40 PM       1    100.00      0.00      0.00      0.00      0.00      0.00
01:01:41 PM       1    100.00      0.00      0.00      0.00      0.00      0.00
01:01:42 PM       1    100.00      0.00      0.00      0.00      0.00      0.00
01:01:43 PM       1    100.00      0.00      0.00      0.00      0.00      0.00
01:01:44 PM       1    100.00      0.00      0.00      0.00      0.00      0.00
01:01:45 PM       1    100.00      0.00      0.00      0.00      0.00      0.00
01:01:46 PM       1    100.00      0.00      0.00      0.00      0.00      0.00
01:01:47 PM       1    100.00      0.00      0.00      0.00      0.00      0.00
01:01:48 PM       1    100.00      0.00      0.00      0.00      0.00      0.00
01:01:49 PM       1    100.00      0.00      0.00      0.00      0.00      0.00
01:01:50 PM       1    100.00      0.00      0.00      0.00      0.00      0.00
01:01:51 PM       1    100.00      0.00      0.00      0.00      0.00      0.00
01:01:52 PM       1    100.00      0.00      0.00      0.00      0.00      0.00
01:01:53 PM       1    100.00      0.00      0.00      0.00      0.00      0.00
01:01:54 PM       1    100.00      0.00      0.00      0.00      0.00      0.00
01:01:55 PM       1    100.00      0.00      0.00      0.00      0.00      0.00
01:01:56 PM       1    100.00      0.00      0.00      0.00      0.00      0.00
01:01:57 PM       1    100.00      0.00      0.00      0.00      0.00      0.00
01:01:58 PM       1    100.00      0.00      0.00      0.00      0.00      0.00
Average:          1    100.00      0.00      0.00      0.00      0.00      0.00
