Linux 3.14.33-regular (node220-2) 	01/05/2017 	_x86_64_	(8 CPU)

01:22:47 PM     CPU     %user     %nice   %system   %iowait    %steal     %idle
01:22:48 PM       1    100.00      0.00      0.00      0.00      0.00      0.00
01:22:49 PM       1    100.00      0.00      0.00      0.00      0.00      0.00
01:22:50 PM       1    100.00      0.00      0.00      0.00      0.00      0.00
01:22:51 PM       1    100.00      0.00      0.00      0.00      0.00      0.00
01:22:52 PM       1    100.00      0.00      0.00      0.00      0.00      0.00
01:22:53 PM       1    100.00      0.00      0.00      0.00      0.00      0.00
01:22:54 PM       1    100.00      0.00      0.00      0.00      0.00      0.00
01:22:55 PM       1    100.00      0.00      0.00      0.00      0.00      0.00
01:22:56 PM       1    100.00      0.00      0.00      0.00      0.00      0.00
01:22:57 PM       1    100.00      0.00      0.00      0.00      0.00      0.00
01:22:58 PM       1    100.00      0.00      0.00      0.00      0.00      0.00
01:22:59 PM       1    100.00      0.00      0.00      0.00      0.00      0.00
01:23:00 PM       1    100.00      0.00      0.00      0.00      0.00      0.00
01:23:01 PM       1    100.00      0.00      0.00      0.00      0.00      0.00
01:23:02 PM       1    100.00      0.00      0.00      0.00      0.00      0.00
01:23:03 PM       1    100.00      0.00      0.00      0.00      0.00      0.00
01:23:04 PM       1    100.00      0.00      0.00      0.00      0.00      0.00
01:23:05 PM       1    100.00      0.00      0.00      0.00      0.00      0.00
01:23:06 PM       1    100.00      0.00      0.00      0.00      0.00      0.00
01:23:07 PM       1    100.00      0.00      0.00      0.00      0.00      0.00
Average:          1    100.00      0.00      0.00      0.00      0.00      0.00
