Linux 3.14.33-regular (node220-2) 	01/05/2017 	_x86_64_	(8 CPU)

01:53:42 PM     CPU     %user     %nice   %system   %iowait    %steal     %idle
01:53:43 PM       1    100.00      0.00      0.00      0.00      0.00      0.00
01:53:44 PM       1    100.00      0.00      0.00      0.00      0.00      0.00
01:53:45 PM       1    100.00      0.00      0.00      0.00      0.00      0.00
01:53:46 PM       1    100.00      0.00      0.00      0.00      0.00      0.00
01:53:47 PM       1    100.00      0.00      0.00      0.00      0.00      0.00
01:53:48 PM       1    100.00      0.00      0.00      0.00      0.00      0.00
01:53:49 PM       1    100.00      0.00      0.00      0.00      0.00      0.00
01:53:50 PM       1    100.00      0.00      0.00      0.00      0.00      0.00
01:53:51 PM       1    100.00      0.00      0.00      0.00      0.00      0.00
01:53:52 PM       1    100.00      0.00      0.00      0.00      0.00      0.00
01:53:53 PM       1    100.00      0.00      0.00      0.00      0.00      0.00
01:53:54 PM       1    100.00      0.00      0.00      0.00      0.00      0.00
01:53:55 PM       1    100.00      0.00      0.00      0.00      0.00      0.00
01:53:56 PM       1    100.00      0.00      0.00      0.00      0.00      0.00
01:53:57 PM       1    100.00      0.00      0.00      0.00      0.00      0.00
01:53:58 PM       1    100.00      0.00      0.00      0.00      0.00      0.00
01:53:59 PM       1    100.00      0.00      0.00      0.00      0.00      0.00
01:54:00 PM       1    100.00      0.00      0.00      0.00      0.00      0.00
01:54:01 PM       1    100.00      0.00      0.00      0.00      0.00      0.00
01:54:02 PM       1    100.00      0.00      0.00      0.00      0.00      0.00
Average:          1    100.00      0.00      0.00      0.00      0.00      0.00
