Linux 3.14.33-regular (node220-2) 	01/05/2017 	_x86_64_	(8 CPU)

11:46:32 AM     CPU     %user     %nice   %system   %iowait    %steal     %idle
11:46:33 AM       1    100.00      0.00      0.00      0.00      0.00      0.00
11:46:34 AM       1    100.00      0.00      0.00      0.00      0.00      0.00
11:46:35 AM       1    100.00      0.00      0.00      0.00      0.00      0.00
11:46:36 AM       1    100.00      0.00      0.00      0.00      0.00      0.00
11:46:37 AM       1    100.00      0.00      0.00      0.00      0.00      0.00
11:46:38 AM       1    100.00      0.00      0.00      0.00      0.00      0.00
11:46:39 AM       1    100.00      0.00      0.00      0.00      0.00      0.00
11:46:40 AM       1    100.00      0.00      0.00      0.00      0.00      0.00
11:46:41 AM       1    100.00      0.00      0.00      0.00      0.00      0.00
11:46:42 AM       1    100.00      0.00      0.00      0.00      0.00      0.00
11:46:43 AM       1    100.00      0.00      0.00      0.00      0.00      0.00
11:46:44 AM       1    100.00      0.00      0.00      0.00      0.00      0.00
11:46:45 AM       1    100.00      0.00      0.00      0.00      0.00      0.00
11:46:46 AM       1    100.00      0.00      0.00      0.00      0.00      0.00
11:46:47 AM       1    100.00      0.00      0.00      0.00      0.00      0.00
11:46:48 AM       1    100.00      0.00      0.00      0.00      0.00      0.00
11:46:49 AM       1    100.00      0.00      0.00      0.00      0.00      0.00
11:46:50 AM       1    100.00      0.00      0.00      0.00      0.00      0.00
11:46:51 AM       1    100.00      0.00      0.00      0.00      0.00      0.00
11:46:52 AM       1    100.00      0.00      0.00      0.00      0.00      0.00
Average:          1    100.00      0.00      0.00      0.00      0.00      0.00
