Linux 3.14.33-regular (node220-2) 	01/05/2017 	_x86_64_	(8 CPU)

01:57:32 PM     CPU     %user     %nice   %system   %iowait    %steal     %idle
01:57:33 PM       1    100.00      0.00      0.00      0.00      0.00      0.00
01:57:34 PM       1    100.00      0.00      0.00      0.00      0.00      0.00
01:57:35 PM       1    100.00      0.00      0.00      0.00      0.00      0.00
01:57:36 PM       1    100.00      0.00      0.00      0.00      0.00      0.00
01:57:37 PM       1    100.00      0.00      0.00      0.00      0.00      0.00
01:57:38 PM       1    100.00      0.00      0.00      0.00      0.00      0.00
01:57:39 PM       1    100.00      0.00      0.00      0.00      0.00      0.00
01:57:40 PM       1    100.00      0.00      0.00      0.00      0.00      0.00
01:57:41 PM       1    100.00      0.00      0.00      0.00      0.00      0.00
01:57:42 PM       1    100.00      0.00      0.00      0.00      0.00      0.00
01:57:43 PM       1    100.00      0.00      0.00      0.00      0.00      0.00
01:57:44 PM       1    100.00      0.00      0.00      0.00      0.00      0.00
01:57:45 PM       1    100.00      0.00      0.00      0.00      0.00      0.00
01:57:46 PM       1    100.00      0.00      0.00      0.00      0.00      0.00
01:57:47 PM       1    100.00      0.00      0.00      0.00      0.00      0.00
01:57:48 PM       1    100.00      0.00      0.00      0.00      0.00      0.00
01:57:49 PM       1    100.00      0.00      0.00      0.00      0.00      0.00
01:57:50 PM       1    100.00      0.00      0.00      0.00      0.00      0.00
01:57:51 PM       1    100.00      0.00      0.00      0.00      0.00      0.00
01:57:52 PM       1    100.00      0.00      0.00      0.00      0.00      0.00
Average:          1    100.00      0.00      0.00      0.00      0.00      0.00
