Linux 3.14.33-regular (node220-2) 	01/05/2017 	_x86_64_	(8 CPU)

12:04:30 PM     CPU     %user     %nice   %system   %iowait    %steal     %idle
12:04:31 PM       1    100.00      0.00      0.00      0.00      0.00      0.00
12:04:32 PM       1    100.00      0.00      0.00      0.00      0.00      0.00
12:04:33 PM       1    100.00      0.00      0.00      0.00      0.00      0.00
12:04:34 PM       1    100.00      0.00      0.00      0.00      0.00      0.00
12:04:35 PM       1    100.00      0.00      0.00      0.00      0.00      0.00
12:04:36 PM       1    100.00      0.00      0.00      0.00      0.00      0.00
12:04:37 PM       1    100.00      0.00      0.00      0.00      0.00      0.00
12:04:38 PM       1    100.00      0.00      0.00      0.00      0.00      0.00
12:04:39 PM       1    100.00      0.00      0.00      0.00      0.00      0.00
12:04:40 PM       1    100.00      0.00      0.00      0.00      0.00      0.00
12:04:41 PM       1    100.00      0.00      0.00      0.00      0.00      0.00
12:04:42 PM       1    100.00      0.00      0.00      0.00      0.00      0.00
12:04:43 PM       1    100.00      0.00      0.00      0.00      0.00      0.00
12:04:44 PM       1    100.00      0.00      0.00      0.00      0.00      0.00
12:04:45 PM       1    100.00      0.00      0.00      0.00      0.00      0.00
12:04:46 PM       1    100.00      0.00      0.00      0.00      0.00      0.00
12:04:47 PM       1    100.00      0.00      0.00      0.00      0.00      0.00
12:04:48 PM       1    100.00      0.00      0.00      0.00      0.00      0.00
12:04:49 PM       1    100.00      0.00      0.00      0.00      0.00      0.00
12:04:50 PM       1    100.00      0.00      0.00      0.00      0.00      0.00
Average:          1    100.00      0.00      0.00      0.00      0.00      0.00
