Linux 3.14.33-regular (node220-2) 	01/05/2017 	_x86_64_	(8 CPU)

02:15:30 PM     CPU     %user     %nice   %system   %iowait    %steal     %idle
02:15:31 PM       1    100.00      0.00      0.00      0.00      0.00      0.00
02:15:32 PM       1    100.00      0.00      0.00      0.00      0.00      0.00
02:15:33 PM       1    100.00      0.00      0.00      0.00      0.00      0.00
02:15:34 PM       1    100.00      0.00      0.00      0.00      0.00      0.00
02:15:35 PM       1    100.00      0.00      0.00      0.00      0.00      0.00
02:15:36 PM       1    100.00      0.00      0.00      0.00      0.00      0.00
02:15:37 PM       1    100.00      0.00      0.00      0.00      0.00      0.00
02:15:38 PM       1    100.00      0.00      0.00      0.00      0.00      0.00
02:15:39 PM       1    100.00      0.00      0.00      0.00      0.00      0.00
02:15:40 PM       1    100.00      0.00      0.00      0.00      0.00      0.00
02:15:41 PM       1    100.00      0.00      0.00      0.00      0.00      0.00
02:15:42 PM       1    100.00      0.00      0.00      0.00      0.00      0.00
02:15:43 PM       1    100.00      0.00      0.00      0.00      0.00      0.00
02:15:44 PM       1    100.00      0.00      0.00      0.00      0.00      0.00
02:15:45 PM       1    100.00      0.00      0.00      0.00      0.00      0.00
02:15:46 PM       1    100.00      0.00      0.00      0.00      0.00      0.00
02:15:47 PM       1    100.00      0.00      0.00      0.00      0.00      0.00
02:15:48 PM       1    100.00      0.00      0.00      0.00      0.00      0.00
02:15:49 PM       1    100.00      0.00      0.00      0.00      0.00      0.00
02:15:50 PM       1    100.00      0.00      0.00      0.00      0.00      0.00
Average:          1    100.00      0.00      0.00      0.00      0.00      0.00
