Linux 3.14.33-regular (node220-2) 	01/05/2017 	_x86_64_	(8 CPU)

03:17:58 PM     CPU     %user     %nice   %system   %iowait    %steal     %idle
03:17:59 PM       1    100.00      0.00      0.00      0.00      0.00      0.00
03:18:00 PM       1    100.00      0.00      0.00      0.00      0.00      0.00
03:18:01 PM       1    100.00      0.00      0.00      0.00      0.00      0.00
03:18:02 PM       1    100.00      0.00      0.00      0.00      0.00      0.00
03:18:03 PM       1    100.00      0.00      0.00      0.00      0.00      0.00
03:18:04 PM       1    100.00      0.00      0.00      0.00      0.00      0.00
03:18:05 PM       1    100.00      0.00      0.00      0.00      0.00      0.00
03:18:06 PM       1    100.00      0.00      0.00      0.00      0.00      0.00
03:18:07 PM       1    100.00      0.00      0.00      0.00      0.00      0.00
03:18:08 PM       1    100.00      0.00      0.00      0.00      0.00      0.00
03:18:09 PM       1    100.00      0.00      0.00      0.00      0.00      0.00
03:18:10 PM       1    100.00      0.00      0.00      0.00      0.00      0.00
03:18:11 PM       1    100.00      0.00      0.00      0.00      0.00      0.00
03:18:12 PM       1    100.00      0.00      0.00      0.00      0.00      0.00
03:18:13 PM       1    100.00      0.00      0.00      0.00      0.00      0.00
03:18:14 PM       1    100.00      0.00      0.00      0.00      0.00      0.00
03:18:15 PM       1    100.00      0.00      0.00      0.00      0.00      0.00
03:18:16 PM       1    100.00      0.00      0.00      0.00      0.00      0.00
03:18:17 PM       1    100.00      0.00      0.00      0.00      0.00      0.00
03:18:18 PM       1    100.00      0.00      0.00      0.00      0.00      0.00
Average:          1    100.00      0.00      0.00      0.00      0.00      0.00
