Linux 3.14.33-regular (node220-2) 	01/05/2017 	_x86_64_	(8 CPU)

11:36:54 AM     CPU     %user     %nice   %system   %iowait    %steal     %idle
11:36:55 AM       1    100.00      0.00      0.00      0.00      0.00      0.00
11:36:56 AM       1    100.00      0.00      0.00      0.00      0.00      0.00
11:36:57 AM       1    100.00      0.00      0.00      0.00      0.00      0.00
11:36:58 AM       1    100.00      0.00      0.00      0.00      0.00      0.00
11:36:59 AM       1    100.00      0.00      0.00      0.00      0.00      0.00
11:37:00 AM       1    100.00      0.00      0.00      0.00      0.00      0.00
11:37:01 AM       1    100.00      0.00      0.00      0.00      0.00      0.00
11:37:02 AM       1    100.00      0.00      0.00      0.00      0.00      0.00
11:37:03 AM       1    100.00      0.00      0.00      0.00      0.00      0.00
11:37:04 AM       1    100.00      0.00      0.00      0.00      0.00      0.00
11:37:05 AM       1    100.00      0.00      0.00      0.00      0.00      0.00
11:37:06 AM       1    100.00      0.00      0.00      0.00      0.00      0.00
11:37:07 AM       1    100.00      0.00      0.00      0.00      0.00      0.00
11:37:08 AM       1    100.00      0.00      0.00      0.00      0.00      0.00
11:37:09 AM       1    100.00      0.00      0.00      0.00      0.00      0.00
11:37:10 AM       1    100.00      0.00      0.00      0.00      0.00      0.00
11:37:11 AM       1    100.00      0.00      0.00      0.00      0.00      0.00
11:37:12 AM       1    100.00      0.00      0.00      0.00      0.00      0.00
11:37:13 AM       1    100.00      0.00      0.00      0.00      0.00      0.00
11:37:14 AM       1    100.00      0.00      0.00      0.00      0.00      0.00
Average:          1    100.00      0.00      0.00      0.00      0.00      0.00
