Linux 3.14.33-regular (node220-2) 	01/05/2017 	_x86_64_	(8 CPU)

03:04:25 PM     CPU     %user     %nice   %system   %iowait    %steal     %idle
03:04:26 PM       1     99.01      0.00      0.99      0.00      0.00      0.00
03:04:27 PM       1     99.00      0.00      1.00      0.00      0.00      0.00
03:04:28 PM       1    100.00      0.00      0.00      0.00      0.00      0.00
03:04:29 PM       1    100.00      0.00      0.00      0.00      0.00      0.00
03:04:30 PM       1    100.00      0.00      0.00      0.00      0.00      0.00
03:04:31 PM       1    100.00      0.00      0.00      0.00      0.00      0.00
03:04:32 PM       1    100.00      0.00      0.00      0.00      0.00      0.00
03:04:33 PM       1    100.00      0.00      0.00      0.00      0.00      0.00
03:04:34 PM       1    100.00      0.00      0.00      0.00      0.00      0.00
03:04:35 PM       1    100.00      0.00      0.00      0.00      0.00      0.00
03:04:36 PM       1    100.00      0.00      0.00      0.00      0.00      0.00
03:04:37 PM       1    100.00      0.00      0.00      0.00      0.00      0.00
03:04:38 PM       1    100.00      0.00      0.00      0.00      0.00      0.00
03:04:39 PM       1    100.00      0.00      0.00      0.00      0.00      0.00
03:04:40 PM       1    100.00      0.00      0.00      0.00      0.00      0.00
03:04:41 PM       1    100.00      0.00      0.00      0.00      0.00      0.00
03:04:42 PM       1    100.00      0.00      0.00      0.00      0.00      0.00
03:04:43 PM       1    100.00      0.00      0.00      0.00      0.00      0.00
03:04:44 PM       1    100.00      0.00      0.00      0.00      0.00      0.00
03:04:45 PM       1    100.00      0.00      0.00      0.00      0.00      0.00
Average:          1     99.90      0.00      0.10      0.00      0.00      0.00
