Linux 3.14.33-regular (node220-2) 	01/05/2017 	_x86_64_	(8 CPU)

01:13:49 PM     CPU     %user     %nice   %system   %iowait    %steal     %idle
01:13:50 PM       1    100.00      0.00      0.00      0.00      0.00      0.00
01:13:51 PM       1    100.00      0.00      0.00      0.00      0.00      0.00
01:13:52 PM       1    100.00      0.00      0.00      0.00      0.00      0.00
01:13:53 PM       1    100.00      0.00      0.00      0.00      0.00      0.00
01:13:54 PM       1    100.00      0.00      0.00      0.00      0.00      0.00
01:13:55 PM       1    100.00      0.00      0.00      0.00      0.00      0.00
01:13:56 PM       1    100.00      0.00      0.00      0.00      0.00      0.00
01:13:57 PM       1    100.00      0.00      0.00      0.00      0.00      0.00
01:13:58 PM       1    100.00      0.00      0.00      0.00      0.00      0.00
01:13:59 PM       1    100.00      0.00      0.00      0.00      0.00      0.00
01:14:00 PM       1    100.00      0.00      0.00      0.00      0.00      0.00
01:14:01 PM       1    100.00      0.00      0.00      0.00      0.00      0.00
01:14:02 PM       1    100.00      0.00      0.00      0.00      0.00      0.00
01:14:03 PM       1    100.00      0.00      0.00      0.00      0.00      0.00
01:14:04 PM       1    100.00      0.00      0.00      0.00      0.00      0.00
01:14:05 PM       1    100.00      0.00      0.00      0.00      0.00      0.00
01:14:06 PM       1    100.00      0.00      0.00      0.00      0.00      0.00
01:14:07 PM       1    100.00      0.00      0.00      0.00      0.00      0.00
01:14:08 PM       1    100.00      0.00      0.00      0.00      0.00      0.00
01:14:09 PM       1    100.00      0.00      0.00      0.00      0.00      0.00
Average:          1    100.00      0.00      0.00      0.00      0.00      0.00
