Linux 3.14.33-regular (node220-2) 	01/05/2017 	_x86_64_	(8 CPU)

02:39:19 PM     CPU     %user     %nice   %system   %iowait    %steal     %idle
02:39:20 PM       1    100.00      0.00      0.00      0.00      0.00      0.00
02:39:21 PM       1    100.00      0.00      0.00      0.00      0.00      0.00
02:39:22 PM       1    100.00      0.00      0.00      0.00      0.00      0.00
02:39:23 PM       1    100.00      0.00      0.00      0.00      0.00      0.00
02:39:24 PM       1    100.00      0.00      0.00      0.00      0.00      0.00
02:39:25 PM       1    100.00      0.00      0.00      0.00      0.00      0.00
02:39:26 PM       1    100.00      0.00      0.00      0.00      0.00      0.00
02:39:27 PM       1    100.00      0.00      0.00      0.00      0.00      0.00
02:39:28 PM       1    100.00      0.00      0.00      0.00      0.00      0.00
02:39:29 PM       1    100.00      0.00      0.00      0.00      0.00      0.00
02:39:30 PM       1    100.00      0.00      0.00      0.00      0.00      0.00
02:39:31 PM       1    100.00      0.00      0.00      0.00      0.00      0.00
02:39:32 PM       1    100.00      0.00      0.00      0.00      0.00      0.00
02:39:33 PM       1    100.00      0.00      0.00      0.00      0.00      0.00
02:39:34 PM       1    100.00      0.00      0.00      0.00      0.00      0.00
02:39:35 PM       1    100.00      0.00      0.00      0.00      0.00      0.00
02:39:36 PM       1    100.00      0.00      0.00      0.00      0.00      0.00
02:39:37 PM       1    100.00      0.00      0.00      0.00      0.00      0.00
02:39:38 PM       1    100.00      0.00      0.00      0.00      0.00      0.00
02:39:39 PM       1    100.00      0.00      0.00      0.00      0.00      0.00
Average:          1    100.00      0.00      0.00      0.00      0.00      0.00
