Linux 3.14.33-regular (node220-2) 	01/05/2017 	_x86_64_	(8 CPU)

01:36:15 PM     CPU     %user     %nice   %system   %iowait    %steal     %idle
01:36:16 PM       1    100.00      0.00      0.00      0.00      0.00      0.00
01:36:17 PM       1    100.00      0.00      0.00      0.00      0.00      0.00
01:36:18 PM       1    100.00      0.00      0.00      0.00      0.00      0.00
01:36:19 PM       1    100.00      0.00      0.00      0.00      0.00      0.00
01:36:20 PM       1    100.00      0.00      0.00      0.00      0.00      0.00
01:36:21 PM       1    100.00      0.00      0.00      0.00      0.00      0.00
01:36:22 PM       1    100.00      0.00      0.00      0.00      0.00      0.00
01:36:23 PM       1    100.00      0.00      0.00      0.00      0.00      0.00
01:36:24 PM       1    100.00      0.00      0.00      0.00      0.00      0.00
01:36:25 PM       1    100.00      0.00      0.00      0.00      0.00      0.00
01:36:26 PM       1    100.00      0.00      0.00      0.00      0.00      0.00
01:36:27 PM       1    100.00      0.00      0.00      0.00      0.00      0.00
01:36:28 PM       1    100.00      0.00      0.00      0.00      0.00      0.00
01:36:29 PM       1    100.00      0.00      0.00      0.00      0.00      0.00
01:36:30 PM       1    100.00      0.00      0.00      0.00      0.00      0.00
01:36:31 PM       1    100.00      0.00      0.00      0.00      0.00      0.00
01:36:32 PM       1    100.00      0.00      0.00      0.00      0.00      0.00
01:36:33 PM       1    100.00      0.00      0.00      0.00      0.00      0.00
01:36:34 PM       1    100.00      0.00      0.00      0.00      0.00      0.00
01:36:35 PM       1    100.00      0.00      0.00      0.00      0.00      0.00
Average:          1    100.00      0.00      0.00      0.00      0.00      0.00
