Linux 3.14.33-regular (node220-2) 	01/05/2017 	_x86_64_	(8 CPU)

01:48:31 PM     CPU     %user     %nice   %system   %iowait    %steal     %idle
01:48:32 PM       1    100.00      0.00      0.00      0.00      0.00      0.00
01:48:33 PM       1    100.00      0.00      0.00      0.00      0.00      0.00
01:48:34 PM       1    100.00      0.00      0.00      0.00      0.00      0.00
01:48:35 PM       1    100.00      0.00      0.00      0.00      0.00      0.00
01:48:36 PM       1    100.00      0.00      0.00      0.00      0.00      0.00
01:48:37 PM       1    100.00      0.00      0.00      0.00      0.00      0.00
01:48:38 PM       1    100.00      0.00      0.00      0.00      0.00      0.00
01:48:39 PM       1    100.00      0.00      0.00      0.00      0.00      0.00
01:48:40 PM       1    100.00      0.00      0.00      0.00      0.00      0.00
01:48:41 PM       1    100.00      0.00      0.00      0.00      0.00      0.00
01:48:42 PM       1    100.00      0.00      0.00      0.00      0.00      0.00
01:48:43 PM       1    100.00      0.00      0.00      0.00      0.00      0.00
01:48:44 PM       1    100.00      0.00      0.00      0.00      0.00      0.00
01:48:45 PM       1    100.00      0.00      0.00      0.00      0.00      0.00
01:48:46 PM       1    100.00      0.00      0.00      0.00      0.00      0.00
01:48:47 PM       1    100.00      0.00      0.00      0.00      0.00      0.00
01:48:48 PM       1    100.00      0.00      0.00      0.00      0.00      0.00
01:48:49 PM       1    100.00      0.00      0.00      0.00      0.00      0.00
01:48:50 PM       1    100.00      0.00      0.00      0.00      0.00      0.00
01:48:51 PM       1    100.00      0.00      0.00      0.00      0.00      0.00
Average:          1    100.00      0.00      0.00      0.00      0.00      0.00
