Linux 3.14.33-regular (node220-2) 	01/05/2017 	_x86_64_	(8 CPU)

01:38:10 PM     CPU     %user     %nice   %system   %iowait    %steal     %idle
01:38:11 PM       1    100.00      0.00      0.00      0.00      0.00      0.00
01:38:12 PM       1    100.00      0.00      0.00      0.00      0.00      0.00
01:38:13 PM       1    100.00      0.00      0.00      0.00      0.00      0.00
01:38:14 PM       1    100.00      0.00      0.00      0.00      0.00      0.00
01:38:15 PM       1    100.00      0.00      0.00      0.00      0.00      0.00
01:38:16 PM       1    100.00      0.00      0.00      0.00      0.00      0.00
01:38:17 PM       1    100.00      0.00      0.00      0.00      0.00      0.00
01:38:18 PM       1    100.00      0.00      0.00      0.00      0.00      0.00
01:38:19 PM       1    100.00      0.00      0.00      0.00      0.00      0.00
01:38:20 PM       1    100.00      0.00      0.00      0.00      0.00      0.00
01:38:21 PM       1    100.00      0.00      0.00      0.00      0.00      0.00
01:38:22 PM       1    100.00      0.00      0.00      0.00      0.00      0.00
01:38:23 PM       1    100.00      0.00      0.00      0.00      0.00      0.00
01:38:24 PM       1    100.00      0.00      0.00      0.00      0.00      0.00
01:38:25 PM       1    100.00      0.00      0.00      0.00      0.00      0.00
01:38:26 PM       1    100.00      0.00      0.00      0.00      0.00      0.00
01:38:27 PM       1    100.00      0.00      0.00      0.00      0.00      0.00
01:38:28 PM       1    100.00      0.00      0.00      0.00      0.00      0.00
01:38:29 PM       1    100.00      0.00      0.00      0.00      0.00      0.00
01:38:30 PM       1    100.00      0.00      0.00      0.00      0.00      0.00
Average:          1    100.00      0.00      0.00      0.00      0.00      0.00
