Linux 3.14.33-regular (node220-2) 	01/05/2017 	_x86_64_	(8 CPU)

01:30:29 PM     CPU     %user     %nice   %system   %iowait    %steal     %idle
01:30:30 PM       1    100.00      0.00      0.00      0.00      0.00      0.00
01:30:31 PM       1    100.00      0.00      0.00      0.00      0.00      0.00
01:30:32 PM       1    100.00      0.00      0.00      0.00      0.00      0.00
01:30:33 PM       1    100.00      0.00      0.00      0.00      0.00      0.00
01:30:34 PM       1    100.00      0.00      0.00      0.00      0.00      0.00
01:30:35 PM       1    100.00      0.00      0.00      0.00      0.00      0.00
01:30:36 PM       1    100.00      0.00      0.00      0.00      0.00      0.00
01:30:37 PM       1    100.00      0.00      0.00      0.00      0.00      0.00
01:30:38 PM       1    100.00      0.00      0.00      0.00      0.00      0.00
01:30:39 PM       1    100.00      0.00      0.00      0.00      0.00      0.00
01:30:40 PM       1    100.00      0.00      0.00      0.00      0.00      0.00
01:30:41 PM       1    100.00      0.00      0.00      0.00      0.00      0.00
01:30:42 PM       1    100.00      0.00      0.00      0.00      0.00      0.00
01:30:43 PM       1    100.00      0.00      0.00      0.00      0.00      0.00
01:30:44 PM       1    100.00      0.00      0.00      0.00      0.00      0.00
01:30:45 PM       1    100.00      0.00      0.00      0.00      0.00      0.00
01:30:46 PM       1    100.00      0.00      0.00      0.00      0.00      0.00
01:30:47 PM       1    100.00      0.00      0.00      0.00      0.00      0.00
01:30:48 PM       1    100.00      0.00      0.00      0.00      0.00      0.00
01:30:49 PM       1    100.00      0.00      0.00      0.00      0.00      0.00
Average:          1    100.00      0.00      0.00      0.00      0.00      0.00
