Linux 3.14.33-regular (node220-2) 	01/05/2017 	_x86_64_	(8 CPU)

12:07:42 PM     CPU     %user     %nice   %system   %iowait    %steal     %idle
12:07:43 PM       1    100.00      0.00      0.00      0.00      0.00      0.00
12:07:44 PM       1    100.00      0.00      0.00      0.00      0.00      0.00
12:07:45 PM       1    100.00      0.00      0.00      0.00      0.00      0.00
12:07:46 PM       1    100.00      0.00      0.00      0.00      0.00      0.00
12:07:47 PM       1    100.00      0.00      0.00      0.00      0.00      0.00
12:07:48 PM       1    100.00      0.00      0.00      0.00      0.00      0.00
12:07:49 PM       1    100.00      0.00      0.00      0.00      0.00      0.00
12:07:50 PM       1    100.00      0.00      0.00      0.00      0.00      0.00
12:07:51 PM       1    100.00      0.00      0.00      0.00      0.00      0.00
12:07:52 PM       1    100.00      0.00      0.00      0.00      0.00      0.00
12:07:53 PM       1    100.00      0.00      0.00      0.00      0.00      0.00
12:07:54 PM       1    100.00      0.00      0.00      0.00      0.00      0.00
12:07:55 PM       1    100.00      0.00      0.00      0.00      0.00      0.00
12:07:56 PM       1    100.00      0.00      0.00      0.00      0.00      0.00
12:07:57 PM       1    100.00      0.00      0.00      0.00      0.00      0.00
12:07:58 PM       1    100.00      0.00      0.00      0.00      0.00      0.00
12:07:59 PM       1    100.00      0.00      0.00      0.00      0.00      0.00
12:08:00 PM       1    100.00      0.00      0.00      0.00      0.00      0.00
12:08:01 PM       1    100.00      0.00      0.00      0.00      0.00      0.00
12:08:02 PM       1    100.00      0.00      0.00      0.00      0.00      0.00
Average:          1    100.00      0.00      0.00      0.00      0.00      0.00
