Linux 3.14.33-regular (node220-2) 	01/05/2017 	_x86_64_	(8 CPU)

01:18:56 PM     CPU     %user     %nice   %system   %iowait    %steal     %idle
01:18:57 PM       1    100.00      0.00      0.00      0.00      0.00      0.00
01:18:58 PM       1    100.00      0.00      0.00      0.00      0.00      0.00
01:18:59 PM       1    100.00      0.00      0.00      0.00      0.00      0.00
01:19:00 PM       1    100.00      0.00      0.00      0.00      0.00      0.00
01:19:01 PM       1    100.00      0.00      0.00      0.00      0.00      0.00
01:19:02 PM       1    100.00      0.00      0.00      0.00      0.00      0.00
01:19:03 PM       1    100.00      0.00      0.00      0.00      0.00      0.00
01:19:04 PM       1    100.00      0.00      0.00      0.00      0.00      0.00
01:19:05 PM       1    100.00      0.00      0.00      0.00      0.00      0.00
01:19:06 PM       1    100.00      0.00      0.00      0.00      0.00      0.00
01:19:07 PM       1    100.00      0.00      0.00      0.00      0.00      0.00
01:19:08 PM       1    100.00      0.00      0.00      0.00      0.00      0.00
01:19:09 PM       1    100.00      0.00      0.00      0.00      0.00      0.00
01:19:10 PM       1    100.00      0.00      0.00      0.00      0.00      0.00
01:19:11 PM       1    100.00      0.00      0.00      0.00      0.00      0.00
01:19:12 PM       1    100.00      0.00      0.00      0.00      0.00      0.00
01:19:13 PM       1    100.00      0.00      0.00      0.00      0.00      0.00
01:19:14 PM       1    100.00      0.00      0.00      0.00      0.00      0.00
01:19:15 PM       1    100.00      0.00      0.00      0.00      0.00      0.00
01:19:16 PM       1    100.00      0.00      0.00      0.00      0.00      0.00
Average:          1    100.00      0.00      0.00      0.00      0.00      0.00
