Linux 3.14.33-regular (node220-2) 	01/05/2017 	_x86_64_	(8 CPU)

01:04:51 PM     CPU     %user     %nice   %system   %iowait    %steal     %idle
01:04:52 PM       1    100.00      0.00      0.00      0.00      0.00      0.00
01:04:53 PM       1    100.00      0.00      0.00      0.00      0.00      0.00
01:04:54 PM       1    100.00      0.00      0.00      0.00      0.00      0.00
01:04:55 PM       1    100.00      0.00      0.00      0.00      0.00      0.00
01:04:56 PM       1    100.00      0.00      0.00      0.00      0.00      0.00
01:04:57 PM       1    100.00      0.00      0.00      0.00      0.00      0.00
01:04:58 PM       1    100.00      0.00      0.00      0.00      0.00      0.00
01:04:59 PM       1    100.00      0.00      0.00      0.00      0.00      0.00
01:05:00 PM       1    100.00      0.00      0.00      0.00      0.00      0.00
01:05:01 PM       1    100.00      0.00      0.00      0.00      0.00      0.00
01:05:02 PM       1    100.00      0.00      0.00      0.00      0.00      0.00
01:05:03 PM       1    100.00      0.00      0.00      0.00      0.00      0.00
01:05:04 PM       1    100.00      0.00      0.00      0.00      0.00      0.00
01:05:05 PM       1    100.00      0.00      0.00      0.00      0.00      0.00
01:05:06 PM       1    100.00      0.00      0.00      0.00      0.00      0.00
01:05:07 PM       1    100.00      0.00      0.00      0.00      0.00      0.00
01:05:08 PM       1    100.00      0.00      0.00      0.00      0.00      0.00
01:05:09 PM       1    100.00      0.00      0.00      0.00      0.00      0.00
01:05:10 PM       1    100.00      0.00      0.00      0.00      0.00      0.00
01:05:11 PM       1    100.00      0.00      0.00      0.00      0.00      0.00
Average:          1    100.00      0.00      0.00      0.00      0.00      0.00
