Linux 3.14.33-regular (node220-2) 	01/05/2017 	_x86_64_	(8 CPU)

11:42:42 AM     CPU     %user     %nice   %system   %iowait    %steal     %idle
11:42:43 AM       1    100.00      0.00      0.00      0.00      0.00      0.00
11:42:44 AM       1    100.00      0.00      0.00      0.00      0.00      0.00
11:42:45 AM       1    100.00      0.00      0.00      0.00      0.00      0.00
11:42:46 AM       1    100.00      0.00      0.00      0.00      0.00      0.00
11:42:47 AM       1    100.00      0.00      0.00      0.00      0.00      0.00
11:42:48 AM       1    100.00      0.00      0.00      0.00      0.00      0.00
11:42:49 AM       1    100.00      0.00      0.00      0.00      0.00      0.00
11:42:50 AM       1    100.00      0.00      0.00      0.00      0.00      0.00
11:42:51 AM       1    100.00      0.00      0.00      0.00      0.00      0.00
11:42:52 AM       1    100.00      0.00      0.00      0.00      0.00      0.00
11:42:53 AM       1    100.00      0.00      0.00      0.00      0.00      0.00
11:42:54 AM       1    100.00      0.00      0.00      0.00      0.00      0.00
11:42:55 AM       1    100.00      0.00      0.00      0.00      0.00      0.00
11:42:56 AM       1    100.00      0.00      0.00      0.00      0.00      0.00
11:42:57 AM       1    100.00      0.00      0.00      0.00      0.00      0.00
11:42:58 AM       1    100.00      0.00      0.00      0.00      0.00      0.00
11:42:59 AM       1    100.00      0.00      0.00      0.00      0.00      0.00
11:43:00 AM       1    100.00      0.00      0.00      0.00      0.00      0.00
11:43:01 AM       1    100.00      0.00      0.00      0.00      0.00      0.00
11:43:02 AM       1    100.00      0.00      0.00      0.00      0.00      0.00
Average:          1    100.00      0.00      0.00      0.00      0.00      0.00
