Linux 3.14.33-regular (node220-2) 	01/05/2017 	_x86_64_	(8 CPU)

01:51:08 PM     CPU     %user     %nice   %system   %iowait    %steal     %idle
01:51:09 PM       1    100.00      0.00      0.00      0.00      0.00      0.00
01:51:10 PM       1    100.00      0.00      0.00      0.00      0.00      0.00
01:51:11 PM       1    100.00      0.00      0.00      0.00      0.00      0.00
01:51:12 PM       1    100.00      0.00      0.00      0.00      0.00      0.00
01:51:13 PM       1    100.00      0.00      0.00      0.00      0.00      0.00
01:51:14 PM       1    100.00      0.00      0.00      0.00      0.00      0.00
01:51:15 PM       1    100.00      0.00      0.00      0.00      0.00      0.00
01:51:16 PM       1    100.00      0.00      0.00      0.00      0.00      0.00
01:51:17 PM       1    100.00      0.00      0.00      0.00      0.00      0.00
01:51:18 PM       1    100.00      0.00      0.00      0.00      0.00      0.00
01:51:19 PM       1    100.00      0.00      0.00      0.00      0.00      0.00
01:51:20 PM       1    100.00      0.00      0.00      0.00      0.00      0.00
01:51:21 PM       1    100.00      0.00      0.00      0.00      0.00      0.00
01:51:22 PM       1    100.00      0.00      0.00      0.00      0.00      0.00
01:51:23 PM       1    100.00      0.00      0.00      0.00      0.00      0.00
01:51:24 PM       1    100.00      0.00      0.00      0.00      0.00      0.00
01:51:25 PM       1    100.00      0.00      0.00      0.00      0.00      0.00
01:51:26 PM       1    100.00      0.00      0.00      0.00      0.00      0.00
01:51:27 PM       1    100.00      0.00      0.00      0.00      0.00      0.00
01:51:28 PM       1    100.00      0.00      0.00      0.00      0.00      0.00
Average:          1    100.00      0.00      0.00      0.00      0.00      0.00
