Linux 3.14.33-regular (node220-2) 	01/04/2017 	_x86_64_	(8 CPU)

06:25:30 PM     CPU     %user     %nice   %system   %iowait    %steal     %idle
06:25:31 PM       1     60.00      0.00     40.00      0.00      0.00      0.00
06:25:32 PM       1     56.00      0.00     44.00      0.00      0.00      0.00
06:25:33 PM       1     58.00      0.00     42.00      0.00      0.00      0.00
06:25:34 PM       1     57.00      0.00     43.00      0.00      0.00      0.00
06:25:35 PM       1     56.00      0.00     44.00      0.00      0.00      0.00
06:25:36 PM       1     60.00      0.00     40.00      0.00      0.00      0.00
06:25:37 PM       1     60.00      0.00     40.00      0.00      0.00      0.00
06:25:38 PM       1     56.00      0.00     44.00      0.00      0.00      0.00
06:25:39 PM       1     58.00      0.00     42.00      0.00      0.00      0.00
06:25:40 PM       1     56.00      0.00     44.00      0.00      0.00      0.00
06:25:41 PM       1     57.00      0.00     43.00      0.00      0.00      0.00
06:25:42 PM       1     58.00      0.00     42.00      0.00      0.00      0.00
06:25:43 PM       1     57.00      0.00     43.00      0.00      0.00      0.00
06:25:44 PM       1     57.00      0.00     43.00      0.00      0.00      0.00
06:25:45 PM       1     57.00      0.00     43.00      0.00      0.00      0.00
06:25:46 PM       1     58.00      0.00     42.00      0.00      0.00      0.00
06:25:47 PM       1     57.00      0.00     43.00      0.00      0.00      0.00
06:25:48 PM       1     57.00      0.00     43.00      0.00      0.00      0.00
06:25:49 PM       1     59.00      0.00     41.00      0.00      0.00      0.00
06:25:50 PM       1     58.00      0.00     42.00      0.00      0.00      0.00
Average:          1     57.60      0.00     42.40      0.00      0.00      0.00
