Linux 3.14.33-regular (node220-2) 	01/04/2017 	_x86_64_	(8 CPU)

06:19:44 PM     CPU     %user     %nice   %system   %iowait    %steal     %idle
06:19:45 PM       1     57.43      0.00     42.57      0.00      0.00      0.00
06:19:46 PM       1     56.57      0.00     43.43      0.00      0.00      0.00
06:19:47 PM       1     58.00      0.00     42.00      0.00      0.00      0.00
06:19:48 PM       1     58.00      0.00     42.00      0.00      0.00      0.00
06:19:49 PM       1     60.00      0.00     40.00      0.00      0.00      0.00
06:19:50 PM       1     55.45      0.00     44.55      0.00      0.00      0.00
06:19:51 PM       1     59.60      0.00     40.40      0.00      0.00      0.00
06:19:52 PM       1     58.00      0.00     42.00      0.00      0.00      0.00
06:19:53 PM       1     59.00      0.00     41.00      0.00      0.00      0.00
06:19:54 PM       1     59.00      0.00     41.00      0.00      0.00      0.00
06:19:55 PM       1     58.42      0.00     41.58      0.00      0.00      0.00
06:19:56 PM       1     57.58      0.00     42.42      0.00      0.00      0.00
06:19:57 PM       1     56.00      0.00     44.00      0.00      0.00      0.00
06:19:58 PM       1     57.00      0.00     43.00      0.00      0.00      0.00
06:19:59 PM       1     57.43      0.00     42.57      0.00      0.00      0.00
06:20:00 PM       1     57.58      0.00     42.42      0.00      0.00      0.00
06:20:01 PM       1     58.42      0.00     41.58      0.00      0.00      0.00
06:20:02 PM       1     58.59      0.00     41.41      0.00      0.00      0.00
06:20:03 PM       1     56.00      0.00     44.00      0.00      0.00      0.00
06:20:04 PM       1     61.00      0.00     39.00      0.00      0.00      0.00
Average:          1     57.95      0.00     42.05      0.00      0.00      0.00
