Linux 3.14.33-regular (node220-2) 	01/04/2017 	_x86_64_	(8 CPU)

06:21:00 PM     CPU     %user     %nice   %system   %iowait    %steal     %idle
06:21:01 PM       1     60.00      0.00     40.00      0.00      0.00      0.00
06:21:02 PM       1     55.00      0.00     45.00      0.00      0.00      0.00
06:21:03 PM       1     58.42      0.00     41.58      0.00      0.00      0.00
06:21:04 PM       1     58.00      0.00     42.00      0.00      0.00      0.00
06:21:05 PM       1     61.00      0.00     39.00      0.00      0.00      0.00
06:21:06 PM       1     58.00      0.00     42.00      0.00      0.00      0.00
06:21:07 PM       1     56.57      0.00     43.43      0.00      0.00      0.00
06:21:08 PM       1     58.00      0.00     42.00      0.00      0.00      0.00
06:21:09 PM       1     58.00      0.00     42.00      0.00      0.00      0.00
06:21:10 PM       1     58.00      0.00     42.00      0.00      0.00      0.00
06:21:11 PM       1     58.00      0.00     42.00      0.00      0.00      0.00
06:21:12 PM       1     55.45      0.00     44.55      0.00      0.00      0.00
06:21:13 PM       1     56.57      0.00     43.43      0.00      0.00      0.00
06:21:14 PM       1     56.44      0.00     43.56      0.00      0.00      0.00
06:21:15 PM       1     57.00      0.00     43.00      0.00      0.00      0.00
06:21:16 PM       1     56.57      0.00     43.43      0.00      0.00      0.00
06:21:17 PM       1     56.44      0.00     43.56      0.00      0.00      0.00
06:21:18 PM       1     58.00      0.00     42.00      0.00      0.00      0.00
06:21:19 PM       1     58.00      0.00     42.00      0.00      0.00      0.00
06:21:20 PM       1     59.60      0.00     40.40      0.00      0.00      0.00
Average:          1     57.65      0.00     42.35      0.00      0.00      0.00
