Linux 3.14.33-regular (node220-2) 	01/04/2017 	_x86_64_	(8 CPU)

05:07:19 PM     CPU     %user     %nice   %system   %iowait    %steal     %idle
05:07:20 PM       1     57.00      0.00     43.00      0.00      0.00      0.00
05:07:21 PM       1     58.00      0.00     42.00      0.00      0.00      0.00
05:07:22 PM       1     57.00      0.00     43.00      0.00      0.00      0.00
05:07:23 PM       1     58.00      0.00     42.00      0.00      0.00      0.00
05:07:24 PM       1     58.00      0.00     42.00      0.00      0.00      0.00
05:07:25 PM       1     58.00      0.00     42.00      0.00      0.00      0.00
05:07:26 PM       1     58.00      0.00     42.00      0.00      0.00      0.00
05:07:27 PM       1     58.00      0.00     42.00      0.00      0.00      0.00
05:07:28 PM       1     56.44      0.00     43.56      0.00      0.00      0.00
05:07:29 PM       1     55.56      0.00     44.44      0.00      0.00      0.00
05:07:30 PM       1     58.00      0.00     42.00      0.00      0.00      0.00
05:07:31 PM       1     57.43      0.00     42.57      0.00      0.00      0.00
05:07:32 PM       1     58.00      0.00     42.00      0.00      0.00      0.00
05:07:33 PM       1     58.00      0.00     42.00      0.00      0.00      0.00
05:07:34 PM       1     58.00      0.00     42.00      0.00      0.00      0.00
05:07:35 PM       1     58.00      0.00     42.00      0.00      0.00      0.00
05:07:36 PM       1     57.58      0.00     42.42      0.00      0.00      0.00
05:07:37 PM       1     57.00      0.00     43.00      0.00      0.00      0.00
05:07:38 PM       1     57.43      0.00     42.57      0.00      0.00      0.00
05:07:39 PM       1     58.59      0.00     41.41      0.00      0.00      0.00
Average:          1     57.60      0.00     42.40      0.00      0.00      0.00
