Linux 3.14.33-regular (node220-2) 	01/04/2017 	_x86_64_	(8 CPU)

04:59:37 PM     CPU     %user     %nice   %system   %iowait    %steal     %idle
04:59:38 PM       1     59.60      0.00     40.40      0.00      0.00      0.00
04:59:39 PM       1     57.43      0.00     42.57      0.00      0.00      0.00
04:59:40 PM       1     57.00      0.00     43.00      0.00      0.00      0.00
04:59:41 PM       1     57.00      0.00     43.00      0.00      0.00      0.00
04:59:42 PM       1     58.59      0.00     41.41      0.00      0.00      0.00
04:59:43 PM       1     58.42      0.00     41.58      0.00      0.00      0.00
04:59:44 PM       1     59.00      0.00     41.00      0.00      0.00      0.00
04:59:45 PM       1     60.00      0.00     40.00      0.00      0.00      0.00
04:59:46 PM       1     58.00      0.00     42.00      0.00      0.00      0.00
04:59:47 PM       1     58.00      0.00     42.00      0.00      0.00      0.00
04:59:48 PM       1     58.00      0.00     42.00      0.00      0.00      0.00
04:59:49 PM       1     59.00      0.00     41.00      0.00      0.00      0.00
04:59:50 PM       1     60.61      0.00     39.39      0.00      0.00      0.00
04:59:51 PM       1     57.43      0.00     42.57      0.00      0.00      0.00
04:59:52 PM       1     57.58      0.00     42.42      0.00      0.00      0.00
04:59:53 PM       1     57.00      0.00     43.00      0.00      0.00      0.00
04:59:54 PM       1     57.00      0.00     43.00      0.00      0.00      0.00
04:59:55 PM       1     58.00      0.00     42.00      0.00      0.00      0.00
04:59:56 PM       1     56.00      0.00     44.00      0.00      0.00      0.00
04:59:57 PM       1     58.00      0.00     42.00      0.00      0.00      0.00
Average:          1     58.08      0.00     41.92      0.00      0.00      0.00
