Linux 3.14.33-regular (node220-2) 	01/04/2017 	_x86_64_	(8 CPU)

04:47:25 PM     CPU     %user     %nice   %system   %iowait    %steal     %idle
04:47:26 PM       1     60.00      0.00     40.00      0.00      0.00      0.00
04:47:27 PM       1     55.00      0.00     45.00      0.00      0.00      0.00
04:47:28 PM       1     58.00      0.00     42.00      0.00      0.00      0.00
04:47:29 PM       1     58.00      0.00     42.00      0.00      0.00      0.00
04:47:30 PM       1     58.42      0.00     41.58      0.00      0.00      0.00
04:47:31 PM       1     57.58      0.00     42.42      0.00      0.00      0.00
04:47:32 PM       1     58.00      0.00     42.00      0.00      0.00      0.00
04:47:33 PM       1     58.00      0.00     42.00      0.00      0.00      0.00
04:47:34 PM       1     59.00      0.00     41.00      0.00      0.00      0.00
04:47:35 PM       1     58.00      0.00     42.00      0.00      0.00      0.00
04:47:36 PM       1     58.00      0.00     42.00      0.00      0.00      0.00
04:47:37 PM       1     57.00      0.00     43.00      0.00      0.00      0.00
04:47:38 PM       1     57.43      0.00     42.57      0.00      0.00      0.00
04:47:39 PM       1     59.00      0.00     41.00      0.00      0.00      0.00
04:47:40 PM       1     57.00      0.00     43.00      0.00      0.00      0.00
04:47:41 PM       1     57.58      0.00     42.42      0.00      0.00      0.00
04:47:42 PM       1     56.00      0.00     44.00      0.00      0.00      0.00
04:47:43 PM       1     58.00      0.00     42.00      0.00      0.00      0.00
04:47:44 PM       1     58.00      0.00     42.00      0.00      0.00      0.00
04:47:45 PM       1     57.43      0.00     42.57      0.00      0.00      0.00
Average:          1     57.77      0.00     42.23      0.00      0.00      0.00
