Linux 3.14.33-regular (node220-2) 	01/04/2017 	_x86_64_	(8 CPU)

05:18:14 PM     CPU     %user     %nice   %system   %iowait    %steal     %idle
05:18:15 PM       1     58.00      0.00     42.00      0.00      0.00      0.00
05:18:16 PM       1     57.00      0.00     43.00      0.00      0.00      0.00
05:18:17 PM       1     58.00      0.00     42.00      0.00      0.00      0.00
05:18:18 PM       1     57.00      0.00     43.00      0.00      0.00      0.00
05:18:19 PM       1     57.00      0.00     43.00      0.00      0.00      0.00
05:18:20 PM       1     58.00      0.00     42.00      0.00      0.00      0.00
05:18:21 PM       1     56.00      0.00     44.00      0.00      0.00      0.00
05:18:22 PM       1     58.00      0.00     42.00      0.00      0.00      0.00
05:18:23 PM       1     59.00      0.00     41.00      0.00      0.00      0.00
05:18:24 PM       1     58.00      0.00     42.00      0.00      0.00      0.00
05:18:25 PM       1     58.00      0.00     42.00      0.00      0.00      0.00
05:18:26 PM       1     58.00      0.00     42.00      0.00      0.00      0.00
05:18:27 PM       1     58.00      0.00     42.00      0.00      0.00      0.00
05:18:28 PM       1     57.00      0.00     43.00      0.00      0.00      0.00
05:18:29 PM       1     59.00      0.00     41.00      0.00      0.00      0.00
05:18:30 PM       1     58.00      0.00     42.00      0.00      0.00      0.00
05:18:31 PM       1     58.00      0.00     42.00      0.00      0.00      0.00
05:18:32 PM       1     57.00      0.00     43.00      0.00      0.00      0.00
05:18:33 PM       1     59.00      0.00     41.00      0.00      0.00      0.00
05:18:34 PM       1     56.00      0.00     44.00      0.00      0.00      0.00
Average:          1     57.70      0.00     42.30      0.00      0.00      0.00
