Linux 3.14.33-regular (node220-2) 	01/04/2017 	_x86_64_	(8 CPU)

05:23:21 PM     CPU     %user     %nice   %system   %iowait    %steal     %idle
05:23:22 PM       1     58.00      0.00     42.00      0.00      0.00      0.00
05:23:23 PM       1     55.00      0.00     45.00      0.00      0.00      0.00
05:23:24 PM       1     57.00      0.00     43.00      0.00      0.00      0.00
05:23:25 PM       1     58.00      0.00     42.00      0.00      0.00      0.00
05:23:26 PM       1     54.00      0.00     46.00      0.00      0.00      0.00
05:23:27 PM       1     58.00      0.00     42.00      0.00      0.00      0.00
05:23:28 PM       1     57.58      0.00     42.42      0.00      0.00      0.00
05:23:29 PM       1     58.42      0.00     41.58      0.00      0.00      0.00
05:23:30 PM       1     59.60      0.00     40.40      0.00      0.00      0.00
05:23:31 PM       1     58.00      0.00     42.00      0.00      0.00      0.00
05:23:32 PM       1     58.42      0.00     41.58      0.00      0.00      0.00
05:23:33 PM       1     57.58      0.00     42.42      0.00      0.00      0.00
05:23:34 PM       1     60.00      0.00     40.00      0.00      0.00      0.00
05:23:35 PM       1     56.44      0.00     43.56      0.00      0.00      0.00
05:23:36 PM       1     59.00      0.00     41.00      0.00      0.00      0.00
05:23:37 PM       1     57.00      0.00     43.00      0.00      0.00      0.00
05:23:38 PM       1     58.00      0.00     42.00      0.00      0.00      0.00
05:23:39 PM       1     59.60      0.00     40.40      0.00      0.00      0.00
05:23:40 PM       1     57.43      0.00     42.57      0.00      0.00      0.00
05:23:41 PM       1     58.00      0.00     42.00      0.00      0.00      0.00
Average:          1     57.75      0.00     42.25      0.00      0.00      0.00
