Linux 3.14.33-regular (node220-2) 	01/04/2017 	_x86_64_	(8 CPU)

04:25:39 PM     CPU     %user     %nice   %system   %iowait    %steal     %idle
04:25:40 PM       1     58.00      0.00     42.00      0.00      0.00      0.00
04:25:41 PM       1     58.00      0.00     42.00      0.00      0.00      0.00
04:25:42 PM       1     58.00      0.00     42.00      0.00      0.00      0.00
04:25:43 PM       1     57.58      0.00     42.42      0.00      0.00      0.00
04:25:44 PM       1     58.00      0.00     42.00      0.00      0.00      0.00
04:25:45 PM       1     57.43      0.00     42.57      0.00      0.00      0.00
04:25:46 PM       1     58.00      0.00     42.00      0.00      0.00      0.00
04:25:47 PM       1     56.57      0.00     43.43      0.00      0.00      0.00
04:25:48 PM       1     58.00      0.00     42.00      0.00      0.00      0.00
04:25:49 PM       1     59.00      0.00     41.00      0.00      0.00      0.00
04:25:50 PM       1     58.00      0.00     42.00      0.00      0.00      0.00
04:25:51 PM       1     57.00      0.00     43.00      0.00      0.00      0.00
04:25:52 PM       1     56.44      0.00     43.56      0.00      0.00      0.00
04:25:53 PM       1     57.58      0.00     42.42      0.00      0.00      0.00
04:25:54 PM       1     56.44      0.00     43.56      0.00      0.00      0.00
04:25:55 PM       1     58.00      0.00     42.00      0.00      0.00      0.00
04:25:56 PM       1     57.00      0.00     43.00      0.00      0.00      0.00
04:25:57 PM       1     56.00      0.00     44.00      0.00      0.00      0.00
04:25:58 PM       1     56.00      0.00     44.00      0.00      0.00      0.00
04:25:59 PM       1     58.59      0.00     41.41      0.00      0.00      0.00
Average:          1     57.48      0.00     42.52      0.00      0.00      0.00
