Linux 3.14.33-regular (node220-2) 	01/04/2017 	_x86_64_	(8 CPU)

05:11:10 PM     CPU     %user     %nice   %system   %iowait    %steal     %idle
05:11:11 PM       1     58.00      0.00     42.00      0.00      0.00      0.00
05:11:12 PM       1     55.00      0.00     45.00      0.00      0.00      0.00
05:11:13 PM       1     56.44      0.00     43.56      0.00      0.00      0.00
05:11:14 PM       1     58.59      0.00     41.41      0.00      0.00      0.00
05:11:15 PM       1     59.41      0.00     40.59      0.00      0.00      0.00
05:11:16 PM       1     57.58      0.00     42.42      0.00      0.00      0.00
05:11:17 PM       1     58.00      0.00     42.00      0.00      0.00      0.00
05:11:18 PM       1     56.44      0.00     43.56      0.00      0.00      0.00
05:11:19 PM       1     58.59      0.00     41.41      0.00      0.00      0.00
05:11:20 PM       1     57.00      0.00     43.00      0.00      0.00      0.00
05:11:21 PM       1     58.42      0.00     41.58      0.00      0.00      0.00
05:11:22 PM       1     56.57      0.00     43.43      0.00      0.00      0.00
05:11:23 PM       1     57.00      0.00     43.00      0.00      0.00      0.00
05:11:24 PM       1     56.00      0.00     44.00      0.00      0.00      0.00
05:11:25 PM       1     57.00      0.00     43.00      0.00      0.00      0.00
05:11:26 PM       1     58.00      0.00     42.00      0.00      0.00      0.00
05:11:27 PM       1     58.00      0.00     42.00      0.00      0.00      0.00
05:11:28 PM       1     57.00      0.00     43.00      0.00      0.00      0.00
05:11:29 PM       1     57.00      0.00     43.00      0.00      0.00      0.00
05:11:30 PM       1     56.57      0.00     43.43      0.00      0.00      0.00
Average:          1     57.33      0.00     42.67      0.00      0.00      0.00
