Linux 3.14.33-regular (node220-2) 	01/04/2017 	_x86_64_	(8 CPU)

05:44:28 PM     CPU     %user     %nice   %system   %iowait    %steal     %idle
05:44:29 PM       1     59.00      0.00     41.00      0.00      0.00      0.00
05:44:30 PM       1     59.00      0.00     41.00      0.00      0.00      0.00
05:44:31 PM       1     57.00      0.00     43.00      0.00      0.00      0.00
05:44:32 PM       1     55.00      0.00     45.00      0.00      0.00      0.00
05:44:33 PM       1     59.00      0.00     41.00      0.00      0.00      0.00
05:44:34 PM       1     57.00      0.00     43.00      0.00      0.00      0.00
05:44:35 PM       1     57.00      0.00     43.00      0.00      0.00      0.00
05:44:36 PM       1     57.00      0.00     43.00      0.00      0.00      0.00
05:44:37 PM       1     57.00      0.00     43.00      0.00      0.00      0.00
05:44:38 PM       1     57.00      0.00     43.00      0.00      0.00      0.00
05:44:39 PM       1     59.00      0.00     41.00      0.00      0.00      0.00
05:44:40 PM       1     58.00      0.00     42.00      0.00      0.00      0.00
05:44:41 PM       1     57.00      0.00     43.00      0.00      0.00      0.00
05:44:42 PM       1     59.00      0.00     41.00      0.00      0.00      0.00
05:44:43 PM       1     56.00      0.00     44.00      0.00      0.00      0.00
05:44:44 PM       1     58.00      0.00     42.00      0.00      0.00      0.00
05:44:45 PM       1     58.00      0.00     42.00      0.00      0.00      0.00
05:44:46 PM       1     58.00      0.00     42.00      0.00      0.00      0.00
05:44:47 PM       1     56.00      0.00     44.00      0.00      0.00      0.00
05:44:48 PM       1     57.00      0.00     43.00      0.00      0.00      0.00
Average:          1     57.50      0.00     42.50      0.00      0.00      0.00
