Linux 3.14.33-regular (node220-2) 	01/04/2017 	_x86_64_	(8 CPU)

05:05:24 PM     CPU     %user     %nice   %system   %iowait    %steal     %idle
05:05:25 PM       1     61.00      0.00     39.00      0.00      0.00      0.00
05:05:26 PM       1     56.00      0.00     44.00      0.00      0.00      0.00
05:05:27 PM       1     59.00      0.00     41.00      0.00      0.00      0.00
05:05:28 PM       1     56.00      0.00     44.00      0.00      0.00      0.00
05:05:29 PM       1     58.00      0.00     42.00      0.00      0.00      0.00
05:05:30 PM       1     57.00      0.00     43.00      0.00      0.00      0.00
05:05:31 PM       1     57.00      0.00     43.00      0.00      0.00      0.00
05:05:32 PM       1     59.00      0.00     41.00      0.00      0.00      0.00
05:05:33 PM       1     59.00      0.00     41.00      0.00      0.00      0.00
05:05:34 PM       1     59.00      0.00     41.00      0.00      0.00      0.00
05:05:35 PM       1     55.00      0.00     45.00      0.00      0.00      0.00
05:05:36 PM       1     58.00      0.00     42.00      0.00      0.00      0.00
05:05:37 PM       1     59.00      0.00     41.00      0.00      0.00      0.00
05:05:38 PM       1     59.00      0.00     41.00      0.00      0.00      0.00
05:05:39 PM       1     58.00      0.00     42.00      0.00      0.00      0.00
05:05:40 PM       1     58.00      0.00     42.00      0.00      0.00      0.00
05:05:41 PM       1     57.00      0.00     43.00      0.00      0.00      0.00
05:05:42 PM       1     57.00      0.00     43.00      0.00      0.00      0.00
05:05:43 PM       1     57.00      0.00     43.00      0.00      0.00      0.00
05:05:44 PM       1     60.00      0.00     40.00      0.00      0.00      0.00
Average:          1     57.95      0.00     42.05      0.00      0.00      0.00
