Linux 3.14.33-regular (node220-2) 	01/04/2017 	_x86_64_	(8 CPU)

04:32:43 PM     CPU     %user     %nice   %system   %iowait    %steal     %idle
04:32:44 PM       1     58.00      0.00     42.00      0.00      0.00      0.00
04:32:45 PM       1     59.00      0.00     41.00      0.00      0.00      0.00
04:32:46 PM       1     57.00      0.00     43.00      0.00      0.00      0.00
04:32:47 PM       1     58.00      0.00     42.00      0.00      0.00      0.00
04:32:48 PM       1     56.00      0.00     44.00      0.00      0.00      0.00
04:32:49 PM       1     57.00      0.00     43.00      0.00      0.00      0.00
04:32:50 PM       1     55.00      0.00     45.00      0.00      0.00      0.00
04:32:51 PM       1     57.00      0.00     43.00      0.00      0.00      0.00
04:32:52 PM       1     57.00      0.00     43.00      0.00      0.00      0.00
04:32:53 PM       1     57.00      0.00     43.00      0.00      0.00      0.00
04:32:54 PM       1     58.00      0.00     42.00      0.00      0.00      0.00
04:32:55 PM       1     57.00      0.00     43.00      0.00      0.00      0.00
04:32:56 PM       1     58.00      0.00     42.00      0.00      0.00      0.00
04:32:57 PM       1     57.00      0.00     43.00      0.00      0.00      0.00
04:32:58 PM       1     56.00      0.00     44.00      0.00      0.00      0.00
04:32:59 PM       1     58.00      0.00     42.00      0.00      0.00      0.00
04:33:00 PM       1     62.00      0.00     38.00      0.00      0.00      0.00
04:33:01 PM       1     57.00      0.00     43.00      0.00      0.00      0.00
04:33:02 PM       1     58.00      0.00     42.00      0.00      0.00      0.00
04:33:03 PM       1     59.00      0.00     41.00      0.00      0.00      0.00
Average:          1     57.55      0.00     42.45      0.00      0.00      0.00
