Linux 3.14.33-regular (node220-2) 	01/04/2017 	_x86_64_	(8 CPU)

05:51:29 PM     CPU     %user     %nice   %system   %iowait    %steal     %idle
05:51:30 PM       1     56.44      0.00     43.56      0.00      0.00      0.00
05:51:31 PM       1     58.00      0.00     42.00      0.00      0.00      0.00
05:51:32 PM       1     57.58      0.00     42.42      0.00      0.00      0.00
05:51:33 PM       1     62.00      0.00     38.00      0.00      0.00      0.00
05:51:34 PM       1     56.00      0.00     44.00      0.00      0.00      0.00
05:51:35 PM       1     57.43      0.00     42.57      0.00      0.00      0.00
05:51:36 PM       1     57.58      0.00     42.42      0.00      0.00      0.00
05:51:37 PM       1     59.00      0.00     41.00      0.00      0.00      0.00
05:51:38 PM       1     58.00      0.00     42.00      0.00      0.00      0.00
05:51:39 PM       1     56.44      0.00     43.56      0.00      0.00      0.00
05:51:40 PM       1     59.00      0.00     41.00      0.00      0.00      0.00
05:51:41 PM       1     60.00      0.00     40.00      0.00      0.00      0.00
05:51:42 PM       1     58.00      0.00     42.00      0.00      0.00      0.00
05:51:43 PM       1     58.59      0.00     41.41      0.00      0.00      0.00
05:51:44 PM       1     57.43      0.00     42.57      0.00      0.00      0.00
05:51:45 PM       1     57.58      0.00     42.42      0.00      0.00      0.00
05:51:46 PM       1     58.00      0.00     42.00      0.00      0.00      0.00
05:51:47 PM       1     56.44      0.00     43.56      0.00      0.00      0.00
05:51:48 PM       1     58.00      0.00     42.00      0.00      0.00      0.00
05:51:49 PM       1     56.57      0.00     43.43      0.00      0.00      0.00
Average:          1     57.90      0.00     42.10      0.00      0.00      0.00
