Linux 3.14.33-regular (node220-2) 	01/04/2017 	_x86_64_	(8 CPU)

04:26:56 PM     CPU     %user     %nice   %system   %iowait    %steal     %idle
04:26:57 PM       1     58.00      0.00     42.00      0.00      0.00      0.00
04:26:58 PM       1     59.00      0.00     41.00      0.00      0.00      0.00
04:26:59 PM       1     55.45      0.00     44.55      0.00      0.00      0.00
04:27:00 PM       1     56.00      0.00     44.00      0.00      0.00      0.00
04:27:01 PM       1     56.57      0.00     43.43      0.00      0.00      0.00
04:27:02 PM       1     58.42      0.00     41.58      0.00      0.00      0.00
04:27:03 PM       1     57.00      0.00     43.00      0.00      0.00      0.00
04:27:04 PM       1     57.00      0.00     43.00      0.00      0.00      0.00
04:27:05 PM       1     55.00      0.00     45.00      0.00      0.00      0.00
04:27:06 PM       1     58.00      0.00     42.00      0.00      0.00      0.00
04:27:07 PM       1     57.58      0.00     42.42      0.00      0.00      0.00
04:27:08 PM       1     58.42      0.00     41.58      0.00      0.00      0.00
04:27:09 PM       1     57.58      0.00     42.42      0.00      0.00      0.00
04:27:10 PM       1     56.44      0.00     43.56      0.00      0.00      0.00
04:27:11 PM       1     61.62      0.00     38.38      0.00      0.00      0.00
04:27:12 PM       1     57.00      0.00     43.00      0.00      0.00      0.00
04:27:13 PM       1     61.00      0.00     39.00      0.00      0.00      0.00
04:27:14 PM       1     55.45      0.00     44.55      0.00      0.00      0.00
04:27:15 PM       1     58.59      0.00     41.41      0.00      0.00      0.00
04:27:16 PM       1     56.44      0.00     43.56      0.00      0.00      0.00
Average:          1     57.52      0.00     42.48      0.00      0.00      0.00
