Linux 3.14.33-regular (node220-2) 	01/04/2017 	_x86_64_	(8 CPU)

05:59:49 PM     CPU     %user     %nice   %system   %iowait    %steal     %idle
05:59:50 PM       1     56.57      0.00     43.43      0.00      0.00      0.00
05:59:51 PM       1     59.41      0.00     40.59      0.00      0.00      0.00
05:59:52 PM       1     59.00      0.00     41.00      0.00      0.00      0.00
05:59:53 PM       1     58.59      0.00     41.41      0.00      0.00      0.00
05:59:54 PM       1     59.41      0.00     40.59      0.00      0.00      0.00
05:59:55 PM       1     59.60      0.00     40.40      0.00      0.00      0.00
05:59:56 PM       1     59.41      0.00     40.59      0.00      0.00      0.00
05:59:57 PM       1     57.58      0.00     42.42      0.00      0.00      0.00
05:59:58 PM       1     58.42      0.00     41.58      0.00      0.00      0.00
05:59:59 PM       1     57.00      0.00     43.00      0.00      0.00      0.00
06:00:00 PM       1     56.00      0.00     44.00      0.00      0.00      0.00
06:00:01 PM       1     54.00      0.00     46.00      0.00      0.00      0.00
06:00:02 PM       1     56.57      0.00     43.43      0.00      0.00      0.00
06:00:03 PM       1     57.43      0.00     42.57      0.00      0.00      0.00
06:00:04 PM       1     57.00      0.00     43.00      0.00      0.00      0.00
06:00:05 PM       1     57.00      0.00     43.00      0.00      0.00      0.00
06:00:06 PM       1     58.00      0.00     42.00      0.00      0.00      0.00
06:00:07 PM       1     57.00      0.00     43.00      0.00      0.00      0.00
06:00:08 PM       1     58.59      0.00     41.41      0.00      0.00      0.00
06:00:09 PM       1     59.00      0.00     41.00      0.00      0.00      0.00
Average:          1     57.78      0.00     42.22      0.00      0.00      0.00
