Linux 3.14.33-regular (node220-2) 	01/04/2017 	_x86_64_	(8 CPU)

06:22:55 PM     CPU     %user     %nice   %system   %iowait    %steal     %idle
06:22:56 PM       1     58.00      0.00     42.00      0.00      0.00      0.00
06:22:57 PM       1     57.58      0.00     42.42      0.00      0.00      0.00
06:22:58 PM       1     58.42      0.00     41.58      0.00      0.00      0.00
06:22:59 PM       1     59.60      0.00     40.40      0.00      0.00      0.00
06:23:00 PM       1     58.00      0.00     42.00      0.00      0.00      0.00
06:23:01 PM       1     58.00      0.00     42.00      0.00      0.00      0.00
06:23:02 PM       1     57.00      0.00     43.00      0.00      0.00      0.00
06:23:03 PM       1     57.00      0.00     43.00      0.00      0.00      0.00
06:23:04 PM       1     58.42      0.00     41.58      0.00      0.00      0.00
06:23:05 PM       1     58.59      0.00     41.41      0.00      0.00      0.00
06:23:06 PM       1     58.00      0.00     42.00      0.00      0.00      0.00
06:23:07 PM       1     58.00      0.00     42.00      0.00      0.00      0.00
06:23:08 PM       1     56.00      0.00     44.00      0.00      0.00      0.00
06:23:09 PM       1     57.00      0.00     43.00      0.00      0.00      0.00
06:23:10 PM       1     57.00      0.00     43.00      0.00      0.00      0.00
06:23:11 PM       1     57.43      0.00     42.57      0.00      0.00      0.00
06:23:12 PM       1     58.00      0.00     42.00      0.00      0.00      0.00
06:23:13 PM       1     56.57      0.00     43.43      0.00      0.00      0.00
06:23:14 PM       1     59.00      0.00     41.00      0.00      0.00      0.00
06:23:15 PM       1     57.00      0.00     43.00      0.00      0.00      0.00
Average:          1     57.73      0.00     42.27      0.00      0.00      0.00
