Linux 3.14.33-regular (node220-2) 	01/04/2017 	_x86_64_	(8 CPU)

05:54:42 PM     CPU     %user     %nice   %system   %iowait    %steal     %idle
05:54:43 PM       1     57.00      0.00     43.00      0.00      0.00      0.00
05:54:44 PM       1     59.00      0.00     41.00      0.00      0.00      0.00
05:54:45 PM       1     56.00      0.00     44.00      0.00      0.00      0.00
05:54:46 PM       1     57.00      0.00     43.00      0.00      0.00      0.00
05:54:47 PM       1     56.44      0.00     43.56      0.00      0.00      0.00
05:54:48 PM       1     57.58      0.00     42.42      0.00      0.00      0.00
05:54:49 PM       1     58.42      0.00     41.58      0.00      0.00      0.00
05:54:50 PM       1     56.00      0.00     44.00      0.00      0.00      0.00
05:54:51 PM       1     57.58      0.00     42.42      0.00      0.00      0.00
05:54:52 PM       1     56.00      0.00     44.00      0.00      0.00      0.00
05:54:53 PM       1     56.00      0.00     44.00      0.00      0.00      0.00
05:54:54 PM       1     58.00      0.00     42.00      0.00      0.00      0.00
05:54:55 PM       1     56.44      0.00     43.56      0.00      0.00      0.00
05:54:56 PM       1     57.58      0.00     42.42      0.00      0.00      0.00
05:54:57 PM       1     59.00      0.00     41.00      0.00      0.00      0.00
05:54:58 PM       1     57.00      0.00     43.00      0.00      0.00      0.00
05:54:59 PM       1     58.42      0.00     41.58      0.00      0.00      0.00
05:55:00 PM       1     57.58      0.00     42.42      0.00      0.00      0.00
05:55:01 PM       1     57.00      0.00     43.00      0.00      0.00      0.00
05:55:02 PM       1     58.00      0.00     42.00      0.00      0.00      0.00
Average:          1     57.30      0.00     42.70      0.00      0.00      0.00
