Linux 3.14.33-regular (node220-2) 	01/04/2017 	_x86_64_	(8 CPU)

04:43:35 PM     CPU     %user     %nice   %system   %iowait    %steal     %idle
04:43:36 PM       1     56.00      0.00     44.00      0.00      0.00      0.00
04:43:37 PM       1     56.44      0.00     43.56      0.00      0.00      0.00
04:43:38 PM       1     57.58      0.00     42.42      0.00      0.00      0.00
04:43:39 PM       1     58.42      0.00     41.58      0.00      0.00      0.00
04:43:40 PM       1     56.00      0.00     44.00      0.00      0.00      0.00
04:43:41 PM       1     56.57      0.00     43.43      0.00      0.00      0.00
04:43:42 PM       1     57.43      0.00     42.57      0.00      0.00      0.00
04:43:43 PM       1     59.60      0.00     40.40      0.00      0.00      0.00
04:43:44 PM       1     55.00      0.00     45.00      0.00      0.00      0.00
04:43:45 PM       1     57.00      0.00     43.00      0.00      0.00      0.00
04:43:46 PM       1     54.00      0.00     46.00      0.00      0.00      0.00
04:43:47 PM       1     57.43      0.00     42.57      0.00      0.00      0.00
04:43:48 PM       1     57.00      0.00     43.00      0.00      0.00      0.00
04:43:49 PM       1     56.57      0.00     43.43      0.00      0.00      0.00
04:43:50 PM       1     58.42      0.00     41.58      0.00      0.00      0.00
04:43:51 PM       1     57.58      0.00     42.42      0.00      0.00      0.00
04:43:52 PM       1     59.00      0.00     41.00      0.00      0.00      0.00
04:43:53 PM       1     58.00      0.00     42.00      0.00      0.00      0.00
04:43:54 PM       1     57.00      0.00     43.00      0.00      0.00      0.00
04:43:55 PM       1     58.42      0.00     41.58      0.00      0.00      0.00
Average:          1     57.17      0.00     42.83      0.00      0.00      0.00
