Linux 3.14.33-regular (node220-2) 	01/04/2017 	_x86_64_	(8 CPU)

05:47:39 PM     CPU     %user     %nice   %system   %iowait    %steal     %idle
05:47:40 PM       1     55.00      0.00     45.00      0.00      0.00      0.00
05:47:41 PM       1     58.00      0.00     42.00      0.00      0.00      0.00
05:47:42 PM       1     58.00      0.00     42.00      0.00      0.00      0.00
05:47:43 PM       1     56.00      0.00     44.00      0.00      0.00      0.00
05:47:44 PM       1     55.00      0.00     45.00      0.00      0.00      0.00
05:47:45 PM       1     60.00      0.00     40.00      0.00      0.00      0.00
05:47:46 PM       1     58.00      0.00     42.00      0.00      0.00      0.00
05:47:47 PM       1     56.00      0.00     44.00      0.00      0.00      0.00
05:47:48 PM       1     57.00      0.00     43.00      0.00      0.00      0.00
05:47:49 PM       1     57.00      0.00     43.00      0.00      0.00      0.00
05:47:50 PM       1     56.00      0.00     44.00      0.00      0.00      0.00
05:47:51 PM       1     57.00      0.00     43.00      0.00      0.00      0.00
05:47:52 PM       1     59.00      0.00     41.00      0.00      0.00      0.00
05:47:53 PM       1     57.00      0.00     43.00      0.00      0.00      0.00
05:47:54 PM       1     58.00      0.00     42.00      0.00      0.00      0.00
05:47:55 PM       1     58.00      0.00     42.00      0.00      0.00      0.00
05:47:56 PM       1     59.00      0.00     41.00      0.00      0.00      0.00
05:47:57 PM       1     56.00      0.00     44.00      0.00      0.00      0.00
05:47:58 PM       1     57.00      0.00     43.00      0.00      0.00      0.00
05:47:59 PM       1     55.00      0.00     45.00      0.00      0.00      0.00
Average:          1     57.10      0.00     42.90      0.00      0.00      0.00
