Linux 3.14.33-regular (node220-2) 	01/04/2017 	_x86_64_	(8 CPU)

06:23:34 PM     CPU     %user     %nice   %system   %iowait    %steal     %idle
06:23:35 PM       1     57.58      0.00     42.42      0.00      0.00      0.00
06:23:36 PM       1     57.00      0.00     43.00      0.00      0.00      0.00
06:23:37 PM       1     55.45      0.00     44.55      0.00      0.00      0.00
06:23:38 PM       1     58.59      0.00     41.41      0.00      0.00      0.00
06:23:39 PM       1     58.00      0.00     42.00      0.00      0.00      0.00
06:23:40 PM       1     57.43      0.00     42.57      0.00      0.00      0.00
06:23:41 PM       1     57.58      0.00     42.42      0.00      0.00      0.00
06:23:42 PM       1     56.44      0.00     43.56      0.00      0.00      0.00
06:23:43 PM       1     57.00      0.00     43.00      0.00      0.00      0.00
06:23:44 PM       1     59.60      0.00     40.40      0.00      0.00      0.00
06:23:45 PM       1     57.00      0.00     43.00      0.00      0.00      0.00
06:23:46 PM       1     55.45      0.00     44.55      0.00      0.00      0.00
06:23:47 PM       1     55.56      0.00     44.44      0.00      0.00      0.00
06:23:48 PM       1     57.00      0.00     43.00      0.00      0.00      0.00
06:23:49 PM       1     58.00      0.00     42.00      0.00      0.00      0.00
06:23:50 PM       1     57.43      0.00     42.57      0.00      0.00      0.00
06:23:51 PM       1     57.58      0.00     42.42      0.00      0.00      0.00
06:23:52 PM       1     57.43      0.00     42.57      0.00      0.00      0.00
06:23:53 PM       1     57.58      0.00     42.42      0.00      0.00      0.00
06:23:54 PM       1     58.00      0.00     42.00      0.00      0.00      0.00
Average:          1     57.28      0.00     42.72      0.00      0.00      0.00
