Linux 3.14.33-regular (node220-2) 	01/04/2017 	_x86_64_	(8 CPU)

05:27:13 PM     CPU     %user     %nice   %system   %iowait    %steal     %idle
05:27:14 PM       1     58.00      0.00     42.00      0.00      0.00      0.00
05:27:15 PM       1     57.43      0.00     42.57      0.00      0.00      0.00
05:27:16 PM       1     56.00      0.00     44.00      0.00      0.00      0.00
05:27:17 PM       1     57.58      0.00     42.42      0.00      0.00      0.00
05:27:18 PM       1     58.42      0.00     41.58      0.00      0.00      0.00
05:27:19 PM       1     58.00      0.00     42.00      0.00      0.00      0.00
05:27:20 PM       1     55.56      0.00     44.44      0.00      0.00      0.00
05:27:21 PM       1     58.00      0.00     42.00      0.00      0.00      0.00
05:27:22 PM       1     58.00      0.00     42.00      0.00      0.00      0.00
05:27:23 PM       1     57.00      0.00     43.00      0.00      0.00      0.00
05:27:24 PM       1     58.00      0.00     42.00      0.00      0.00      0.00
05:27:25 PM       1     58.00      0.00     42.00      0.00      0.00      0.00
05:27:26 PM       1     57.00      0.00     43.00      0.00      0.00      0.00
05:27:27 PM       1     57.00      0.00     43.00      0.00      0.00      0.00
05:27:28 PM       1     58.00      0.00     42.00      0.00      0.00      0.00
05:27:29 PM       1     58.00      0.00     42.00      0.00      0.00      0.00
05:27:30 PM       1     56.00      0.00     44.00      0.00      0.00      0.00
05:27:31 PM       1     58.00      0.00     42.00      0.00      0.00      0.00
05:27:32 PM       1     59.41      0.00     40.59      0.00      0.00      0.00
05:27:33 PM       1     58.00      0.00     42.00      0.00      0.00      0.00
Average:          1     57.57      0.00     42.43      0.00      0.00      0.00
