Linux 3.14.33-regular (node220-2) 	01/04/2017 	_x86_64_	(8 CPU)

05:48:55 PM     CPU     %user     %nice   %system   %iowait    %steal     %idle
05:48:56 PM       1     59.41      0.00     40.59      0.00      0.00      0.00
05:48:57 PM       1     59.00      0.00     41.00      0.00      0.00      0.00
05:48:58 PM       1     57.58      0.00     42.42      0.00      0.00      0.00
05:48:59 PM       1     56.00      0.00     44.00      0.00      0.00      0.00
05:49:00 PM       1     58.00      0.00     42.00      0.00      0.00      0.00
05:49:01 PM       1     58.00      0.00     42.00      0.00      0.00      0.00
05:49:02 PM       1     58.00      0.00     42.00      0.00      0.00      0.00
05:49:03 PM       1     59.00      0.00     41.00      0.00      0.00      0.00
05:49:04 PM       1     56.44      0.00     43.56      0.00      0.00      0.00
05:49:05 PM       1     58.00      0.00     42.00      0.00      0.00      0.00
05:49:06 PM       1     58.59      0.00     41.41      0.00      0.00      0.00
05:49:07 PM       1     58.42      0.00     41.58      0.00      0.00      0.00
05:49:08 PM       1     57.00      0.00     43.00      0.00      0.00      0.00
05:49:09 PM       1     58.59      0.00     41.41      0.00      0.00      0.00
05:49:10 PM       1     57.43      0.00     42.57      0.00      0.00      0.00
05:49:11 PM       1     57.58      0.00     42.42      0.00      0.00      0.00
05:49:12 PM       1     58.00      0.00     42.00      0.00      0.00      0.00
05:49:13 PM       1     59.00      0.00     41.00      0.00      0.00      0.00
05:49:14 PM       1     57.43      0.00     42.57      0.00      0.00      0.00
05:49:15 PM       1     56.00      0.00     44.00      0.00      0.00      0.00
Average:          1     57.87      0.00     42.13      0.00      0.00      0.00
