Linux 3.14.33-regular (node220-2) 	01/04/2017 	_x86_64_	(8 CPU)

05:04:46 PM     CPU     %user     %nice   %system   %iowait    %steal     %idle
05:04:47 PM       1     58.00      0.00     42.00      0.00      0.00      0.00
05:04:48 PM       1     54.46      0.00     45.54      0.00      0.00      0.00
05:04:49 PM       1     58.59      0.00     41.41      0.00      0.00      0.00
05:04:50 PM       1     56.44      0.00     43.56      0.00      0.00      0.00
05:04:51 PM       1     56.57      0.00     43.43      0.00      0.00      0.00
05:04:52 PM       1     58.42      0.00     41.58      0.00      0.00      0.00
05:04:53 PM       1     58.59      0.00     41.41      0.00      0.00      0.00
05:04:54 PM       1     57.00      0.00     43.00      0.00      0.00      0.00
05:04:55 PM       1     57.00      0.00     43.00      0.00      0.00      0.00
05:04:56 PM       1     57.00      0.00     43.00      0.00      0.00      0.00
05:04:57 PM       1     60.00      0.00     40.00      0.00      0.00      0.00
05:04:58 PM       1     57.43      0.00     42.57      0.00      0.00      0.00
05:04:59 PM       1     57.00      0.00     43.00      0.00      0.00      0.00
05:05:00 PM       1     57.00      0.00     43.00      0.00      0.00      0.00
05:05:01 PM       1     57.58      0.00     42.42      0.00      0.00      0.00
05:05:02 PM       1     57.00      0.00     43.00      0.00      0.00      0.00
05:05:03 PM       1     60.00      0.00     40.00      0.00      0.00      0.00
05:05:04 PM       1     56.44      0.00     43.56      0.00      0.00      0.00
05:05:05 PM       1     58.59      0.00     41.41      0.00      0.00      0.00
05:05:06 PM       1     59.00      0.00     41.00      0.00      0.00      0.00
Average:          1     57.60      0.00     42.40      0.00      0.00      0.00
