Linux 3.14.33-regular (node220-2) 	01/04/2017 	_x86_64_	(8 CPU)

06:13:20 PM     CPU     %user     %nice   %system   %iowait    %steal     %idle
06:13:21 PM       1     58.59      0.00     41.41      0.00      0.00      0.00
06:13:22 PM       1     56.00      0.00     44.00      0.00      0.00      0.00
06:13:23 PM       1     56.00      0.00     44.00      0.00      0.00      0.00
06:13:24 PM       1     57.00      0.00     43.00      0.00      0.00      0.00
06:13:25 PM       1     57.00      0.00     43.00      0.00      0.00      0.00
06:13:26 PM       1     56.00      0.00     44.00      0.00      0.00      0.00
06:13:27 PM       1     55.45      0.00     44.55      0.00      0.00      0.00
06:13:28 PM       1     57.58      0.00     42.42      0.00      0.00      0.00
06:13:29 PM       1     58.00      0.00     42.00      0.00      0.00      0.00
06:13:30 PM       1     56.00      0.00     44.00      0.00      0.00      0.00
06:13:31 PM       1     57.00      0.00     43.00      0.00      0.00      0.00
06:13:32 PM       1     55.00      0.00     45.00      0.00      0.00      0.00
06:13:33 PM       1     57.00      0.00     43.00      0.00      0.00      0.00
06:13:34 PM       1     54.00      0.00     46.00      0.00      0.00      0.00
06:13:35 PM       1     59.00      0.00     41.00      0.00      0.00      0.00
06:13:36 PM       1     57.00      0.00     43.00      0.00      0.00      0.00
06:13:37 PM       1     57.00      0.00     43.00      0.00      0.00      0.00
06:13:38 PM       1     58.42      0.00     41.58      0.00      0.00      0.00
06:13:39 PM       1     58.00      0.00     42.00      0.00      0.00      0.00
06:13:40 PM       1     56.00      0.00     44.00      0.00      0.00      0.00
Average:          1     56.80      0.00     43.20      0.00      0.00      0.00
