Linux 3.14.33-regular (node220-2) 	01/04/2017 	_x86_64_	(8 CPU)

04:23:44 PM     CPU     %user     %nice   %system   %iowait    %steal     %idle
04:23:45 PM       1     57.58      0.00     42.42      0.00      0.00      0.00
04:23:46 PM       1     56.00      0.00     44.00      0.00      0.00      0.00
04:23:47 PM       1     57.00      0.00     43.00      0.00      0.00      0.00
04:23:48 PM       1     60.00      0.00     40.00      0.00      0.00      0.00
04:23:49 PM       1     57.00      0.00     43.00      0.00      0.00      0.00
04:23:50 PM       1     58.00      0.00     42.00      0.00      0.00      0.00
04:23:51 PM       1     59.41      0.00     40.59      0.00      0.00      0.00
04:23:52 PM       1     61.00      0.00     39.00      0.00      0.00      0.00
04:23:53 PM       1     56.57      0.00     43.43      0.00      0.00      0.00
04:23:54 PM       1     55.00      0.00     45.00      0.00      0.00      0.00
04:23:55 PM       1     59.41      0.00     40.59      0.00      0.00      0.00
04:23:56 PM       1     56.57      0.00     43.43      0.00      0.00      0.00
04:23:57 PM       1     58.42      0.00     41.58      0.00      0.00      0.00
04:23:58 PM       1     57.58      0.00     42.42      0.00      0.00      0.00
04:23:59 PM       1     58.00      0.00     42.00      0.00      0.00      0.00
04:24:00 PM       1     60.00      0.00     40.00      0.00      0.00      0.00
04:24:01 PM       1     59.41      0.00     40.59      0.00      0.00      0.00
04:24:02 PM       1     56.00      0.00     44.00      0.00      0.00      0.00
04:24:03 PM       1     58.59      0.00     41.41      0.00      0.00      0.00
04:24:04 PM       1     58.00      0.00     42.00      0.00      0.00      0.00
Average:          1     57.98      0.00     42.02      0.00      0.00      0.00
