Linux 3.14.33-regular (node220-2) 	01/04/2017 	_x86_64_	(8 CPU)

06:11:25 PM     CPU     %user     %nice   %system   %iowait    %steal     %idle
06:11:26 PM       1     57.00      0.00     43.00      0.00      0.00      0.00
06:11:27 PM       1     56.44      0.00     43.56      0.00      0.00      0.00
06:11:28 PM       1     58.00      0.00     42.00      0.00      0.00      0.00
06:11:29 PM       1     58.00      0.00     42.00      0.00      0.00      0.00
06:11:30 PM       1     56.57      0.00     43.43      0.00      0.00      0.00
06:11:31 PM       1     56.00      0.00     44.00      0.00      0.00      0.00
06:11:32 PM       1     57.00      0.00     43.00      0.00      0.00      0.00
06:11:33 PM       1     56.00      0.00     44.00      0.00      0.00      0.00
06:11:34 PM       1     57.00      0.00     43.00      0.00      0.00      0.00
06:11:35 PM       1     58.00      0.00     42.00      0.00      0.00      0.00
06:11:36 PM       1     57.00      0.00     43.00      0.00      0.00      0.00
06:11:37 PM       1     56.00      0.00     44.00      0.00      0.00      0.00
06:11:38 PM       1     58.00      0.00     42.00      0.00      0.00      0.00
06:11:39 PM       1     56.00      0.00     44.00      0.00      0.00      0.00
06:11:40 PM       1     57.00      0.00     43.00      0.00      0.00      0.00
06:11:41 PM       1     59.00      0.00     41.00      0.00      0.00      0.00
06:11:42 PM       1     56.00      0.00     44.00      0.00      0.00      0.00
06:11:43 PM       1     58.00      0.00     42.00      0.00      0.00      0.00
06:11:44 PM       1     55.00      0.00     45.00      0.00      0.00      0.00
06:11:45 PM       1     57.00      0.00     43.00      0.00      0.00      0.00
Average:          1     56.95      0.00     43.05      0.00      0.00      0.00
