Linux 3.14.33-regular (node220-2) 	01/04/2017 	_x86_64_	(8 CPU)

05:04:07 PM     CPU     %user     %nice   %system   %iowait    %steal     %idle
05:04:08 PM       1     58.59      0.00     41.41      0.00      0.00      0.00
05:04:09 PM       1     59.41      0.00     40.59      0.00      0.00      0.00
05:04:10 PM       1     59.00      0.00     41.00      0.00      0.00      0.00
05:04:11 PM       1     57.00      0.00     43.00      0.00      0.00      0.00
05:04:12 PM       1     57.00      0.00     43.00      0.00      0.00      0.00
05:04:13 PM       1     60.00      0.00     40.00      0.00      0.00      0.00
05:04:14 PM       1     59.00      0.00     41.00      0.00      0.00      0.00
05:04:15 PM       1     56.57      0.00     43.43      0.00      0.00      0.00
05:04:16 PM       1     58.00      0.00     42.00      0.00      0.00      0.00
05:04:17 PM       1     56.44      0.00     43.56      0.00      0.00      0.00
05:04:18 PM       1     59.00      0.00     41.00      0.00      0.00      0.00
05:04:19 PM       1     57.00      0.00     43.00      0.00      0.00      0.00
05:04:20 PM       1     57.00      0.00     43.00      0.00      0.00      0.00
05:04:21 PM       1     59.00      0.00     41.00      0.00      0.00      0.00
05:04:22 PM       1     59.00      0.00     41.00      0.00      0.00      0.00
05:04:23 PM       1     59.00      0.00     41.00      0.00      0.00      0.00
05:04:24 PM       1     56.00      0.00     44.00      0.00      0.00      0.00
05:04:25 PM       1     57.00      0.00     43.00      0.00      0.00      0.00
05:04:26 PM       1     56.00      0.00     44.00      0.00      0.00      0.00
05:04:27 PM       1     56.00      0.00     44.00      0.00      0.00      0.00
Average:          1     57.80      0.00     42.20      0.00      0.00      0.00
