Linux 3.14.33-regular (node220-2) 	01/04/2017 	_x86_64_	(8 CPU)

05:40:38 PM     CPU     %user     %nice   %system   %iowait    %steal     %idle
05:40:39 PM       1     58.00      0.00     42.00      0.00      0.00      0.00
05:40:40 PM       1     59.00      0.00     41.00      0.00      0.00      0.00
05:40:41 PM       1     59.00      0.00     41.00      0.00      0.00      0.00
05:40:42 PM       1     58.00      0.00     42.00      0.00      0.00      0.00
05:40:43 PM       1     57.00      0.00     43.00      0.00      0.00      0.00
05:40:44 PM       1     58.42      0.00     41.58      0.00      0.00      0.00
05:40:45 PM       1     60.61      0.00     39.39      0.00      0.00      0.00
05:40:46 PM       1     56.00      0.00     44.00      0.00      0.00      0.00
05:40:47 PM       1     56.00      0.00     44.00      0.00      0.00      0.00
05:40:48 PM       1     59.00      0.00     41.00      0.00      0.00      0.00
05:40:49 PM       1     59.00      0.00     41.00      0.00      0.00      0.00
05:40:50 PM       1     60.00      0.00     40.00      0.00      0.00      0.00
05:40:51 PM       1     60.00      0.00     40.00      0.00      0.00      0.00
05:40:52 PM       1     59.00      0.00     41.00      0.00      0.00      0.00
05:40:53 PM       1     56.00      0.00     44.00      0.00      0.00      0.00
05:40:54 PM       1     57.43      0.00     42.57      0.00      0.00      0.00
05:40:55 PM       1     55.56      0.00     44.44      0.00      0.00      0.00
05:40:56 PM       1     57.43      0.00     42.57      0.00      0.00      0.00
05:40:57 PM       1     57.00      0.00     43.00      0.00      0.00      0.00
05:40:58 PM       1     58.00      0.00     42.00      0.00      0.00      0.00
Average:          1     58.02      0.00     41.98      0.00      0.00      0.00
