Linux 3.14.33-regular (node220-2) 	01/04/2017 	_x86_64_	(8 CPU)

04:58:59 PM     CPU     %user     %nice   %system   %iowait    %steal     %idle
04:59:00 PM       1     56.00      0.00     44.00      0.00      0.00      0.00
04:59:01 PM       1     56.00      0.00     44.00      0.00      0.00      0.00
04:59:02 PM       1     57.00      0.00     43.00      0.00      0.00      0.00
04:59:03 PM       1     60.00      0.00     40.00      0.00      0.00      0.00
04:59:04 PM       1     58.00      0.00     42.00      0.00      0.00      0.00
04:59:05 PM       1     58.00      0.00     42.00      0.00      0.00      0.00
04:59:06 PM       1     58.00      0.00     42.00      0.00      0.00      0.00
04:59:07 PM       1     56.44      0.00     43.56      0.00      0.00      0.00
04:59:08 PM       1     59.00      0.00     41.00      0.00      0.00      0.00
04:59:09 PM       1     60.00      0.00     40.00      0.00      0.00      0.00
04:59:10 PM       1     57.58      0.00     42.42      0.00      0.00      0.00
04:59:11 PM       1     57.43      0.00     42.57      0.00      0.00      0.00
04:59:12 PM       1     58.59      0.00     41.41      0.00      0.00      0.00
04:59:13 PM       1     56.00      0.00     44.00      0.00      0.00      0.00
04:59:14 PM       1     60.40      0.00     39.60      0.00      0.00      0.00
04:59:15 PM       1     57.58      0.00     42.42      0.00      0.00      0.00
04:59:16 PM       1     56.00      0.00     44.00      0.00      0.00      0.00
04:59:17 PM       1     57.00      0.00     43.00      0.00      0.00      0.00
04:59:18 PM       1     60.00      0.00     40.00      0.00      0.00      0.00
04:59:19 PM       1     57.43      0.00     42.57      0.00      0.00      0.00
Average:          1     57.82      0.00     42.18      0.00      0.00      0.00
