Linux 3.14.33-regular (node220-2) 	01/04/2017 	_x86_64_	(8 CPU)

05:49:34 PM     CPU     %user     %nice   %system   %iowait    %steal     %idle
05:49:35 PM       1     57.58      0.00     42.42      0.00      0.00      0.00
05:49:36 PM       1     58.00      0.00     42.00      0.00      0.00      0.00
05:49:37 PM       1     58.42      0.00     41.58      0.00      0.00      0.00
05:49:38 PM       1     59.00      0.00     41.00      0.00      0.00      0.00
05:49:39 PM       1     57.58      0.00     42.42      0.00      0.00      0.00
05:49:40 PM       1     57.43      0.00     42.57      0.00      0.00      0.00
05:49:41 PM       1     57.58      0.00     42.42      0.00      0.00      0.00
05:49:42 PM       1     55.45      0.00     44.55      0.00      0.00      0.00
05:49:43 PM       1     55.56      0.00     44.44      0.00      0.00      0.00
05:49:44 PM       1     54.00      0.00     46.00      0.00      0.00      0.00
05:49:45 PM       1     56.00      0.00     44.00      0.00      0.00      0.00
05:49:46 PM       1     57.43      0.00     42.57      0.00      0.00      0.00
05:49:47 PM       1     60.00      0.00     40.00      0.00      0.00      0.00
05:49:48 PM       1     58.00      0.00     42.00      0.00      0.00      0.00
05:49:49 PM       1     57.58      0.00     42.42      0.00      0.00      0.00
05:49:50 PM       1     58.00      0.00     42.00      0.00      0.00      0.00
05:49:51 PM       1     57.43      0.00     42.57      0.00      0.00      0.00
05:49:52 PM       1     57.58      0.00     42.42      0.00      0.00      0.00
05:49:53 PM       1     59.41      0.00     40.59      0.00      0.00      0.00
05:49:54 PM       1     56.00      0.00     44.00      0.00      0.00      0.00
Average:          1     57.40      0.00     42.60      0.00      0.00      0.00
