Linux 3.14.33-regular (node220-2) 	01/04/2017 	_x86_64_	(8 CPU)

06:03:42 PM     CPU     %user     %nice   %system   %iowait    %steal     %idle
06:03:43 PM       1     58.00      0.00     42.00      0.00      0.00      0.00
06:03:44 PM       1     55.00      0.00     45.00      0.00      0.00      0.00
06:03:45 PM       1     59.00      0.00     41.00      0.00      0.00      0.00
06:03:46 PM       1     58.00      0.00     42.00      0.00      0.00      0.00
06:03:47 PM       1     59.00      0.00     41.00      0.00      0.00      0.00
06:03:48 PM       1     60.00      0.00     40.00      0.00      0.00      0.00
06:03:49 PM       1     55.00      0.00     45.00      0.00      0.00      0.00
06:03:50 PM       1     57.00      0.00     43.00      0.00      0.00      0.00
06:03:51 PM       1     59.00      0.00     41.00      0.00      0.00      0.00
06:03:52 PM       1     57.00      0.00     43.00      0.00      0.00      0.00
06:03:53 PM       1     58.00      0.00     42.00      0.00      0.00      0.00
06:03:54 PM       1     56.00      0.00     44.00      0.00      0.00      0.00
06:03:55 PM       1     57.00      0.00     43.00      0.00      0.00      0.00
06:03:56 PM       1     59.00      0.00     41.00      0.00      0.00      0.00
06:03:57 PM       1     57.00      0.00     43.00      0.00      0.00      0.00
06:03:58 PM       1     58.00      0.00     42.00      0.00      0.00      0.00
06:03:59 PM       1     58.00      0.00     42.00      0.00      0.00      0.00
06:04:00 PM       1     59.00      0.00     41.00      0.00      0.00      0.00
06:04:01 PM       1     58.00      0.00     42.00      0.00      0.00      0.00
06:04:02 PM       1     56.00      0.00     44.00      0.00      0.00      0.00
Average:          1     57.65      0.00     42.35      0.00      0.00      0.00
