Linux 3.14.33-regular (node220-2) 	01/04/2017 	_x86_64_	(8 CPU)

05:30:26 PM     CPU     %user     %nice   %system   %iowait    %steal     %idle
05:30:27 PM       1     59.00      0.00     41.00      0.00      0.00      0.00
05:30:28 PM       1     58.00      0.00     42.00      0.00      0.00      0.00
05:30:29 PM       1     57.00      0.00     43.00      0.00      0.00      0.00
05:30:30 PM       1     59.60      0.00     40.40      0.00      0.00      0.00
05:30:31 PM       1     57.00      0.00     43.00      0.00      0.00      0.00
05:30:32 PM       1     59.00      0.00     41.00      0.00      0.00      0.00
05:30:33 PM       1     56.44      0.00     43.56      0.00      0.00      0.00
05:30:34 PM       1     57.00      0.00     43.00      0.00      0.00      0.00
05:30:35 PM       1     57.58      0.00     42.42      0.00      0.00      0.00
05:30:36 PM       1     61.00      0.00     39.00      0.00      0.00      0.00
05:30:37 PM       1     57.43      0.00     42.57      0.00      0.00      0.00
05:30:38 PM       1     59.00      0.00     41.00      0.00      0.00      0.00
05:30:39 PM       1     59.60      0.00     40.40      0.00      0.00      0.00
05:30:40 PM       1     57.00      0.00     43.00      0.00      0.00      0.00
05:30:41 PM       1     57.43      0.00     42.57      0.00      0.00      0.00
05:30:42 PM       1     58.00      0.00     42.00      0.00      0.00      0.00
05:30:43 PM       1     58.00      0.00     42.00      0.00      0.00      0.00
05:30:44 PM       1     58.00      0.00     42.00      0.00      0.00      0.00
05:30:45 PM       1     59.00      0.00     41.00      0.00      0.00      0.00
05:30:46 PM       1     57.00      0.00     43.00      0.00      0.00      0.00
Average:          1     58.10      0.00     41.90      0.00      0.00      0.00
