Linux 3.14.33-regular (node220-2) 	01/04/2017 	_x86_64_	(8 CPU)

06:15:15 PM     CPU     %user     %nice   %system   %iowait    %steal     %idle
06:15:16 PM       1     55.56      0.00     44.44      0.00      0.00      0.00
06:15:17 PM       1     58.00      0.00     42.00      0.00      0.00      0.00
06:15:18 PM       1     57.00      0.00     43.00      0.00      0.00      0.00
06:15:19 PM       1     58.42      0.00     41.58      0.00      0.00      0.00
06:15:20 PM       1     57.58      0.00     42.42      0.00      0.00      0.00
06:15:21 PM       1     55.45      0.00     44.55      0.00      0.00      0.00
06:15:22 PM       1     57.58      0.00     42.42      0.00      0.00      0.00
06:15:23 PM       1     57.00      0.00     43.00      0.00      0.00      0.00
06:15:24 PM       1     57.00      0.00     43.00      0.00      0.00      0.00
06:15:25 PM       1     59.41      0.00     40.59      0.00      0.00      0.00
06:15:26 PM       1     58.59      0.00     41.41      0.00      0.00      0.00
06:15:27 PM       1     57.43      0.00     42.57      0.00      0.00      0.00
06:15:28 PM       1     58.59      0.00     41.41      0.00      0.00      0.00
06:15:29 PM       1     58.42      0.00     41.58      0.00      0.00      0.00
06:15:30 PM       1     59.60      0.00     40.40      0.00      0.00      0.00
06:15:31 PM       1     60.40      0.00     39.60      0.00      0.00      0.00
06:15:32 PM       1     57.58      0.00     42.42      0.00      0.00      0.00
06:15:33 PM       1     58.00      0.00     42.00      0.00      0.00      0.00
06:15:34 PM       1     57.00      0.00     43.00      0.00      0.00      0.00
06:15:35 PM       1     55.45      0.00     44.55      0.00      0.00      0.00
Average:          1     57.70      0.00     42.30      0.00      0.00      0.00
