Linux 3.14.33-regular (node220-2) 	01/04/2017 	_x86_64_	(8 CPU)

05:28:30 PM     CPU     %user     %nice   %system   %iowait    %steal     %idle
05:28:31 PM       1     59.00      0.00     41.00      0.00      0.00      0.00
05:28:32 PM       1     56.44      0.00     43.56      0.00      0.00      0.00
05:28:33 PM       1     56.57      0.00     43.43      0.00      0.00      0.00
05:28:34 PM       1     58.00      0.00     42.00      0.00      0.00      0.00
05:28:35 PM       1     57.00      0.00     43.00      0.00      0.00      0.00
05:28:36 PM       1     59.00      0.00     41.00      0.00      0.00      0.00
05:28:37 PM       1     57.00      0.00     43.00      0.00      0.00      0.00
05:28:38 PM       1     57.00      0.00     43.00      0.00      0.00      0.00
05:28:39 PM       1     57.00      0.00     43.00      0.00      0.00      0.00
05:28:40 PM       1     60.00      0.00     40.00      0.00      0.00      0.00
05:28:41 PM       1     56.00      0.00     44.00      0.00      0.00      0.00
05:28:42 PM       1     57.00      0.00     43.00      0.00      0.00      0.00
05:28:43 PM       1     56.00      0.00     44.00      0.00      0.00      0.00
05:28:44 PM       1     58.00      0.00     42.00      0.00      0.00      0.00
05:28:45 PM       1     58.00      0.00     42.00      0.00      0.00      0.00
05:28:46 PM       1     57.43      0.00     42.57      0.00      0.00      0.00
05:28:47 PM       1     55.56      0.00     44.44      0.00      0.00      0.00
05:28:48 PM       1     56.44      0.00     43.56      0.00      0.00      0.00
05:28:49 PM       1     57.58      0.00     42.42      0.00      0.00      0.00
05:28:50 PM       1     58.00      0.00     42.00      0.00      0.00      0.00
Average:          1     57.35      0.00     42.65      0.00      0.00      0.00
