Linux 3.14.33-regular (node220-2) 	01/04/2017 	_x86_64_	(8 CPU)

04:54:30 PM     CPU     %user     %nice   %system   %iowait    %steal     %idle
04:54:31 PM       1     56.44      0.00     43.56      0.00      0.00      0.00
04:54:32 PM       1     57.58      0.00     42.42      0.00      0.00      0.00
04:54:33 PM       1     56.44      0.00     43.56      0.00      0.00      0.00
04:54:34 PM       1     58.00      0.00     42.00      0.00      0.00      0.00
04:54:35 PM       1     56.57      0.00     43.43      0.00      0.00      0.00
04:54:36 PM       1     57.43      0.00     42.57      0.00      0.00      0.00
04:54:37 PM       1     58.59      0.00     41.41      0.00      0.00      0.00
04:54:38 PM       1     58.42      0.00     41.58      0.00      0.00      0.00
04:54:39 PM       1     57.58      0.00     42.42      0.00      0.00      0.00
04:54:40 PM       1     58.42      0.00     41.58      0.00      0.00      0.00
04:54:41 PM       1     56.57      0.00     43.43      0.00      0.00      0.00
04:54:42 PM       1     58.00      0.00     42.00      0.00      0.00      0.00
04:54:43 PM       1     58.42      0.00     41.58      0.00      0.00      0.00
04:54:44 PM       1     58.59      0.00     41.41      0.00      0.00      0.00
04:54:45 PM       1     56.44      0.00     43.56      0.00      0.00      0.00
04:54:46 PM       1     56.00      0.00     44.00      0.00      0.00      0.00
04:54:47 PM       1     59.00      0.00     41.00      0.00      0.00      0.00
04:54:48 PM       1     55.56      0.00     44.44      0.00      0.00      0.00
04:54:49 PM       1     58.42      0.00     41.58      0.00      0.00      0.00
04:54:50 PM       1     56.00      0.00     44.00      0.00      0.00      0.00
Average:          1     57.42      0.00     42.58      0.00      0.00      0.00
