Linux 3.14.33-regular (node220-2) 	01/04/2017 	_x86_64_	(8 CPU)

06:06:17 PM     CPU     %user     %nice   %system   %iowait    %steal     %idle
06:06:18 PM       1     57.00      0.00     43.00      0.00      0.00      0.00
06:06:19 PM       1     58.00      0.00     42.00      0.00      0.00      0.00
06:06:20 PM       1     59.00      0.00     41.00      0.00      0.00      0.00
06:06:21 PM       1     59.00      0.00     41.00      0.00      0.00      0.00
06:06:22 PM       1     56.00      0.00     44.00      0.00      0.00      0.00
06:06:23 PM       1     59.00      0.00     41.00      0.00      0.00      0.00
06:06:24 PM       1     58.00      0.00     42.00      0.00      0.00      0.00
06:06:25 PM       1     56.00      0.00     44.00      0.00      0.00      0.00
06:06:26 PM       1     56.00      0.00     44.00      0.00      0.00      0.00
06:06:27 PM       1     57.00      0.00     43.00      0.00      0.00      0.00
06:06:28 PM       1     61.00      0.00     39.00      0.00      0.00      0.00
06:06:29 PM       1     57.00      0.00     43.00      0.00      0.00      0.00
06:06:30 PM       1     58.00      0.00     42.00      0.00      0.00      0.00
06:06:31 PM       1     58.00      0.00     42.00      0.00      0.00      0.00
06:06:32 PM       1     59.00      0.00     41.00      0.00      0.00      0.00
06:06:33 PM       1     56.00      0.00     44.00      0.00      0.00      0.00
06:06:34 PM       1     57.00      0.00     43.00      0.00      0.00      0.00
06:06:35 PM       1     58.00      0.00     42.00      0.00      0.00      0.00
06:06:36 PM       1     60.00      0.00     40.00      0.00      0.00      0.00
06:06:37 PM       1     59.00      0.00     41.00      0.00      0.00      0.00
Average:          1     57.90      0.00     42.10      0.00      0.00      0.00
