Linux 3.14.33-regular (node220-2) 	01/04/2017 	_x86_64_	(8 CPU)

06:08:12 PM     CPU     %user     %nice   %system   %iowait    %steal     %idle
06:08:13 PM       1     58.00      0.00     42.00      0.00      0.00      0.00
06:08:14 PM       1     58.00      0.00     42.00      0.00      0.00      0.00
06:08:15 PM       1     56.00      0.00     44.00      0.00      0.00      0.00
06:08:16 PM       1     59.00      0.00     41.00      0.00      0.00      0.00
06:08:17 PM       1     58.00      0.00     42.00      0.00      0.00      0.00
06:08:18 PM       1     58.00      0.00     42.00      0.00      0.00      0.00
06:08:19 PM       1     58.00      0.00     42.00      0.00      0.00      0.00
06:08:20 PM       1     55.00      0.00     45.00      0.00      0.00      0.00
06:08:21 PM       1     56.00      0.00     44.00      0.00      0.00      0.00
06:08:22 PM       1     56.00      0.00     44.00      0.00      0.00      0.00
06:08:23 PM       1     61.00      0.00     39.00      0.00      0.00      0.00
06:08:24 PM       1     56.00      0.00     44.00      0.00      0.00      0.00
06:08:25 PM       1     59.00      0.00     41.00      0.00      0.00      0.00
06:08:26 PM       1     58.00      0.00     42.00      0.00      0.00      0.00
06:08:27 PM       1     56.00      0.00     44.00      0.00      0.00      0.00
06:08:28 PM       1     56.00      0.00     44.00      0.00      0.00      0.00
06:08:29 PM       1     58.00      0.00     42.00      0.00      0.00      0.00
06:08:30 PM       1     60.00      0.00     40.00      0.00      0.00      0.00
06:08:31 PM       1     58.00      0.00     42.00      0.00      0.00      0.00
06:08:32 PM       1     58.00      0.00     42.00      0.00      0.00      0.00
Average:          1     57.60      0.00     42.40      0.00      0.00      0.00
