Linux 3.14.33-regular (node220-2) 	01/04/2017 	_x86_64_	(8 CPU)

04:30:09 PM     CPU     %user     %nice   %system   %iowait    %steal     %idle
04:30:10 PM       1     60.61      0.00     39.39      0.00      0.00      0.00
04:30:11 PM       1     58.00      0.00     42.00      0.00      0.00      0.00
04:30:12 PM       1     59.00      0.00     41.00      0.00      0.00      0.00
04:30:13 PM       1     59.00      0.00     41.00      0.00      0.00      0.00
04:30:14 PM       1     58.42      0.00     41.58      0.00      0.00      0.00
04:30:15 PM       1     58.59      0.00     41.41      0.00      0.00      0.00
04:30:16 PM       1     59.00      0.00     41.00      0.00      0.00      0.00
04:30:17 PM       1     56.44      0.00     43.56      0.00      0.00      0.00
04:30:18 PM       1     59.00      0.00     41.00      0.00      0.00      0.00
04:30:19 PM       1     59.00      0.00     41.00      0.00      0.00      0.00
04:30:20 PM       1     58.59      0.00     41.41      0.00      0.00      0.00
04:30:21 PM       1     58.42      0.00     41.58      0.00      0.00      0.00
04:30:22 PM       1     56.00      0.00     44.00      0.00      0.00      0.00
04:30:23 PM       1     56.57      0.00     43.43      0.00      0.00      0.00
04:30:24 PM       1     57.43      0.00     42.57      0.00      0.00      0.00
04:30:25 PM       1     55.00      0.00     45.00      0.00      0.00      0.00
04:30:26 PM       1     58.00      0.00     42.00      0.00      0.00      0.00
04:30:27 PM       1     57.00      0.00     43.00      0.00      0.00      0.00
04:30:28 PM       1     56.00      0.00     44.00      0.00      0.00      0.00
04:30:29 PM       1     59.60      0.00     40.40      0.00      0.00      0.00
Average:          1     57.98      0.00     42.02      0.00      0.00      0.00
