Linux 3.14.33-regular (node220-2) 	01/04/2017 	_x86_64_	(8 CPU)

05:15:40 PM     CPU     %user     %nice   %system   %iowait    %steal     %idle
05:15:41 PM       1     57.00      0.00     43.00      0.00      0.00      0.00
05:15:42 PM       1     59.00      0.00     41.00      0.00      0.00      0.00
05:15:43 PM       1     58.59      0.00     41.41      0.00      0.00      0.00
05:15:44 PM       1     57.00      0.00     43.00      0.00      0.00      0.00
05:15:45 PM       1     57.43      0.00     42.57      0.00      0.00      0.00
05:15:46 PM       1     58.00      0.00     42.00      0.00      0.00      0.00
05:15:47 PM       1     59.00      0.00     41.00      0.00      0.00      0.00
05:15:48 PM       1     59.00      0.00     41.00      0.00      0.00      0.00
05:15:49 PM       1     59.60      0.00     40.40      0.00      0.00      0.00
05:15:50 PM       1     57.00      0.00     43.00      0.00      0.00      0.00
05:15:51 PM       1     61.00      0.00     39.00      0.00      0.00      0.00
05:15:52 PM       1     59.41      0.00     40.59      0.00      0.00      0.00
05:15:53 PM       1     59.00      0.00     41.00      0.00      0.00      0.00
05:15:54 PM       1     57.00      0.00     43.00      0.00      0.00      0.00
05:15:55 PM       1     58.00      0.00     42.00      0.00      0.00      0.00
05:15:56 PM       1     57.58      0.00     42.42      0.00      0.00      0.00
05:15:57 PM       1     59.00      0.00     41.00      0.00      0.00      0.00
05:15:58 PM       1     60.00      0.00     40.00      0.00      0.00      0.00
05:15:59 PM       1     57.43      0.00     42.57      0.00      0.00      0.00
05:16:00 PM       1     57.00      0.00     43.00      0.00      0.00      0.00
Average:          1     58.35      0.00     41.65      0.00      0.00      0.00
