Linux 3.14.33-regular (node220-2) 	01/04/2017 	_x86_64_	(8 CPU)

04:26:17 PM     CPU     %user     %nice   %system   %iowait    %steal     %idle
04:26:18 PM       1     57.43      0.00     42.57      0.00      0.00      0.00
04:26:19 PM       1     59.60      0.00     40.40      0.00      0.00      0.00
04:26:20 PM       1     58.00      0.00     42.00      0.00      0.00      0.00
04:26:21 PM       1     59.00      0.00     41.00      0.00      0.00      0.00
04:26:22 PM       1     57.00      0.00     43.00      0.00      0.00      0.00
04:26:23 PM       1     58.00      0.00     42.00      0.00      0.00      0.00
04:26:24 PM       1     58.00      0.00     42.00      0.00      0.00      0.00
04:26:25 PM       1     58.00      0.00     42.00      0.00      0.00      0.00
04:26:26 PM       1     60.00      0.00     40.00      0.00      0.00      0.00
04:26:27 PM       1     58.00      0.00     42.00      0.00      0.00      0.00
04:26:28 PM       1     58.00      0.00     42.00      0.00      0.00      0.00
04:26:29 PM       1     56.00      0.00     44.00      0.00      0.00      0.00
04:26:30 PM       1     58.00      0.00     42.00      0.00      0.00      0.00
04:26:31 PM       1     59.00      0.00     41.00      0.00      0.00      0.00
04:26:32 PM       1     57.43      0.00     42.57      0.00      0.00      0.00
04:26:33 PM       1     57.58      0.00     42.42      0.00      0.00      0.00
04:26:34 PM       1     60.00      0.00     40.00      0.00      0.00      0.00
04:26:35 PM       1     56.00      0.00     44.00      0.00      0.00      0.00
04:26:36 PM       1     58.00      0.00     42.00      0.00      0.00      0.00
04:26:37 PM       1     56.44      0.00     43.56      0.00      0.00      0.00
Average:          1     57.97      0.00     42.03      0.00      0.00      0.00
