Linux 3.14.33-regular (node220-2) 	01/04/2017 	_x86_64_	(8 CPU)

06:10:46 PM     CPU     %user     %nice   %system   %iowait    %steal     %idle
06:10:47 PM       1     57.43      0.00     42.57      0.00      0.00      0.00
06:10:48 PM       1     55.00      0.00     45.00      0.00      0.00      0.00
06:10:49 PM       1     57.00      0.00     43.00      0.00      0.00      0.00
06:10:50 PM       1     58.59      0.00     41.41      0.00      0.00      0.00
06:10:51 PM       1     57.43      0.00     42.57      0.00      0.00      0.00
06:10:52 PM       1     58.59      0.00     41.41      0.00      0.00      0.00
06:10:53 PM       1     58.42      0.00     41.58      0.00      0.00      0.00
06:10:54 PM       1     59.00      0.00     41.00      0.00      0.00      0.00
06:10:55 PM       1     56.57      0.00     43.43      0.00      0.00      0.00
06:10:56 PM       1     56.44      0.00     43.56      0.00      0.00      0.00
06:10:57 PM       1     59.00      0.00     41.00      0.00      0.00      0.00
06:10:58 PM       1     56.00      0.00     44.00      0.00      0.00      0.00
06:10:59 PM       1     58.00      0.00     42.00      0.00      0.00      0.00
06:11:00 PM       1     59.00      0.00     41.00      0.00      0.00      0.00
06:11:01 PM       1     56.00      0.00     44.00      0.00      0.00      0.00
06:11:02 PM       1     61.00      0.00     39.00      0.00      0.00      0.00
06:11:03 PM       1     59.00      0.00     41.00      0.00      0.00      0.00
06:11:04 PM       1     59.00      0.00     41.00      0.00      0.00      0.00
06:11:05 PM       1     60.00      0.00     40.00      0.00      0.00      0.00
06:11:06 PM       1     57.00      0.00     43.00      0.00      0.00      0.00
Average:          1     57.92      0.00     42.08      0.00      0.00      0.00
