Linux 3.14.33-regular (node220-2) 	01/04/2017 	_x86_64_	(8 CPU)

05:45:44 PM     CPU     %user     %nice   %system   %iowait    %steal     %idle
05:45:45 PM       1     58.59      0.00     41.41      0.00      0.00      0.00
05:45:46 PM       1     60.00      0.00     40.00      0.00      0.00      0.00
05:45:47 PM       1     56.44      0.00     43.56      0.00      0.00      0.00
05:45:48 PM       1     57.00      0.00     43.00      0.00      0.00      0.00
05:45:49 PM       1     58.00      0.00     42.00      0.00      0.00      0.00
05:45:50 PM       1     56.57      0.00     43.43      0.00      0.00      0.00
05:45:51 PM       1     56.44      0.00     43.56      0.00      0.00      0.00
05:45:52 PM       1     57.58      0.00     42.42      0.00      0.00      0.00
05:45:53 PM       1     58.00      0.00     42.00      0.00      0.00      0.00
05:45:54 PM       1     55.45      0.00     44.55      0.00      0.00      0.00
05:45:55 PM       1     59.00      0.00     41.00      0.00      0.00      0.00
05:45:56 PM       1     59.60      0.00     40.40      0.00      0.00      0.00
05:45:57 PM       1     55.45      0.00     44.55      0.00      0.00      0.00
05:45:58 PM       1     60.61      0.00     39.39      0.00      0.00      0.00
05:45:59 PM       1     56.00      0.00     44.00      0.00      0.00      0.00
05:46:00 PM       1     59.00      0.00     41.00      0.00      0.00      0.00
05:46:01 PM       1     55.45      0.00     44.55      0.00      0.00      0.00
05:46:02 PM       1     55.00      0.00     45.00      0.00      0.00      0.00
05:46:03 PM       1     57.58      0.00     42.42      0.00      0.00      0.00
05:46:04 PM       1     55.45      0.00     44.55      0.00      0.00      0.00
Average:          1     57.35      0.00     42.65      0.00      0.00      0.00
