Linux 3.14.33-regular (node220-2) 	01/04/2017 	_x86_64_	(8 CPU)

05:22:04 PM     CPU     %user     %nice   %system   %iowait    %steal     %idle
05:22:05 PM       1     57.00      0.00     43.00      0.00      0.00      0.00
05:22:06 PM       1     58.59      0.00     41.41      0.00      0.00      0.00
05:22:07 PM       1     57.00      0.00     43.00      0.00      0.00      0.00
05:22:08 PM       1     56.00      0.00     44.00      0.00      0.00      0.00
05:22:09 PM       1     58.42      0.00     41.58      0.00      0.00      0.00
05:22:10 PM       1     60.61      0.00     39.39      0.00      0.00      0.00
05:22:11 PM       1     57.00      0.00     43.00      0.00      0.00      0.00
05:22:12 PM       1     57.43      0.00     42.57      0.00      0.00      0.00
05:22:13 PM       1     56.57      0.00     43.43      0.00      0.00      0.00
05:22:14 PM       1     58.00      0.00     42.00      0.00      0.00      0.00
05:22:15 PM       1     57.43      0.00     42.57      0.00      0.00      0.00
05:22:16 PM       1     56.57      0.00     43.43      0.00      0.00      0.00
05:22:17 PM       1     58.00      0.00     42.00      0.00      0.00      0.00
05:22:18 PM       1     56.44      0.00     43.56      0.00      0.00      0.00
05:22:19 PM       1     59.00      0.00     41.00      0.00      0.00      0.00
05:22:20 PM       1     60.61      0.00     39.39      0.00      0.00      0.00
05:22:21 PM       1     57.00      0.00     43.00      0.00      0.00      0.00
05:22:22 PM       1     58.42      0.00     41.58      0.00      0.00      0.00
05:22:23 PM       1     58.59      0.00     41.41      0.00      0.00      0.00
05:22:24 PM       1     55.45      0.00     44.55      0.00      0.00      0.00
Average:          1     57.70      0.00     42.30      0.00      0.00      0.00
