Linux 3.14.33-regular (node220-2) 	01/04/2017 	_x86_64_	(8 CPU)

04:52:34 PM     CPU     %user     %nice   %system   %iowait    %steal     %idle
04:52:35 PM       1     57.43      0.00     42.57      0.00      0.00      0.00
04:52:36 PM       1     57.00      0.00     43.00      0.00      0.00      0.00
04:52:37 PM       1     57.58      0.00     42.42      0.00      0.00      0.00
04:52:38 PM       1     60.00      0.00     40.00      0.00      0.00      0.00
04:52:39 PM       1     57.43      0.00     42.57      0.00      0.00      0.00
04:52:40 PM       1     57.00      0.00     43.00      0.00      0.00      0.00
04:52:41 PM       1     60.61      0.00     39.39      0.00      0.00      0.00
04:52:42 PM       1     58.00      0.00     42.00      0.00      0.00      0.00
04:52:43 PM       1     58.00      0.00     42.00      0.00      0.00      0.00
04:52:44 PM       1     59.41      0.00     40.59      0.00      0.00      0.00
04:52:45 PM       1     56.00      0.00     44.00      0.00      0.00      0.00
04:52:46 PM       1     57.00      0.00     43.00      0.00      0.00      0.00
04:52:47 PM       1     55.56      0.00     44.44      0.00      0.00      0.00
04:52:48 PM       1     57.43      0.00     42.57      0.00      0.00      0.00
04:52:49 PM       1     57.00      0.00     43.00      0.00      0.00      0.00
04:52:50 PM       1     60.00      0.00     40.00      0.00      0.00      0.00
04:52:51 PM       1     58.00      0.00     42.00      0.00      0.00      0.00
04:52:52 PM       1     55.56      0.00     44.44      0.00      0.00      0.00
04:52:53 PM       1     58.00      0.00     42.00      0.00      0.00      0.00
04:52:54 PM       1     57.43      0.00     42.57      0.00      0.00      0.00
Average:          1     57.72      0.00     42.28      0.00      0.00      0.00
