Linux 3.14.33-regular (node220-2) 	01/04/2017 	_x86_64_	(8 CPU)

04:57:04 PM     CPU     %user     %nice   %system   %iowait    %steal     %idle
04:57:05 PM       1     59.41      0.00     40.59      0.00      0.00      0.00
04:57:06 PM       1     58.00      0.00     42.00      0.00      0.00      0.00
04:57:07 PM       1     57.58      0.00     42.42      0.00      0.00      0.00
04:57:08 PM       1     57.43      0.00     42.57      0.00      0.00      0.00
04:57:09 PM       1     59.00      0.00     41.00      0.00      0.00      0.00
04:57:10 PM       1     59.00      0.00     41.00      0.00      0.00      0.00
04:57:11 PM       1     56.00      0.00     44.00      0.00      0.00      0.00
04:57:12 PM       1     57.58      0.00     42.42      0.00      0.00      0.00
04:57:13 PM       1     55.45      0.00     44.55      0.00      0.00      0.00
04:57:14 PM       1     58.00      0.00     42.00      0.00      0.00      0.00
04:57:15 PM       1     56.57      0.00     43.43      0.00      0.00      0.00
04:57:16 PM       1     58.42      0.00     41.58      0.00      0.00      0.00
04:57:17 PM       1     59.00      0.00     41.00      0.00      0.00      0.00
04:57:18 PM       1     58.00      0.00     42.00      0.00      0.00      0.00
04:57:19 PM       1     57.58      0.00     42.42      0.00      0.00      0.00
04:57:20 PM       1     55.45      0.00     44.55      0.00      0.00      0.00
04:57:21 PM       1     56.57      0.00     43.43      0.00      0.00      0.00
04:57:22 PM       1     57.43      0.00     42.57      0.00      0.00      0.00
04:57:23 PM       1     57.00      0.00     43.00      0.00      0.00      0.00
04:57:24 PM       1     57.00      0.00     43.00      0.00      0.00      0.00
Average:          1     57.52      0.00     42.48      0.00      0.00      0.00
