Linux 3.14.33-regular (node220-2) 	01/04/2017 	_x86_64_	(8 CPU)

04:58:21 PM     CPU     %user     %nice   %system   %iowait    %steal     %idle
04:58:22 PM       1     57.00      0.00     43.00      0.00      0.00      0.00
04:58:23 PM       1     57.00      0.00     43.00      0.00      0.00      0.00
04:58:24 PM       1     54.00      0.00     46.00      0.00      0.00      0.00
04:58:25 PM       1     59.00      0.00     41.00      0.00      0.00      0.00
04:58:26 PM       1     57.00      0.00     43.00      0.00      0.00      0.00
04:58:27 PM       1     59.00      0.00     41.00      0.00      0.00      0.00
04:58:28 PM       1     59.00      0.00     41.00      0.00      0.00      0.00
04:58:29 PM       1     58.00      0.00     42.00      0.00      0.00      0.00
04:58:30 PM       1     59.00      0.00     41.00      0.00      0.00      0.00
04:58:31 PM       1     57.00      0.00     43.00      0.00      0.00      0.00
04:58:32 PM       1     58.00      0.00     42.00      0.00      0.00      0.00
04:58:33 PM       1     57.00      0.00     43.00      0.00      0.00      0.00
04:58:34 PM       1     58.00      0.00     42.00      0.00      0.00      0.00
04:58:35 PM       1     58.00      0.00     42.00      0.00      0.00      0.00
04:58:36 PM       1     55.00      0.00     45.00      0.00      0.00      0.00
04:58:37 PM       1     58.00      0.00     42.00      0.00      0.00      0.00
04:58:38 PM       1     58.00      0.00     42.00      0.00      0.00      0.00
04:58:39 PM       1     57.00      0.00     43.00      0.00      0.00      0.00
04:58:40 PM       1     58.00      0.00     42.00      0.00      0.00      0.00
04:58:41 PM       1     60.00      0.00     40.00      0.00      0.00      0.00
Average:          1     57.65      0.00     42.35      0.00      0.00      0.00
