Linux 3.14.33-regular (node220-2) 	01/04/2017 	_x86_64_	(8 CPU)

06:07:34 PM     CPU     %user     %nice   %system   %iowait    %steal     %idle
06:07:35 PM       1     58.00      0.00     42.00      0.00      0.00      0.00
06:07:36 PM       1     59.00      0.00     41.00      0.00      0.00      0.00
06:07:37 PM       1     57.00      0.00     43.00      0.00      0.00      0.00
06:07:38 PM       1     58.00      0.00     42.00      0.00      0.00      0.00
06:07:39 PM       1     57.00      0.00     43.00      0.00      0.00      0.00
06:07:40 PM       1     58.00      0.00     42.00      0.00      0.00      0.00
06:07:41 PM       1     59.00      0.00     41.00      0.00      0.00      0.00
06:07:42 PM       1     56.00      0.00     44.00      0.00      0.00      0.00
06:07:43 PM       1     57.00      0.00     43.00      0.00      0.00      0.00
06:07:44 PM       1     59.00      0.00     41.00      0.00      0.00      0.00
06:07:45 PM       1     59.00      0.00     41.00      0.00      0.00      0.00
06:07:46 PM       1     57.00      0.00     43.00      0.00      0.00      0.00
06:07:47 PM       1     58.00      0.00     42.00      0.00      0.00      0.00
06:07:48 PM       1     56.00      0.00     44.00      0.00      0.00      0.00
06:07:49 PM       1     58.00      0.00     42.00      0.00      0.00      0.00
06:07:50 PM       1     59.00      0.00     41.00      0.00      0.00      0.00
06:07:51 PM       1     57.00      0.00     43.00      0.00      0.00      0.00
06:07:52 PM       1     57.00      0.00     43.00      0.00      0.00      0.00
06:07:53 PM       1     58.00      0.00     42.00      0.00      0.00      0.00
06:07:54 PM       1     59.00      0.00     41.00      0.00      0.00      0.00
Average:          1     57.80      0.00     42.20      0.00      0.00      0.00
