Linux 3.14.33-regular (node220-2) 	01/04/2017 	_x86_64_	(8 CPU)

05:10:32 PM     CPU     %user     %nice   %system   %iowait    %steal     %idle
05:10:33 PM       1     60.00      0.00     40.00      0.00      0.00      0.00
05:10:34 PM       1     55.00      0.00     45.00      0.00      0.00      0.00
05:10:35 PM       1     55.00      0.00     45.00      0.00      0.00      0.00
05:10:36 PM       1     58.00      0.00     42.00      0.00      0.00      0.00
05:10:37 PM       1     57.00      0.00     43.00      0.00      0.00      0.00
05:10:38 PM       1     58.00      0.00     42.00      0.00      0.00      0.00
05:10:39 PM       1     58.00      0.00     42.00      0.00      0.00      0.00
05:10:40 PM       1     57.00      0.00     43.00      0.00      0.00      0.00
05:10:41 PM       1     57.00      0.00     43.00      0.00      0.00      0.00
05:10:42 PM       1     58.00      0.00     42.00      0.00      0.00      0.00
05:10:43 PM       1     57.00      0.00     43.00      0.00      0.00      0.00
05:10:44 PM       1     58.00      0.00     42.00      0.00      0.00      0.00
05:10:45 PM       1     58.00      0.00     42.00      0.00      0.00      0.00
05:10:46 PM       1     59.41      0.00     40.59      0.00      0.00      0.00
05:10:47 PM       1     55.56      0.00     44.44      0.00      0.00      0.00
05:10:48 PM       1     58.00      0.00     42.00      0.00      0.00      0.00
05:10:49 PM       1     58.00      0.00     42.00      0.00      0.00      0.00
05:10:50 PM       1     57.00      0.00     43.00      0.00      0.00      0.00
05:10:51 PM       1     57.00      0.00     43.00      0.00      0.00      0.00
05:10:52 PM       1     57.00      0.00     43.00      0.00      0.00      0.00
Average:          1     57.40      0.00     42.60      0.00      0.00      0.00
