Linux 3.14.33-regular (node220-2) 	01/04/2017 	_x86_64_	(8 CPU)

05:02:51 PM     CPU     %user     %nice   %system   %iowait    %steal     %idle
05:02:52 PM       1     56.00      0.00     44.00      0.00      0.00      0.00
05:02:53 PM       1     58.59      0.00     41.41      0.00      0.00      0.00
05:02:54 PM       1     57.00      0.00     43.00      0.00      0.00      0.00
05:02:55 PM       1     56.00      0.00     44.00      0.00      0.00      0.00
05:02:56 PM       1     57.43      0.00     42.57      0.00      0.00      0.00
05:02:57 PM       1     57.00      0.00     43.00      0.00      0.00      0.00
05:02:58 PM       1     56.57      0.00     43.43      0.00      0.00      0.00
05:02:59 PM       1     56.44      0.00     43.56      0.00      0.00      0.00
05:03:00 PM       1     59.00      0.00     41.00      0.00      0.00      0.00
05:03:01 PM       1     58.00      0.00     42.00      0.00      0.00      0.00
05:03:02 PM       1     57.58      0.00     42.42      0.00      0.00      0.00
05:03:03 PM       1     58.42      0.00     41.58      0.00      0.00      0.00
05:03:04 PM       1     57.58      0.00     42.42      0.00      0.00      0.00
05:03:05 PM       1     57.43      0.00     42.57      0.00      0.00      0.00
05:03:06 PM       1     58.59      0.00     41.41      0.00      0.00      0.00
05:03:07 PM       1     55.45      0.00     44.55      0.00      0.00      0.00
05:03:08 PM       1     58.59      0.00     41.41      0.00      0.00      0.00
05:03:09 PM       1     54.46      0.00     45.54      0.00      0.00      0.00
05:03:10 PM       1     58.59      0.00     41.41      0.00      0.00      0.00
05:03:11 PM       1     56.44      0.00     43.56      0.00      0.00      0.00
Average:          1     57.25      0.00     42.75      0.00      0.00      0.00
