Linux 3.14.33-regular (node220-2) 	01/04/2017 	_x86_64_	(8 CPU)

05:40:00 PM     CPU     %user     %nice   %system   %iowait    %steal     %idle
05:40:01 PM       1     56.00      0.00     44.00      0.00      0.00      0.00
05:40:02 PM       1     56.00      0.00     44.00      0.00      0.00      0.00
05:40:03 PM       1     56.00      0.00     44.00      0.00      0.00      0.00
05:40:04 PM       1     58.00      0.00     42.00      0.00      0.00      0.00
05:40:05 PM       1     60.00      0.00     40.00      0.00      0.00      0.00
05:40:06 PM       1     55.00      0.00     45.00      0.00      0.00      0.00
05:40:07 PM       1     58.00      0.00     42.00      0.00      0.00      0.00
05:40:08 PM       1     58.00      0.00     42.00      0.00      0.00      0.00
05:40:09 PM       1     57.00      0.00     43.00      0.00      0.00      0.00
05:40:10 PM       1     57.00      0.00     43.00      0.00      0.00      0.00
05:40:11 PM       1     57.00      0.00     43.00      0.00      0.00      0.00
05:40:12 PM       1     60.00      0.00     40.00      0.00      0.00      0.00
05:40:13 PM       1     55.00      0.00     45.00      0.00      0.00      0.00
05:40:14 PM       1     59.00      0.00     41.00      0.00      0.00      0.00
05:40:15 PM       1     56.00      0.00     44.00      0.00      0.00      0.00
05:40:16 PM       1     59.00      0.00     41.00      0.00      0.00      0.00
05:40:17 PM       1     59.00      0.00     41.00      0.00      0.00      0.00
05:40:18 PM       1     56.00      0.00     44.00      0.00      0.00      0.00
05:40:19 PM       1     57.00      0.00     43.00      0.00      0.00      0.00
05:40:20 PM       1     58.00      0.00     42.00      0.00      0.00      0.00
Average:          1     57.35      0.00     42.65      0.00      0.00      0.00
