Linux 3.14.33-regular (node220-2) 	01/04/2017 	_x86_64_	(8 CPU)

04:27:34 PM     CPU     %user     %nice   %system   %iowait    %steal     %idle
04:27:35 PM       1     58.00      0.00     42.00      0.00      0.00      0.00
04:27:36 PM       1     59.00      0.00     41.00      0.00      0.00      0.00
04:27:37 PM       1     56.44      0.00     43.56      0.00      0.00      0.00
04:27:38 PM       1     58.00      0.00     42.00      0.00      0.00      0.00
04:27:39 PM       1     58.00      0.00     42.00      0.00      0.00      0.00
04:27:40 PM       1     58.00      0.00     42.00      0.00      0.00      0.00
04:27:41 PM       1     59.00      0.00     41.00      0.00      0.00      0.00
04:27:42 PM       1     58.59      0.00     41.41      0.00      0.00      0.00
04:27:43 PM       1     57.43      0.00     42.57      0.00      0.00      0.00
04:27:44 PM       1     59.00      0.00     41.00      0.00      0.00      0.00
04:27:45 PM       1     58.00      0.00     42.00      0.00      0.00      0.00
04:27:46 PM       1     59.60      0.00     40.40      0.00      0.00      0.00
04:27:47 PM       1     58.00      0.00     42.00      0.00      0.00      0.00
04:27:48 PM       1     58.00      0.00     42.00      0.00      0.00      0.00
04:27:49 PM       1     56.44      0.00     43.56      0.00      0.00      0.00
04:27:50 PM       1     57.58      0.00     42.42      0.00      0.00      0.00
04:27:51 PM       1     57.00      0.00     43.00      0.00      0.00      0.00
04:27:52 PM       1     57.43      0.00     42.57      0.00      0.00      0.00
04:27:53 PM       1     54.00      0.00     46.00      0.00      0.00      0.00
04:27:54 PM       1     59.00      0.00     41.00      0.00      0.00      0.00
Average:          1     57.82      0.00     42.18      0.00      0.00      0.00
