Linux 3.14.33-regular (node220-2) 	01/04/2017 	_x86_64_	(8 CPU)

05:18:52 PM     CPU     %user     %nice   %system   %iowait    %steal     %idle
05:18:53 PM       1     58.00      0.00     42.00      0.00      0.00      0.00
05:18:54 PM       1     57.00      0.00     43.00      0.00      0.00      0.00
05:18:55 PM       1     58.00      0.00     42.00      0.00      0.00      0.00
05:18:56 PM       1     56.00      0.00     44.00      0.00      0.00      0.00
05:18:57 PM       1     57.00      0.00     43.00      0.00      0.00      0.00
05:18:58 PM       1     57.00      0.00     43.00      0.00      0.00      0.00
05:18:59 PM       1     58.00      0.00     42.00      0.00      0.00      0.00
05:19:00 PM       1     56.00      0.00     44.00      0.00      0.00      0.00
05:19:01 PM       1     56.00      0.00     44.00      0.00      0.00      0.00
05:19:02 PM       1     56.00      0.00     44.00      0.00      0.00      0.00
05:19:03 PM       1     58.00      0.00     42.00      0.00      0.00      0.00
05:19:04 PM       1     55.00      0.00     45.00      0.00      0.00      0.00
05:19:05 PM       1     58.00      0.00     42.00      0.00      0.00      0.00
05:19:06 PM       1     58.00      0.00     42.00      0.00      0.00      0.00
05:19:07 PM       1     58.59      0.00     41.41      0.00      0.00      0.00
05:19:08 PM       1     58.42      0.00     41.58      0.00      0.00      0.00
05:19:09 PM       1     55.00      0.00     45.00      0.00      0.00      0.00
05:19:10 PM       1     58.00      0.00     42.00      0.00      0.00      0.00
05:19:11 PM       1     57.00      0.00     43.00      0.00      0.00      0.00
05:19:12 PM       1     55.00      0.00     45.00      0.00      0.00      0.00
Average:          1     57.00      0.00     43.00      0.00      0.00      0.00
