Linux 3.14.33-regular (node220-2) 	01/04/2017 	_x86_64_	(8 CPU)

04:33:21 PM     CPU     %user     %nice   %system   %iowait    %steal     %idle
04:33:22 PM       1     57.58      0.00     42.42      0.00      0.00      0.00
04:33:23 PM       1     56.00      0.00     44.00      0.00      0.00      0.00
04:33:24 PM       1     60.00      0.00     40.00      0.00      0.00      0.00
04:33:25 PM       1     56.00      0.00     44.00      0.00      0.00      0.00
04:33:26 PM       1     56.00      0.00     44.00      0.00      0.00      0.00
04:33:27 PM       1     59.41      0.00     40.59      0.00      0.00      0.00
04:33:28 PM       1     57.58      0.00     42.42      0.00      0.00      0.00
04:33:29 PM       1     59.00      0.00     41.00      0.00      0.00      0.00
04:33:30 PM       1     55.45      0.00     44.55      0.00      0.00      0.00
04:33:31 PM       1     58.00      0.00     42.00      0.00      0.00      0.00
04:33:32 PM       1     60.00      0.00     40.00      0.00      0.00      0.00
04:33:33 PM       1     57.00      0.00     43.00      0.00      0.00      0.00
04:33:34 PM       1     56.00      0.00     44.00      0.00      0.00      0.00
04:33:35 PM       1     54.55      0.00     45.45      0.00      0.00      0.00
04:33:36 PM       1     58.00      0.00     42.00      0.00      0.00      0.00
04:33:37 PM       1     56.00      0.00     44.00      0.00      0.00      0.00
04:33:38 PM       1     58.00      0.00     42.00      0.00      0.00      0.00
04:33:39 PM       1     58.00      0.00     42.00      0.00      0.00      0.00
04:33:40 PM       1     58.00      0.00     42.00      0.00      0.00      0.00
04:33:41 PM       1     56.00      0.00     44.00      0.00      0.00      0.00
Average:          1     57.33      0.00     42.67      0.00      0.00      0.00
