Linux 3.14.33-regular (node220-2) 	01/04/2017 	_x86_64_	(8 CPU)

05:03:29 PM     CPU     %user     %nice   %system   %iowait    %steal     %idle
05:03:30 PM       1     59.00      0.00     41.00      0.00      0.00      0.00
05:03:31 PM       1     58.00      0.00     42.00      0.00      0.00      0.00
05:03:32 PM       1     57.58      0.00     42.42      0.00      0.00      0.00
05:03:33 PM       1     56.00      0.00     44.00      0.00      0.00      0.00
05:03:34 PM       1     56.44      0.00     43.56      0.00      0.00      0.00
05:03:35 PM       1     58.00      0.00     42.00      0.00      0.00      0.00
05:03:36 PM       1     56.00      0.00     44.00      0.00      0.00      0.00
05:03:37 PM       1     58.00      0.00     42.00      0.00      0.00      0.00
05:03:38 PM       1     58.59      0.00     41.41      0.00      0.00      0.00
05:03:39 PM       1     59.41      0.00     40.59      0.00      0.00      0.00
05:03:40 PM       1     57.00      0.00     43.00      0.00      0.00      0.00
05:03:41 PM       1     57.00      0.00     43.00      0.00      0.00      0.00
05:03:42 PM       1     57.00      0.00     43.00      0.00      0.00      0.00
05:03:43 PM       1     59.00      0.00     41.00      0.00      0.00      0.00
05:03:44 PM       1     56.00      0.00     44.00      0.00      0.00      0.00
05:03:45 PM       1     58.00      0.00     42.00      0.00      0.00      0.00
05:03:46 PM       1     58.59      0.00     41.41      0.00      0.00      0.00
05:03:47 PM       1     56.44      0.00     43.56      0.00      0.00      0.00
05:03:48 PM       1     56.00      0.00     44.00      0.00      0.00      0.00
05:03:49 PM       1     59.60      0.00     40.40      0.00      0.00      0.00
Average:          1     57.58      0.00     42.42      0.00      0.00      0.00
