Linux 3.14.33-regular (node220-2) 	01/04/2017 	_x86_64_	(8 CPU)

05:37:27 PM     CPU     %user     %nice   %system   %iowait    %steal     %idle
05:37:28 PM       1     58.00      0.00     42.00      0.00      0.00      0.00
05:37:29 PM       1     56.00      0.00     44.00      0.00      0.00      0.00
05:37:30 PM       1     56.00      0.00     44.00      0.00      0.00      0.00
05:37:31 PM       1     56.00      0.00     44.00      0.00      0.00      0.00
05:37:32 PM       1     58.00      0.00     42.00      0.00      0.00      0.00
05:37:33 PM       1     56.00      0.00     44.00      0.00      0.00      0.00
05:37:34 PM       1     58.00      0.00     42.00      0.00      0.00      0.00
05:37:35 PM       1     58.00      0.00     42.00      0.00      0.00      0.00
05:37:36 PM       1     58.00      0.00     42.00      0.00      0.00      0.00
05:37:37 PM       1     55.00      0.00     45.00      0.00      0.00      0.00
05:37:38 PM       1     58.00      0.00     42.00      0.00      0.00      0.00
05:37:39 PM       1     56.00      0.00     44.00      0.00      0.00      0.00
05:37:40 PM       1     56.00      0.00     44.00      0.00      0.00      0.00
05:37:41 PM       1     57.00      0.00     43.00      0.00      0.00      0.00
05:37:42 PM       1     58.00      0.00     42.00      0.00      0.00      0.00
05:37:43 PM       1     58.00      0.00     42.00      0.00      0.00      0.00
05:37:44 PM       1     57.00      0.00     43.00      0.00      0.00      0.00
05:37:45 PM       1     57.00      0.00     43.00      0.00      0.00      0.00
05:37:46 PM       1     56.00      0.00     44.00      0.00      0.00      0.00
05:37:47 PM       1     56.00      0.00     44.00      0.00      0.00      0.00
Average:          1     56.90      0.00     43.10      0.00      0.00      0.00
