Linux 3.14.33-regular (node220-2) 	01/04/2017 	_x86_64_	(8 CPU)

01:12:44 PM     CPU     %user     %nice   %system   %iowait    %steal     %idle
01:12:45 PM       1     23.00      0.00     77.00      0.00      0.00      0.00
01:12:46 PM       1     20.79      0.00     79.21      0.00      0.00      0.00
01:12:47 PM       1     19.19      0.00     80.81      0.00      0.00      0.00
01:12:48 PM       1     18.00      0.00     82.00      0.00      0.00      0.00
01:12:49 PM       1     20.00      0.00     80.00      0.00      0.00      0.00
01:12:50 PM       1     20.79      0.00     79.21      0.00      0.00      0.00
01:12:51 PM       1     21.00      0.00     79.00      0.00      0.00      0.00
01:12:52 PM       1     27.00      0.00     73.00      0.00      0.00      0.00
01:12:53 PM       1     19.00      0.00     81.00      0.00      0.00      0.00
01:12:54 PM       1     22.00      0.00     78.00      0.00      0.00      0.00
01:12:55 PM       1     19.19      0.00     80.81      0.00      0.00      0.00
01:12:56 PM       1     22.00      0.00     78.00      0.00      0.00      0.00
01:12:57 PM       1     23.76      0.00     76.24      0.00      0.00      0.00
01:12:58 PM       1     22.22      0.00     77.78      0.00      0.00      0.00
01:12:59 PM       1     22.00      0.00     78.00      0.00      0.00      0.00
01:13:00 PM       1     19.00      0.00     81.00      0.00      0.00      0.00
01:13:01 PM       1     25.00      0.00     75.00      0.00      0.00      0.00
01:13:02 PM       1     24.00      0.00     76.00      0.00      0.00      0.00
01:13:03 PM       1     23.00      0.00     77.00      0.00      0.00      0.00
01:13:04 PM       1     21.78      0.00     78.22      0.00      0.00      0.00
Average:          1     21.64      0.00     78.36      0.00      0.00      0.00
