Linux 3.14.33-regular (node220-2) 	01/04/2017 	_x86_64_	(8 CPU)

02:07:16 PM     CPU     %user     %nice   %system   %iowait    %steal     %idle
02:07:17 PM       1     20.79      0.00     79.21      0.00      0.00      0.00
02:07:18 PM       1     22.22      0.00     77.78      0.00      0.00      0.00
02:07:19 PM       1     24.00      0.00     76.00      0.00      0.00      0.00
02:07:20 PM       1     20.00      0.00     80.00      0.00      0.00      0.00
02:07:21 PM       1     27.00      0.00     73.00      0.00      0.00      0.00
02:07:22 PM       1     20.79      0.00     79.21      0.00      0.00      0.00
02:07:23 PM       1     27.27      0.00     72.73      0.00      0.00      0.00
02:07:24 PM       1     26.73      0.00     73.27      0.00      0.00      0.00
02:07:25 PM       1     20.20      0.00     79.80      0.00      0.00      0.00
02:07:26 PM       1     24.00      0.00     76.00      0.00      0.00      0.00
02:07:27 PM       1     21.00      0.00     79.00      0.00      0.00      0.00
02:07:28 PM       1     21.00      0.00     79.00      0.00      0.00      0.00
02:07:29 PM       1     23.76      0.00     76.24      0.00      0.00      0.00
02:07:30 PM       1     19.19      0.00     80.81      0.00      0.00      0.00
02:07:31 PM       1     21.00      0.00     79.00      0.00      0.00      0.00
02:07:32 PM       1     18.00      0.00     82.00      0.00      0.00      0.00
02:07:33 PM       1     22.00      0.00     78.00      0.00      0.00      0.00
02:07:34 PM       1     26.00      0.00     74.00      0.00      0.00      0.00
02:07:35 PM       1     27.00      0.00     73.00      0.00      0.00      0.00
02:07:36 PM       1     18.00      0.00     82.00      0.00      0.00      0.00
Average:          1     22.50      0.00     77.50      0.00      0.00      0.00
