Linux 3.14.33-regular (node220-2) 	01/04/2017 	_x86_64_	(8 CPU)

12:41:54 PM     CPU     %user     %nice   %system   %iowait    %steal     %idle
12:41:55 PM       1     22.00      0.00     78.00      0.00      0.00      0.00
12:41:56 PM       1     23.76      0.00     76.24      0.00      0.00      0.00
12:41:57 PM       1     22.00      0.00     78.00      0.00      0.00      0.00
12:41:58 PM       1     21.00      0.00     79.00      0.00      0.00      0.00
12:41:59 PM       1     20.00      0.00     80.00      0.00      0.00      0.00
12:42:00 PM       1     24.00      0.00     76.00      0.00      0.00      0.00
12:42:01 PM       1     21.00      0.00     79.00      0.00      0.00      0.00
12:42:02 PM       1     19.19      0.00     80.81      0.00      0.00      0.00
12:42:03 PM       1     18.81      0.00     81.19      0.00      0.00      0.00
12:42:04 PM       1     21.21      0.00     78.79      0.00      0.00      0.00
12:42:05 PM       1     21.00      0.00     79.00      0.00      0.00      0.00
12:42:06 PM       1     20.00      0.00     80.00      0.00      0.00      0.00
12:42:07 PM       1     20.00      0.00     80.00      0.00      0.00      0.00
12:42:08 PM       1     19.80      0.00     80.20      0.00      0.00      0.00
12:42:09 PM       1     23.23      0.00     76.77      0.00      0.00      0.00
12:42:10 PM       1     23.00      0.00     77.00      0.00      0.00      0.00
12:42:11 PM       1     24.75      0.00     75.25      0.00      0.00      0.00
12:42:12 PM       1     20.00      0.00     80.00      0.00      0.00      0.00
12:42:13 PM       1     18.18      0.00     81.82      0.00      0.00      0.00
12:42:14 PM       1     22.00      0.00     78.00      0.00      0.00      0.00
Average:          1     21.25      0.00     78.75      0.00      0.00      0.00
