Linux 3.14.33-regular (node220-2) 	01/04/2017 	_x86_64_	(8 CPU)

02:07:54 PM     CPU     %user     %nice   %system   %iowait    %steal     %idle
02:07:55 PM       1     25.00      0.00     75.00      0.00      0.00      0.00
02:07:56 PM       1     17.82      0.00     82.18      0.00      0.00      0.00
02:07:57 PM       1     24.00      0.00     76.00      0.00      0.00      0.00
02:07:58 PM       1     21.00      0.00     79.00      0.00      0.00      0.00
02:07:59 PM       1     21.00      0.00     79.00      0.00      0.00      0.00
02:08:00 PM       1     21.00      0.00     79.00      0.00      0.00      0.00
02:08:01 PM       1     21.00      0.00     79.00      0.00      0.00      0.00
02:08:02 PM       1     22.22      0.00     77.78      0.00      0.00      0.00
02:08:03 PM       1     22.00      0.00     78.00      0.00      0.00      0.00
02:08:04 PM       1     22.00      0.00     78.00      0.00      0.00      0.00
02:08:05 PM       1     21.00      0.00     79.00      0.00      0.00      0.00
02:08:06 PM       1     27.00      0.00     73.00      0.00      0.00      0.00
02:08:07 PM       1     22.00      0.00     78.00      0.00      0.00      0.00
02:08:08 PM       1     24.00      0.00     76.00      0.00      0.00      0.00
02:08:09 PM       1     22.00      0.00     78.00      0.00      0.00      0.00
02:08:10 PM       1     21.00      0.00     79.00      0.00      0.00      0.00
02:08:11 PM       1     25.00      0.00     75.00      0.00      0.00      0.00
02:08:12 PM       1     21.00      0.00     79.00      0.00      0.00      0.00
02:08:13 PM       1     19.00      0.00     81.00      0.00      0.00      0.00
02:08:14 PM       1     23.00      0.00     77.00      0.00      0.00      0.00
Average:          1     22.10      0.00     77.90      0.00      0.00      0.00
