Linux 3.14.33-regular (node220-2) 	01/04/2017 	_x86_64_	(8 CPU)

12:36:07 PM     CPU     %user     %nice   %system   %iowait    %steal     %idle
12:36:08 PM       1     25.00      0.00     75.00      0.00      0.00      0.00
12:36:09 PM       1     30.00      0.00     70.00      0.00      0.00      0.00
12:36:10 PM       1     21.78      0.00     78.22      0.00      0.00      0.00
12:36:11 PM       1     21.00      0.00     79.00      0.00      0.00      0.00
12:36:12 PM       1     22.22      0.00     77.78      0.00      0.00      0.00
12:36:13 PM       1     17.82      0.00     82.18      0.00      0.00      0.00
12:36:14 PM       1     24.00      0.00     76.00      0.00      0.00      0.00
12:36:15 PM       1     19.00      0.00     81.00      0.00      0.00      0.00
12:36:16 PM       1     26.00      0.00     74.00      0.00      0.00      0.00
12:36:17 PM       1     21.21      0.00     78.79      0.00      0.00      0.00
12:36:18 PM       1     23.76      0.00     76.24      0.00      0.00      0.00
12:36:19 PM       1     19.00      0.00     81.00      0.00      0.00      0.00
12:36:20 PM       1     23.00      0.00     77.00      0.00      0.00      0.00
12:36:21 PM       1     22.22      0.00     77.78      0.00      0.00      0.00
12:36:22 PM       1     19.80      0.00     80.20      0.00      0.00      0.00
12:36:23 PM       1     24.24      0.00     75.76      0.00      0.00      0.00
12:36:24 PM       1     23.00      0.00     77.00      0.00      0.00      0.00
12:36:25 PM       1     25.00      0.00     75.00      0.00      0.00      0.00
12:36:26 PM       1     22.00      0.00     78.00      0.00      0.00      0.00
12:36:27 PM       1     24.00      0.00     76.00      0.00      0.00      0.00
Average:          1     22.70      0.00     77.30      0.00      0.00      0.00
