Linux 3.14.33-regular (node220-2) 	01/04/2017 	_x86_64_	(8 CPU)

12:37:23 PM     CPU     %user     %nice   %system   %iowait    %steal     %idle
12:37:24 PM       1     20.00      0.00     80.00      0.00      0.00      0.00
12:37:25 PM       1     22.00      0.00     78.00      0.00      0.00      0.00
12:37:26 PM       1     26.00      0.00     74.00      0.00      0.00      0.00
12:37:27 PM       1     22.00      0.00     78.00      0.00      0.00      0.00
12:37:28 PM       1     19.19      0.00     80.81      0.00      0.00      0.00
12:37:29 PM       1     18.81      0.00     81.19      0.00      0.00      0.00
12:37:30 PM       1     18.18      0.00     81.82      0.00      0.00      0.00
12:37:31 PM       1     22.00      0.00     78.00      0.00      0.00      0.00
12:37:32 PM       1     20.79      0.00     79.21      0.00      0.00      0.00
12:37:33 PM       1     23.23      0.00     76.77      0.00      0.00      0.00
12:37:34 PM       1     21.78      0.00     78.22      0.00      0.00      0.00
12:37:35 PM       1     21.21      0.00     78.79      0.00      0.00      0.00
12:37:36 PM       1     22.77      0.00     77.23      0.00      0.00      0.00
12:37:37 PM       1     19.19      0.00     80.81      0.00      0.00      0.00
12:37:38 PM       1     24.75      0.00     75.25      0.00      0.00      0.00
12:37:39 PM       1     22.00      0.00     78.00      0.00      0.00      0.00
12:37:40 PM       1     23.23      0.00     76.77      0.00      0.00      0.00
12:37:41 PM       1     24.75      0.00     75.25      0.00      0.00      0.00
12:37:42 PM       1     23.23      0.00     76.77      0.00      0.00      0.00
12:37:43 PM       1     22.77      0.00     77.23      0.00      0.00      0.00
Average:          1     21.90      0.00     78.10      0.00      0.00      0.00
