Linux 3.14.33-regular (node220-2) 	01/04/2017 	_x86_64_	(8 CPU)

01:03:06 PM     CPU     %user     %nice   %system   %iowait    %steal     %idle
01:03:07 PM       1     20.79      0.00     79.21      0.00      0.00      0.00
01:03:08 PM       1     21.00      0.00     79.00      0.00      0.00      0.00
01:03:09 PM       1     19.00      0.00     81.00      0.00      0.00      0.00
01:03:10 PM       1     23.00      0.00     77.00      0.00      0.00      0.00
01:03:11 PM       1     21.00      0.00     79.00      0.00      0.00      0.00
01:03:12 PM       1     21.78      0.00     78.22      0.00      0.00      0.00
01:03:13 PM       1     23.23      0.00     76.77      0.00      0.00      0.00
01:03:14 PM       1     21.00      0.00     79.00      0.00      0.00      0.00
01:03:15 PM       1     24.00      0.00     76.00      0.00      0.00      0.00
01:03:16 PM       1     21.00      0.00     79.00      0.00      0.00      0.00
01:03:17 PM       1     20.00      0.00     80.00      0.00      0.00      0.00
01:03:18 PM       1     19.19      0.00     80.81      0.00      0.00      0.00
01:03:19 PM       1     20.00      0.00     80.00      0.00      0.00      0.00
01:03:20 PM       1     23.76      0.00     76.24      0.00      0.00      0.00
01:03:21 PM       1     28.00      0.00     72.00      0.00      0.00      0.00
01:03:22 PM       1     22.22      0.00     77.78      0.00      0.00      0.00
01:03:23 PM       1     17.82      0.00     82.18      0.00      0.00      0.00
01:03:24 PM       1     23.00      0.00     77.00      0.00      0.00      0.00
01:03:25 PM       1     25.25      0.00     74.75      0.00      0.00      0.00
01:03:26 PM       1     20.00      0.00     80.00      0.00      0.00      0.00
Average:          1     21.75      0.00     78.25      0.00      0.00      0.00
