Linux 3.14.33-regular (node220-2) 	01/04/2017 	_x86_64_	(8 CPU)

12:49:38 PM     CPU     %user     %nice   %system   %iowait    %steal     %idle
12:49:39 PM       1     19.00      0.00     81.00      0.00      0.00      0.00
12:49:40 PM       1     23.00      0.00     77.00      0.00      0.00      0.00
12:49:41 PM       1     20.00      0.00     80.00      0.00      0.00      0.00
12:49:42 PM       1     22.00      0.00     78.00      0.00      0.00      0.00
12:49:43 PM       1     21.00      0.00     79.00      0.00      0.00      0.00
12:49:44 PM       1     22.00      0.00     78.00      0.00      0.00      0.00
12:49:45 PM       1     22.00      0.00     78.00      0.00      0.00      0.00
12:49:46 PM       1     23.00      0.00     77.00      0.00      0.00      0.00
12:49:47 PM       1     20.00      0.00     80.00      0.00      0.00      0.00
12:49:48 PM       1     20.00      0.00     80.00      0.00      0.00      0.00
12:49:49 PM       1     18.18      0.00     81.82      0.00      0.00      0.00
12:49:50 PM       1     20.79      0.00     79.21      0.00      0.00      0.00
12:49:51 PM       1     26.00      0.00     74.00      0.00      0.00      0.00
12:49:52 PM       1     25.25      0.00     74.75      0.00      0.00      0.00
12:49:53 PM       1     19.80      0.00     80.20      0.00      0.00      0.00
12:49:54 PM       1     23.00      0.00     77.00      0.00      0.00      0.00
12:49:55 PM       1     18.81      0.00     81.19      0.00      0.00      0.00
12:49:56 PM       1     23.23      0.00     76.77      0.00      0.00      0.00
12:49:57 PM       1     17.00      0.00     83.00      0.00      0.00      0.00
12:49:58 PM       1     23.00      0.00     77.00      0.00      0.00      0.00
Average:          1     21.35      0.00     78.65      0.00      0.00      0.00
