Linux 3.14.33-regular (node220-2) 	01/04/2017 	_x86_64_	(8 CPU)

01:14:40 PM     CPU     %user     %nice   %system   %iowait    %steal     %idle
01:14:41 PM       1     22.00      0.00     78.00      0.00      0.00      0.00
01:14:42 PM       1     21.78      0.00     78.22      0.00      0.00      0.00
01:14:43 PM       1     19.19      0.00     80.81      0.00      0.00      0.00
01:14:44 PM       1     26.00      0.00     74.00      0.00      0.00      0.00
01:14:45 PM       1     22.00      0.00     78.00      0.00      0.00      0.00
01:14:46 PM       1     21.00      0.00     79.00      0.00      0.00      0.00
01:14:47 PM       1     23.00      0.00     77.00      0.00      0.00      0.00
01:14:48 PM       1     22.00      0.00     78.00      0.00      0.00      0.00
01:14:49 PM       1     21.00      0.00     79.00      0.00      0.00      0.00
01:14:50 PM       1     22.00      0.00     78.00      0.00      0.00      0.00
01:14:51 PM       1     24.00      0.00     76.00      0.00      0.00      0.00
01:14:52 PM       1     22.00      0.00     78.00      0.00      0.00      0.00
01:14:53 PM       1     18.00      0.00     82.00      0.00      0.00      0.00
01:14:54 PM       1     24.00      0.00     76.00      0.00      0.00      0.00
01:14:55 PM       1     20.00      0.00     80.00      0.00      0.00      0.00
01:14:56 PM       1     24.00      0.00     76.00      0.00      0.00      0.00
01:14:57 PM       1     23.00      0.00     77.00      0.00      0.00      0.00
01:14:58 PM       1     20.00      0.00     80.00      0.00      0.00      0.00
01:14:59 PM       1     23.00      0.00     77.00      0.00      0.00      0.00
01:15:00 PM       1     20.00      0.00     80.00      0.00      0.00      0.00
Average:          1     21.90      0.00     78.10      0.00      0.00      0.00
