Linux 3.14.33-regular (node220-2) 	01/04/2017 	_x86_64_	(8 CPU)

12:47:02 PM     CPU     %user     %nice   %system   %iowait    %steal     %idle
12:47:03 PM       1     20.00      0.00     80.00      0.00      0.00      0.00
12:47:04 PM       1     23.23      0.00     76.77      0.00      0.00      0.00
12:47:05 PM       1     24.75      0.00     75.25      0.00      0.00      0.00
12:47:06 PM       1     20.20      0.00     79.80      0.00      0.00      0.00
12:47:07 PM       1     27.00      0.00     73.00      0.00      0.00      0.00
12:47:08 PM       1     26.00      0.00     74.00      0.00      0.00      0.00
12:47:09 PM       1     22.77      0.00     77.23      0.00      0.00      0.00
12:47:10 PM       1     21.21      0.00     78.79      0.00      0.00      0.00
12:47:11 PM       1     23.00      0.00     77.00      0.00      0.00      0.00
12:47:12 PM       1     17.82      0.00     82.18      0.00      0.00      0.00
12:47:13 PM       1     18.00      0.00     82.00      0.00      0.00      0.00
12:47:14 PM       1     22.00      0.00     78.00      0.00      0.00      0.00
12:47:15 PM       1     24.00      0.00     76.00      0.00      0.00      0.00
12:47:16 PM       1     20.20      0.00     79.80      0.00      0.00      0.00
12:47:17 PM       1     23.76      0.00     76.24      0.00      0.00      0.00
12:47:18 PM       1     23.00      0.00     77.00      0.00      0.00      0.00
12:47:19 PM       1     20.00      0.00     80.00      0.00      0.00      0.00
12:47:20 PM       1     21.00      0.00     79.00      0.00      0.00      0.00
12:47:21 PM       1     26.00      0.00     74.00      0.00      0.00      0.00
12:47:22 PM       1     22.22      0.00     77.78      0.00      0.00      0.00
Average:          1     22.31      0.00     77.69      0.00      0.00      0.00
