Linux 3.14.33-regular (node220-2) 	01/04/2017 	_x86_64_	(8 CPU)

12:42:32 PM     CPU     %user     %nice   %system   %iowait    %steal     %idle
12:42:33 PM       1     23.76      0.00     76.24      0.00      0.00      0.00
12:42:34 PM       1     22.22      0.00     77.78      0.00      0.00      0.00
12:42:35 PM       1     24.75      0.00     75.25      0.00      0.00      0.00
12:42:36 PM       1     24.00      0.00     76.00      0.00      0.00      0.00
12:42:37 PM       1     19.00      0.00     81.00      0.00      0.00      0.00
12:42:38 PM       1     20.00      0.00     80.00      0.00      0.00      0.00
12:42:39 PM       1     22.00      0.00     78.00      0.00      0.00      0.00
12:42:40 PM       1     24.00      0.00     76.00      0.00      0.00      0.00
12:42:41 PM       1     24.00      0.00     76.00      0.00      0.00      0.00
12:42:42 PM       1     22.00      0.00     78.00      0.00      0.00      0.00
12:42:43 PM       1     23.00      0.00     77.00      0.00      0.00      0.00
12:42:44 PM       1     24.00      0.00     76.00      0.00      0.00      0.00
12:42:45 PM       1     23.00      0.00     77.00      0.00      0.00      0.00
12:42:46 PM       1     28.00      0.00     72.00      0.00      0.00      0.00
12:42:47 PM       1     21.21      0.00     78.79      0.00      0.00      0.00
12:42:48 PM       1     25.74      0.00     74.26      0.00      0.00      0.00
12:42:49 PM       1     21.00      0.00     79.00      0.00      0.00      0.00
12:42:50 PM       1     22.22      0.00     77.78      0.00      0.00      0.00
12:42:51 PM       1     25.74      0.00     74.26      0.00      0.00      0.00
12:42:52 PM       1     21.00      0.00     79.00      0.00      0.00      0.00
Average:          1     23.04      0.00     76.96      0.00      0.00      0.00
