Linux 3.14.33-regular (node220-2) 	01/04/2017 	_x86_64_	(8 CPU)

01:37:10 PM     CPU     %user     %nice   %system   %iowait    %steal     %idle
01:37:11 PM       1     25.00      0.00     75.00      0.00      0.00      0.00
01:37:12 PM       1     24.24      0.00     75.76      0.00      0.00      0.00
01:37:13 PM       1     21.78      0.00     78.22      0.00      0.00      0.00
01:37:14 PM       1     23.23      0.00     76.77      0.00      0.00      0.00
01:37:15 PM       1     24.00      0.00     76.00      0.00      0.00      0.00
01:37:16 PM       1     26.73      0.00     73.27      0.00      0.00      0.00
01:37:17 PM       1     23.23      0.00     76.77      0.00      0.00      0.00
01:37:18 PM       1     23.00      0.00     77.00      0.00      0.00      0.00
01:37:19 PM       1     20.79      0.00     79.21      0.00      0.00      0.00
01:37:20 PM       1     23.00      0.00     77.00      0.00      0.00      0.00
01:37:21 PM       1     26.00      0.00     74.00      0.00      0.00      0.00
01:37:22 PM       1     23.23      0.00     76.77      0.00      0.00      0.00
01:37:23 PM       1     24.00      0.00     76.00      0.00      0.00      0.00
01:37:24 PM       1     20.00      0.00     80.00      0.00      0.00      0.00
01:37:25 PM       1     25.00      0.00     75.00      0.00      0.00      0.00
01:37:26 PM       1     16.00      0.00     84.00      0.00      0.00      0.00
01:37:27 PM       1     20.79      0.00     79.21      0.00      0.00      0.00
01:37:28 PM       1     21.21      0.00     78.79      0.00      0.00      0.00
01:37:29 PM       1     24.00      0.00     76.00      0.00      0.00      0.00
01:37:30 PM       1     24.75      0.00     75.25      0.00      0.00      0.00
Average:          1     23.00      0.00     77.00      0.00      0.00      0.00
