Linux 3.14.33-regular (node220-2) 	01/04/2017 	_x86_64_	(8 CPU)

01:42:56 PM     CPU     %user     %nice   %system   %iowait    %steal     %idle
01:42:57 PM       1     22.77      0.00     77.23      0.00      0.00      0.00
01:42:58 PM       1     24.24      0.00     75.76      0.00      0.00      0.00
01:42:59 PM       1     24.00      0.00     76.00      0.00      0.00      0.00
01:43:00 PM       1     25.00      0.00     75.00      0.00      0.00      0.00
01:43:01 PM       1     24.75      0.00     75.25      0.00      0.00      0.00
01:43:02 PM       1     21.00      0.00     79.00      0.00      0.00      0.00
01:43:03 PM       1     23.00      0.00     77.00      0.00      0.00      0.00
01:43:04 PM       1     18.00      0.00     82.00      0.00      0.00      0.00
01:43:05 PM       1     18.18      0.00     81.82      0.00      0.00      0.00
01:43:06 PM       1     21.78      0.00     78.22      0.00      0.00      0.00
01:43:07 PM       1     22.22      0.00     77.78      0.00      0.00      0.00
01:43:08 PM       1     23.76      0.00     76.24      0.00      0.00      0.00
01:43:09 PM       1     19.19      0.00     80.81      0.00      0.00      0.00
01:43:10 PM       1     20.79      0.00     79.21      0.00      0.00      0.00
01:43:11 PM       1     20.20      0.00     79.80      0.00      0.00      0.00
01:43:12 PM       1     20.79      0.00     79.21      0.00      0.00      0.00
01:43:13 PM       1     26.00      0.00     74.00      0.00      0.00      0.00
01:43:14 PM       1     19.19      0.00     80.81      0.00      0.00      0.00
01:43:15 PM       1     21.78      0.00     78.22      0.00      0.00      0.00
01:43:16 PM       1     19.19      0.00     80.81      0.00      0.00      0.00
Average:          1     21.80      0.00     78.20      0.00      0.00      0.00
