Linux 3.14.33-regular (node220-2) 	01/04/2017 	_x86_64_	(8 CPU)

02:04:02 PM     CPU     %user     %nice   %system   %iowait    %steal     %idle
02:04:03 PM       1     23.23      0.00     76.77      0.00      0.00      0.00
02:04:04 PM       1     23.76      0.00     76.24      0.00      0.00      0.00
02:04:05 PM       1     26.00      0.00     74.00      0.00      0.00      0.00
02:04:06 PM       1     25.00      0.00     75.00      0.00      0.00      0.00
02:04:07 PM       1     22.00      0.00     78.00      0.00      0.00      0.00
02:04:08 PM       1     23.23      0.00     76.77      0.00      0.00      0.00
02:04:09 PM       1     21.00      0.00     79.00      0.00      0.00      0.00
02:04:10 PM       1     21.00      0.00     79.00      0.00      0.00      0.00
02:04:11 PM       1     29.00      0.00     71.00      0.00      0.00      0.00
02:04:12 PM       1     24.00      0.00     76.00      0.00      0.00      0.00
02:04:13 PM       1     22.00      0.00     78.00      0.00      0.00      0.00
02:04:14 PM       1     21.00      0.00     79.00      0.00      0.00      0.00
02:04:15 PM       1     17.00      0.00     83.00      0.00      0.00      0.00
02:04:16 PM       1     19.00      0.00     81.00      0.00      0.00      0.00
02:04:17 PM       1     21.00      0.00     79.00      0.00      0.00      0.00
02:04:18 PM       1     19.00      0.00     81.00      0.00      0.00      0.00
02:04:19 PM       1     22.77      0.00     77.23      0.00      0.00      0.00
02:04:20 PM       1     28.00      0.00     72.00      0.00      0.00      0.00
02:04:21 PM       1     26.00      0.00     74.00      0.00      0.00      0.00
02:04:22 PM       1     21.21      0.00     78.79      0.00      0.00      0.00
Average:          1     22.76      0.00     77.24      0.00      0.00      0.00
