Linux 3.14.33-regular (node220-2) 	01/04/2017 	_x86_64_	(8 CPU)

01:02:28 PM     CPU     %user     %nice   %system   %iowait    %steal     %idle
01:02:29 PM       1     22.00      0.00     78.00      0.00      0.00      0.00
01:02:30 PM       1     18.81      0.00     81.19      0.00      0.00      0.00
01:02:31 PM       1     20.00      0.00     80.00      0.00      0.00      0.00
01:02:32 PM       1     21.21      0.00     78.79      0.00      0.00      0.00
01:02:33 PM       1     23.00      0.00     77.00      0.00      0.00      0.00
01:02:34 PM       1     27.00      0.00     73.00      0.00      0.00      0.00
01:02:35 PM       1     19.00      0.00     81.00      0.00      0.00      0.00
01:02:36 PM       1     24.00      0.00     76.00      0.00      0.00      0.00
01:02:37 PM       1     25.74      0.00     74.26      0.00      0.00      0.00
01:02:38 PM       1     24.24      0.00     75.76      0.00      0.00      0.00
01:02:39 PM       1     22.22      0.00     77.78      0.00      0.00      0.00
01:02:40 PM       1     24.75      0.00     75.25      0.00      0.00      0.00
01:02:41 PM       1     23.23      0.00     76.77      0.00      0.00      0.00
01:02:42 PM       1     28.71      0.00     71.29      0.00      0.00      0.00
01:02:43 PM       1     26.00      0.00     74.00      0.00      0.00      0.00
01:02:44 PM       1     25.00      0.00     75.00      0.00      0.00      0.00
01:02:45 PM       1     21.21      0.00     78.79      0.00      0.00      0.00
01:02:46 PM       1     22.77      0.00     77.23      0.00      0.00      0.00
01:02:47 PM       1     26.26      0.00     73.74      0.00      0.00      0.00
01:02:48 PM       1     21.78      0.00     78.22      0.00      0.00      0.00
Average:          1     23.35      0.00     76.65      0.00      0.00      0.00
