Linux 3.14.33-regular (node220-2) 	01/04/2017 	_x86_64_	(8 CPU)

01:17:13 PM     CPU     %user     %nice   %system   %iowait    %steal     %idle
01:17:14 PM       1     17.00      0.00     83.00      0.00      0.00      0.00
01:17:15 PM       1     20.00      0.00     80.00      0.00      0.00      0.00
01:17:16 PM       1     24.00      0.00     76.00      0.00      0.00      0.00
01:17:17 PM       1     21.00      0.00     79.00      0.00      0.00      0.00
01:17:18 PM       1     23.00      0.00     77.00      0.00      0.00      0.00
01:17:19 PM       1     20.00      0.00     80.00      0.00      0.00      0.00
01:17:20 PM       1     28.00      0.00     72.00      0.00      0.00      0.00
01:17:21 PM       1     29.00      0.00     71.00      0.00      0.00      0.00
01:17:22 PM       1     23.00      0.00     77.00      0.00      0.00      0.00
01:17:23 PM       1     18.00      0.00     82.00      0.00      0.00      0.00
01:17:24 PM       1     28.00      0.00     72.00      0.00      0.00      0.00
01:17:25 PM       1     26.00      0.00     74.00      0.00      0.00      0.00
01:17:26 PM       1     20.00      0.00     80.00      0.00      0.00      0.00
01:17:27 PM       1     24.00      0.00     76.00      0.00      0.00      0.00
01:17:28 PM       1     18.18      0.00     81.82      0.00      0.00      0.00
01:17:29 PM       1     19.80      0.00     80.20      0.00      0.00      0.00
01:17:30 PM       1     18.00      0.00     82.00      0.00      0.00      0.00
01:17:31 PM       1     24.24      0.00     75.76      0.00      0.00      0.00
01:17:32 PM       1     18.81      0.00     81.19      0.00      0.00      0.00
01:17:33 PM       1     23.00      0.00     77.00      0.00      0.00      0.00
Average:          1     22.15      0.00     77.85      0.00      0.00      0.00
