Linux 3.14.33-regular (node220-2) 	01/04/2017 	_x86_64_	(8 CPU)

01:59:34 PM     CPU     %user     %nice   %system   %iowait    %steal     %idle
01:59:35 PM       1     23.23      0.00     76.77      0.00      0.00      0.00
01:59:36 PM       1     22.00      0.00     78.00      0.00      0.00      0.00
01:59:37 PM       1     21.78      0.00     78.22      0.00      0.00      0.00
01:59:38 PM       1     20.00      0.00     80.00      0.00      0.00      0.00
01:59:39 PM       1     20.00      0.00     80.00      0.00      0.00      0.00
01:59:40 PM       1     30.00      0.00     70.00      0.00      0.00      0.00
01:59:41 PM       1     18.00      0.00     82.00      0.00      0.00      0.00
01:59:42 PM       1     25.25      0.00     74.75      0.00      0.00      0.00
01:59:43 PM       1     17.82      0.00     82.18      0.00      0.00      0.00
01:59:44 PM       1     20.20      0.00     79.80      0.00      0.00      0.00
01:59:45 PM       1     20.00      0.00     80.00      0.00      0.00      0.00
01:59:46 PM       1     25.00      0.00     75.00      0.00      0.00      0.00
01:59:47 PM       1     23.00      0.00     77.00      0.00      0.00      0.00
01:59:48 PM       1     25.00      0.00     75.00      0.00      0.00      0.00
01:59:49 PM       1     24.75      0.00     75.25      0.00      0.00      0.00
01:59:50 PM       1     20.00      0.00     80.00      0.00      0.00      0.00
01:59:51 PM       1     21.00      0.00     79.00      0.00      0.00      0.00
01:59:52 PM       1     25.00      0.00     75.00      0.00      0.00      0.00
01:59:53 PM       1     27.27      0.00     72.73      0.00      0.00      0.00
01:59:54 PM       1     22.77      0.00     77.23      0.00      0.00      0.00
Average:          1     22.60      0.00     77.40      0.00      0.00      0.00
