Linux 3.14.33-regular (node220-2) 	01/04/2017 	_x86_64_	(8 CPU)

01:35:13 PM     CPU     %user     %nice   %system   %iowait    %steal     %idle
01:35:14 PM       1     18.00      0.00     82.00      0.00      0.00      0.00
01:35:15 PM       1     24.00      0.00     76.00      0.00      0.00      0.00
01:35:16 PM       1     18.18      0.00     81.82      0.00      0.00      0.00
01:35:17 PM       1     21.78      0.00     78.22      0.00      0.00      0.00
01:35:18 PM       1     26.26      0.00     73.74      0.00      0.00      0.00
01:35:19 PM       1     24.00      0.00     76.00      0.00      0.00      0.00
01:35:20 PM       1     17.82      0.00     82.18      0.00      0.00      0.00
01:35:21 PM       1     21.21      0.00     78.79      0.00      0.00      0.00
01:35:22 PM       1     18.81      0.00     81.19      0.00      0.00      0.00
01:35:23 PM       1     23.00      0.00     77.00      0.00      0.00      0.00
01:35:24 PM       1     21.00      0.00     79.00      0.00      0.00      0.00
01:35:25 PM       1     21.00      0.00     79.00      0.00      0.00      0.00
01:35:26 PM       1     22.00      0.00     78.00      0.00      0.00      0.00
01:35:27 PM       1     21.21      0.00     78.79      0.00      0.00      0.00
01:35:28 PM       1     21.78      0.00     78.22      0.00      0.00      0.00
01:35:29 PM       1     20.20      0.00     79.80      0.00      0.00      0.00
01:35:30 PM       1     23.76      0.00     76.24      0.00      0.00      0.00
01:35:31 PM       1     26.26      0.00     73.74      0.00      0.00      0.00
01:35:32 PM       1     24.00      0.00     76.00      0.00      0.00      0.00
01:35:33 PM       1     25.00      0.00     75.00      0.00      0.00      0.00
Average:          1     21.96      0.00     78.04      0.00      0.00      0.00
