Linux 3.14.33-regular (node220-2) 	01/04/2017 	_x86_64_	(8 CPU)

12:15:01 PM     CPU     %user     %nice   %system   %iowait    %steal     %idle
12:15:02 PM       1     20.79      0.00     79.21      0.00      0.00      0.00
12:15:03 PM       1     23.23      0.00     76.77      0.00      0.00      0.00
12:15:04 PM       1     23.00      0.00     77.00      0.00      0.00      0.00
12:15:05 PM       1     21.00      0.00     79.00      0.00      0.00      0.00
12:15:06 PM       1     24.00      0.00     76.00      0.00      0.00      0.00
12:15:07 PM       1     23.00      0.00     77.00      0.00      0.00      0.00
12:15:08 PM       1     20.00      0.00     80.00      0.00      0.00      0.00
12:15:09 PM       1     15.00      0.00     85.00      0.00      0.00      0.00
12:15:10 PM       1     27.72      0.00     72.28      0.00      0.00      0.00
12:15:11 PM       1     23.23      0.00     76.77      0.00      0.00      0.00
12:15:12 PM       1     20.79      0.00     79.21      0.00      0.00      0.00
12:15:13 PM       1     25.25      0.00     74.75      0.00      0.00      0.00
12:15:14 PM       1     21.78      0.00     78.22      0.00      0.00      0.00
12:15:15 PM       1     22.22      0.00     77.78      0.00      0.00      0.00
12:15:16 PM       1     24.75      0.00     75.25      0.00      0.00      0.00
12:15:17 PM       1     19.00      0.00     81.00      0.00      0.00      0.00
12:15:18 PM       1     23.00      0.00     77.00      0.00      0.00      0.00
12:15:19 PM       1     17.00      0.00     83.00      0.00      0.00      0.00
12:15:20 PM       1     20.00      0.00     80.00      0.00      0.00      0.00
12:15:21 PM       1     21.00      0.00     79.00      0.00      0.00      0.00
Average:          1     21.79      0.00     78.21      0.00      0.00      0.00
