Linux 3.14.33-regular (node220-2) 	01/04/2017 	_x86_64_	(8 CPU)

01:12:08 PM     CPU     %user     %nice   %system   %iowait    %steal     %idle
01:12:09 PM       1     22.00      0.00     78.00      0.00      0.00      0.00
01:12:10 PM       1     21.00      0.00     79.00      0.00      0.00      0.00
01:12:11 PM       1     18.00      0.00     82.00      0.00      0.00      0.00
01:12:12 PM       1     21.00      0.00     79.00      0.00      0.00      0.00
01:12:13 PM       1     22.22      0.00     77.78      0.00      0.00      0.00
01:12:14 PM       1     25.49      0.00     74.51      0.00      0.00      0.00
01:12:15 PM       1     23.23      0.00     76.77      0.00      0.00      0.00
01:12:16 PM       1     21.78      0.00     78.22      0.00      0.00      0.00
01:12:17 PM       1     21.00      0.00     79.00      0.00      0.00      0.00
01:12:18 PM       1     25.25      0.00     74.75      0.00      0.00      0.00
01:12:19 PM       1     22.77      0.00     77.23      0.00      0.00      0.00
01:12:20 PM       1     27.27      0.00     72.73      0.00      0.00      0.00
01:12:21 PM       1     25.00      0.00     75.00      0.00      0.00      0.00
01:12:22 PM       1     25.00      0.00     75.00      0.00      0.00      0.00
01:12:23 PM       1     22.00      0.00     78.00      0.00      0.00      0.00
01:12:24 PM       1     21.00      0.00     79.00      0.00      0.00      0.00
01:12:25 PM       1     22.00      0.00     78.00      0.00      0.00      0.00
01:12:26 PM       1     21.00      0.00     79.00      0.00      0.00      0.00
01:12:27 PM       1     22.77      0.00     77.23      0.00      0.00      0.00
01:12:28 PM       1     24.00      0.00     76.00      0.00      0.00      0.00
Average:          1     22.69      0.00     77.31      0.00      0.00      0.00
