Linux 3.14.33-regular (node220-2) 	01/04/2017 	_x86_64_	(8 CPU)

01:41:38 PM     CPU     %user     %nice   %system   %iowait    %steal     %idle
01:41:39 PM       1     23.76      0.00     76.24      0.00      0.00      0.00
01:41:40 PM       1     26.00      0.00     74.00      0.00      0.00      0.00
01:41:41 PM       1     25.00      0.00     75.00      0.00      0.00      0.00
01:41:42 PM       1     22.00      0.00     78.00      0.00      0.00      0.00
01:41:43 PM       1     20.00      0.00     80.00      0.00      0.00      0.00
01:41:44 PM       1     20.79      0.00     79.21      0.00      0.00      0.00
01:41:45 PM       1     22.22      0.00     77.78      0.00      0.00      0.00
01:41:46 PM       1     22.00      0.00     78.00      0.00      0.00      0.00
01:41:47 PM       1     28.00      0.00     72.00      0.00      0.00      0.00
01:41:48 PM       1     22.77      0.00     77.23      0.00      0.00      0.00
01:41:49 PM       1     19.19      0.00     80.81      0.00      0.00      0.00
01:41:50 PM       1     25.00      0.00     75.00      0.00      0.00      0.00
01:41:51 PM       1     22.77      0.00     77.23      0.00      0.00      0.00
01:41:52 PM       1     23.00      0.00     77.00      0.00      0.00      0.00
01:41:53 PM       1     22.22      0.00     77.78      0.00      0.00      0.00
01:41:54 PM       1     25.74      0.00     74.26      0.00      0.00      0.00
01:41:55 PM       1     21.21      0.00     78.79      0.00      0.00      0.00
01:41:56 PM       1     22.00      0.00     78.00      0.00      0.00      0.00
01:41:57 PM       1     21.21      0.00     78.79      0.00      0.00      0.00
01:41:58 PM       1     22.77      0.00     77.23      0.00      0.00      0.00
Average:          1     22.89      0.00     77.11      0.00      0.00      0.00
