Linux 3.14.33-regular (node220-2) 	01/04/2017 	_x86_64_	(8 CPU)

01:49:21 PM     CPU     %user     %nice   %system   %iowait    %steal     %idle
01:49:22 PM       1     19.00      0.00     81.00      0.00      0.00      0.00
01:49:23 PM       1     22.00      0.00     78.00      0.00      0.00      0.00
01:49:24 PM       1     20.00      0.00     80.00      0.00      0.00      0.00
01:49:25 PM       1     19.80      0.00     80.20      0.00      0.00      0.00
01:49:26 PM       1     21.21      0.00     78.79      0.00      0.00      0.00
01:49:27 PM       1     24.75      0.00     75.25      0.00      0.00      0.00
01:49:28 PM       1     18.00      0.00     82.00      0.00      0.00      0.00
01:49:29 PM       1     22.00      0.00     78.00      0.00      0.00      0.00
01:49:30 PM       1     20.20      0.00     79.80      0.00      0.00      0.00
01:49:31 PM       1     20.00      0.00     80.00      0.00      0.00      0.00
01:49:32 PM       1     23.00      0.00     77.00      0.00      0.00      0.00
01:49:33 PM       1     22.77      0.00     77.23      0.00      0.00      0.00
01:49:34 PM       1     18.00      0.00     82.00      0.00      0.00      0.00
01:49:35 PM       1     22.00      0.00     78.00      0.00      0.00      0.00
01:49:36 PM       1     20.00      0.00     80.00      0.00      0.00      0.00
01:49:37 PM       1     20.00      0.00     80.00      0.00      0.00      0.00
01:49:38 PM       1     22.22      0.00     77.78      0.00      0.00      0.00
01:49:39 PM       1     21.00      0.00     79.00      0.00      0.00      0.00
01:49:40 PM       1     24.00      0.00     76.00      0.00      0.00      0.00
01:49:41 PM       1     22.00      0.00     78.00      0.00      0.00      0.00
Average:          1     21.10      0.00     78.90      0.00      0.00      0.00
