Linux 3.14.33-regular (node220-2) 	01/04/2017 	_x86_64_	(8 CPU)

01:26:14 PM     CPU     %user     %nice   %system   %iowait    %steal     %idle
01:26:15 PM       1     23.00      0.00     77.00      0.00      0.00      0.00
01:26:16 PM       1     18.81      0.00     81.19      0.00      0.00      0.00
01:26:17 PM       1     27.00      0.00     73.00      0.00      0.00      0.00
01:26:18 PM       1     19.00      0.00     81.00      0.00      0.00      0.00
01:26:19 PM       1     21.00      0.00     79.00      0.00      0.00      0.00
01:26:20 PM       1     22.00      0.00     78.00      0.00      0.00      0.00
01:26:21 PM       1     24.00      0.00     76.00      0.00      0.00      0.00
01:26:22 PM       1     23.00      0.00     77.00      0.00      0.00      0.00
01:26:23 PM       1     23.00      0.00     77.00      0.00      0.00      0.00
01:26:24 PM       1     24.00      0.00     76.00      0.00      0.00      0.00
01:26:25 PM       1     22.00      0.00     78.00      0.00      0.00      0.00
01:26:26 PM       1     24.00      0.00     76.00      0.00      0.00      0.00
01:26:27 PM       1     20.00      0.00     80.00      0.00      0.00      0.00
01:26:28 PM       1     22.22      0.00     77.78      0.00      0.00      0.00
01:26:29 PM       1     21.78      0.00     78.22      0.00      0.00      0.00
01:26:30 PM       1     23.00      0.00     77.00      0.00      0.00      0.00
01:26:31 PM       1     19.19      0.00     80.81      0.00      0.00      0.00
01:26:32 PM       1     22.00      0.00     78.00      0.00      0.00      0.00
01:26:33 PM       1     22.77      0.00     77.23      0.00      0.00      0.00
01:26:34 PM       1     23.23      0.00     76.77      0.00      0.00      0.00
Average:          1     22.25      0.00     77.75      0.00      0.00      0.00
