Linux 3.14.33-regular (node220-2) 	01/04/2017 	_x86_64_	(8 CPU)

12:47:40 PM     CPU     %user     %nice   %system   %iowait    %steal     %idle
12:47:41 PM       1     23.00      0.00     77.00      0.00      0.00      0.00
12:47:42 PM       1     23.00      0.00     77.00      0.00      0.00      0.00
12:47:43 PM       1     24.00      0.00     76.00      0.00      0.00      0.00
12:47:44 PM       1     22.00      0.00     78.00      0.00      0.00      0.00
12:47:45 PM       1     22.00      0.00     78.00      0.00      0.00      0.00
12:47:46 PM       1     18.00      0.00     82.00      0.00      0.00      0.00
12:47:47 PM       1     20.00      0.00     80.00      0.00      0.00      0.00
12:47:48 PM       1     20.00      0.00     80.00      0.00      0.00      0.00
12:47:49 PM       1     21.00      0.00     79.00      0.00      0.00      0.00
12:47:50 PM       1     24.00      0.00     76.00      0.00      0.00      0.00
12:47:51 PM       1     20.00      0.00     80.00      0.00      0.00      0.00
12:47:52 PM       1     26.00      0.00     74.00      0.00      0.00      0.00
12:47:53 PM       1     24.00      0.00     76.00      0.00      0.00      0.00
12:47:54 PM       1     24.00      0.00     76.00      0.00      0.00      0.00
12:47:55 PM       1     22.00      0.00     78.00      0.00      0.00      0.00
12:47:56 PM       1     22.00      0.00     78.00      0.00      0.00      0.00
12:47:57 PM       1     24.00      0.00     76.00      0.00      0.00      0.00
12:47:58 PM       1     26.00      0.00     74.00      0.00      0.00      0.00
12:47:59 PM       1     22.00      0.00     78.00      0.00      0.00      0.00
12:48:00 PM       1     25.74      0.00     74.26      0.00      0.00      0.00
Average:          1     22.64      0.00     77.36      0.00      0.00      0.00
