Linux 3.14.33-regular (node220-2) 	01/04/2017 	_x86_64_	(8 CPU)

01:33:56 PM     CPU     %user     %nice   %system   %iowait    %steal     %idle
01:33:57 PM       1     20.79      0.00     79.21      0.00      0.00      0.00
01:33:58 PM       1     28.00      0.00     72.00      0.00      0.00      0.00
01:33:59 PM       1     20.20      0.00     79.80      0.00      0.00      0.00
01:34:00 PM       1     22.00      0.00     78.00      0.00      0.00      0.00
01:34:01 PM       1     23.00      0.00     77.00      0.00      0.00      0.00
01:34:02 PM       1     22.77      0.00     77.23      0.00      0.00      0.00
01:34:03 PM       1     20.20      0.00     79.80      0.00      0.00      0.00
01:34:04 PM       1     24.24      0.00     75.76      0.00      0.00      0.00
01:34:05 PM       1     19.80      0.00     80.20      0.00      0.00      0.00
01:34:06 PM       1     18.00      0.00     82.00      0.00      0.00      0.00
01:34:07 PM       1     25.00      0.00     75.00      0.00      0.00      0.00
01:34:08 PM       1     19.00      0.00     81.00      0.00      0.00      0.00
01:34:09 PM       1     27.00      0.00     73.00      0.00      0.00      0.00
01:34:10 PM       1     20.20      0.00     79.80      0.00      0.00      0.00
01:34:11 PM       1     23.00      0.00     77.00      0.00      0.00      0.00
01:34:12 PM       1     24.00      0.00     76.00      0.00      0.00      0.00
01:34:13 PM       1     27.00      0.00     73.00      0.00      0.00      0.00
01:34:14 PM       1     23.76      0.00     76.24      0.00      0.00      0.00
01:34:15 PM       1     24.00      0.00     76.00      0.00      0.00      0.00
01:34:16 PM       1     19.19      0.00     80.81      0.00      0.00      0.00
Average:          1     22.56      0.00     77.44      0.00      0.00      0.00
