Linux 3.14.33-regular (node220-2) 	01/04/2017 	_x86_64_	(8 CPU)

12:20:48 PM     CPU     %user     %nice   %system   %iowait    %steal     %idle
12:20:49 PM       1     25.00      0.00     75.00      0.00      0.00      0.00
12:20:50 PM       1     22.00      0.00     78.00      0.00      0.00      0.00
12:20:51 PM       1     18.00      0.00     82.00      0.00      0.00      0.00
12:20:52 PM       1     21.00      0.00     79.00      0.00      0.00      0.00
12:20:53 PM       1     24.75      0.00     75.25      0.00      0.00      0.00
12:20:54 PM       1     19.00      0.00     81.00      0.00      0.00      0.00
12:20:55 PM       1     21.00      0.00     79.00      0.00      0.00      0.00
12:20:56 PM       1     24.00      0.00     76.00      0.00      0.00      0.00
12:20:57 PM       1     19.19      0.00     80.81      0.00      0.00      0.00
12:20:58 PM       1     23.00      0.00     77.00      0.00      0.00      0.00
12:20:59 PM       1     24.00      0.00     76.00      0.00      0.00      0.00
12:21:00 PM       1     22.00      0.00     78.00      0.00      0.00      0.00
12:21:01 PM       1     21.00      0.00     79.00      0.00      0.00      0.00
12:21:02 PM       1     22.00      0.00     78.00      0.00      0.00      0.00
12:21:03 PM       1     22.00      0.00     78.00      0.00      0.00      0.00
12:21:04 PM       1     19.00      0.00     81.00      0.00      0.00      0.00
12:21:05 PM       1     20.00      0.00     80.00      0.00      0.00      0.00
12:21:06 PM       1     25.00      0.00     75.00      0.00      0.00      0.00
12:21:07 PM       1     26.00      0.00     74.00      0.00      0.00      0.00
12:21:08 PM       1     23.23      0.00     76.77      0.00      0.00      0.00
Average:          1     22.06      0.00     77.94      0.00      0.00      0.00
