Linux 3.14.33-regular (node220-2) 	01/04/2017 	_x86_64_	(8 CPU)

12:23:59 PM     CPU     %user     %nice   %system   %iowait    %steal     %idle
12:24:00 PM       1     23.23      0.00     76.77      0.00      0.00      0.00
12:24:01 PM       1     23.00      0.00     77.00      0.00      0.00      0.00
12:24:02 PM       1     27.00      0.00     73.00      0.00      0.00      0.00
12:24:03 PM       1     24.00      0.00     76.00      0.00      0.00      0.00
12:24:04 PM       1     19.00      0.00     81.00      0.00      0.00      0.00
12:24:05 PM       1     22.00      0.00     78.00      0.00      0.00      0.00
12:24:06 PM       1     22.00      0.00     78.00      0.00      0.00      0.00
12:24:07 PM       1     21.00      0.00     79.00      0.00      0.00      0.00
12:24:08 PM       1     23.00      0.00     77.00      0.00      0.00      0.00
12:24:09 PM       1     22.77      0.00     77.23      0.00      0.00      0.00
12:24:10 PM       1     21.00      0.00     79.00      0.00      0.00      0.00
12:24:11 PM       1     24.24      0.00     75.76      0.00      0.00      0.00
12:24:12 PM       1     23.76      0.00     76.24      0.00      0.00      0.00
12:24:13 PM       1     22.00      0.00     78.00      0.00      0.00      0.00
12:24:14 PM       1     23.23      0.00     76.77      0.00      0.00      0.00
12:24:15 PM       1     17.00      0.00     83.00      0.00      0.00      0.00
12:24:16 PM       1     20.00      0.00     80.00      0.00      0.00      0.00
12:24:17 PM       1     26.00      0.00     74.00      0.00      0.00      0.00
12:24:18 PM       1     20.00      0.00     80.00      0.00      0.00      0.00
12:24:19 PM       1     22.00      0.00     78.00      0.00      0.00      0.00
Average:          1     22.31      0.00     77.69      0.00      0.00      0.00
