Linux 3.14.33-regular (node220-2) 	01/04/2017 	_x86_64_	(8 CPU)

01:30:44 PM     CPU     %user     %nice   %system   %iowait    %steal     %idle
01:30:45 PM       1     23.00      0.00     77.00      0.00      0.00      0.00
01:30:46 PM       1     25.00      0.00     75.00      0.00      0.00      0.00
01:30:47 PM       1     24.00      0.00     76.00      0.00      0.00      0.00
01:30:48 PM       1     27.00      0.00     73.00      0.00      0.00      0.00
01:30:49 PM       1     19.19      0.00     80.81      0.00      0.00      0.00
01:30:50 PM       1     25.00      0.00     75.00      0.00      0.00      0.00
01:30:51 PM       1     20.00      0.00     80.00      0.00      0.00      0.00
01:30:52 PM       1     22.00      0.00     78.00      0.00      0.00      0.00
01:30:53 PM       1     23.00      0.00     77.00      0.00      0.00      0.00
01:30:54 PM       1     23.76      0.00     76.24      0.00      0.00      0.00
01:30:55 PM       1     30.00      0.00     70.00      0.00      0.00      0.00
01:30:56 PM       1     21.00      0.00     79.00      0.00      0.00      0.00
01:30:57 PM       1     22.22      0.00     77.78      0.00      0.00      0.00
01:30:58 PM       1     18.00      0.00     82.00      0.00      0.00      0.00
01:30:59 PM       1     20.00      0.00     80.00      0.00      0.00      0.00
01:31:00 PM       1     21.78      0.00     78.22      0.00      0.00      0.00
01:31:01 PM       1     19.00      0.00     81.00      0.00      0.00      0.00
01:31:02 PM       1     22.00      0.00     78.00      0.00      0.00      0.00
01:31:03 PM       1     19.19      0.00     80.81      0.00      0.00      0.00
01:31:04 PM       1     22.00      0.00     78.00      0.00      0.00      0.00
Average:          1     22.36      0.00     77.64      0.00      0.00      0.00
