Linux 3.14.33-regular (node220-2) 	01/04/2017 	_x86_64_	(8 CPU)

12:30:23 PM     CPU     %user     %nice   %system   %iowait    %steal     %idle
12:30:24 PM       1     27.00      0.00     73.00      0.00      0.00      0.00
12:30:25 PM       1     20.00      0.00     80.00      0.00      0.00      0.00
12:30:26 PM       1     25.00      0.00     75.00      0.00      0.00      0.00
12:30:27 PM       1     24.75      0.00     75.25      0.00      0.00      0.00
12:30:28 PM       1     23.23      0.00     76.77      0.00      0.00      0.00
12:30:29 PM       1     20.79      0.00     79.21      0.00      0.00      0.00
12:30:30 PM       1     20.20      0.00     79.80      0.00      0.00      0.00
12:30:31 PM       1     20.79      0.00     79.21      0.00      0.00      0.00
12:30:32 PM       1     27.27      0.00     72.73      0.00      0.00      0.00
12:30:33 PM       1     23.76      0.00     76.24      0.00      0.00      0.00
12:30:34 PM       1     21.00      0.00     79.00      0.00      0.00      0.00
12:30:35 PM       1     22.00      0.00     78.00      0.00      0.00      0.00
12:30:36 PM       1     22.00      0.00     78.00      0.00      0.00      0.00
12:30:37 PM       1     17.17      0.00     82.83      0.00      0.00      0.00
12:30:38 PM       1     25.00      0.00     75.00      0.00      0.00      0.00
12:30:39 PM       1     21.00      0.00     79.00      0.00      0.00      0.00
12:30:40 PM       1     17.82      0.00     82.18      0.00      0.00      0.00
12:30:41 PM       1     22.22      0.00     77.78      0.00      0.00      0.00
12:30:42 PM       1     20.00      0.00     80.00      0.00      0.00      0.00
12:30:43 PM       1     24.00      0.00     76.00      0.00      0.00      0.00
Average:          1     22.25      0.00     77.75      0.00      0.00      0.00
