Linux 3.14.33-regular (node220-2) 	01/04/2017 	_x86_64_	(8 CPU)

01:01:10 PM     CPU     %user     %nice   %system   %iowait    %steal     %idle
01:01:11 PM       1     25.25      0.00     74.75      0.00      0.00      0.00
01:01:12 PM       1     19.00      0.00     81.00      0.00      0.00      0.00
01:01:13 PM       1     22.00      0.00     78.00      0.00      0.00      0.00
01:01:14 PM       1     22.77      0.00     77.23      0.00      0.00      0.00
01:01:15 PM       1     19.00      0.00     81.00      0.00      0.00      0.00
01:01:16 PM       1     20.20      0.00     79.80      0.00      0.00      0.00
01:01:17 PM       1     21.78      0.00     78.22      0.00      0.00      0.00
01:01:18 PM       1     22.22      0.00     77.78      0.00      0.00      0.00
01:01:19 PM       1     25.74      0.00     74.26      0.00      0.00      0.00
01:01:20 PM       1     22.22      0.00     77.78      0.00      0.00      0.00
01:01:21 PM       1     20.79      0.00     79.21      0.00      0.00      0.00
01:01:22 PM       1     20.00      0.00     80.00      0.00      0.00      0.00
01:01:23 PM       1     23.00      0.00     77.00      0.00      0.00      0.00
01:01:24 PM       1     23.00      0.00     77.00      0.00      0.00      0.00
01:01:25 PM       1     19.19      0.00     80.81      0.00      0.00      0.00
01:01:26 PM       1     22.77      0.00     77.23      0.00      0.00      0.00
01:01:27 PM       1     22.00      0.00     78.00      0.00      0.00      0.00
01:01:28 PM       1     22.00      0.00     78.00      0.00      0.00      0.00
01:01:29 PM       1     20.00      0.00     80.00      0.00      0.00      0.00
01:01:30 PM       1     28.00      0.00     72.00      0.00      0.00      0.00
Average:          1     22.05      0.00     77.95      0.00      0.00      0.00
