Linux 3.14.33-regular (node220-2) 	01/04/2017 	_x86_64_	(8 CPU)

01:13:22 PM     CPU     %user     %nice   %system   %iowait    %steal     %idle
01:13:23 PM       1     20.79      0.00     79.21      0.00      0.00      0.00
01:13:24 PM       1     24.00      0.00     76.00      0.00      0.00      0.00
01:13:25 PM       1     28.00      0.00     72.00      0.00      0.00      0.00
01:13:26 PM       1     23.23      0.00     76.77      0.00      0.00      0.00
01:13:27 PM       1     21.78      0.00     78.22      0.00      0.00      0.00
01:13:28 PM       1     21.21      0.00     78.79      0.00      0.00      0.00
01:13:29 PM       1     21.00      0.00     79.00      0.00      0.00      0.00
01:13:30 PM       1     21.00      0.00     79.00      0.00      0.00      0.00
01:13:31 PM       1     24.00      0.00     76.00      0.00      0.00      0.00
01:13:32 PM       1     18.00      0.00     82.00      0.00      0.00      0.00
01:13:33 PM       1     24.00      0.00     76.00      0.00      0.00      0.00
01:13:34 PM       1     22.77      0.00     77.23      0.00      0.00      0.00
01:13:35 PM       1     20.20      0.00     79.80      0.00      0.00      0.00
01:13:36 PM       1     22.00      0.00     78.00      0.00      0.00      0.00
01:13:37 PM       1     23.00      0.00     77.00      0.00      0.00      0.00
01:13:38 PM       1     22.00      0.00     78.00      0.00      0.00      0.00
01:13:39 PM       1     24.00      0.00     76.00      0.00      0.00      0.00
01:13:40 PM       1     23.00      0.00     77.00      0.00      0.00      0.00
01:13:41 PM       1     21.00      0.00     79.00      0.00      0.00      0.00
01:13:42 PM       1     23.76      0.00     76.24      0.00      0.00      0.00
Average:          1     22.44      0.00     77.56      0.00      0.00      0.00
