Linux 3.14.33-regular (node220-2) 	01/04/2017 	_x86_64_	(8 CPU)

12:50:16 PM     CPU     %user     %nice   %system   %iowait    %steal     %idle
12:50:17 PM       1     21.21      0.00     78.79      0.00      0.00      0.00
12:50:18 PM       1     21.00      0.00     79.00      0.00      0.00      0.00
12:50:19 PM       1     25.00      0.00     75.00      0.00      0.00      0.00
12:50:20 PM       1     27.00      0.00     73.00      0.00      0.00      0.00
12:50:21 PM       1     26.00      0.00     74.00      0.00      0.00      0.00
12:50:22 PM       1     22.00      0.00     78.00      0.00      0.00      0.00
12:50:23 PM       1     18.00      0.00     82.00      0.00      0.00      0.00
12:50:24 PM       1     20.00      0.00     80.00      0.00      0.00      0.00
12:50:25 PM       1     22.00      0.00     78.00      0.00      0.00      0.00
12:50:26 PM       1     22.00      0.00     78.00      0.00      0.00      0.00
12:50:27 PM       1     26.00      0.00     74.00      0.00      0.00      0.00
12:50:28 PM       1     22.22      0.00     77.78      0.00      0.00      0.00
12:50:29 PM       1     20.79      0.00     79.21      0.00      0.00      0.00
12:50:30 PM       1     18.00      0.00     82.00      0.00      0.00      0.00
12:50:31 PM       1     24.00      0.00     76.00      0.00      0.00      0.00
12:50:32 PM       1     22.00      0.00     78.00      0.00      0.00      0.00
12:50:33 PM       1     25.25      0.00     74.75      0.00      0.00      0.00
12:50:34 PM       1     25.74      0.00     74.26      0.00      0.00      0.00
12:50:35 PM       1     23.76      0.00     76.24      0.00      0.00      0.00
12:50:36 PM       1     26.00      0.00     74.00      0.00      0.00      0.00
Average:          1     22.90      0.00     77.10      0.00      0.00      0.00
