Linux 3.14.33-regular (node220-2) 	01/04/2017 	_x86_64_	(8 CPU)

01:24:56 PM     CPU     %user     %nice   %system   %iowait    %steal     %idle
01:24:57 PM       1     25.00      0.00     75.00      0.00      0.00      0.00
01:24:58 PM       1     22.00      0.00     78.00      0.00      0.00      0.00
01:24:59 PM       1     23.00      0.00     77.00      0.00      0.00      0.00
01:25:00 PM       1     24.00      0.00     76.00      0.00      0.00      0.00
01:25:01 PM       1     21.00      0.00     79.00      0.00      0.00      0.00
01:25:02 PM       1     23.00      0.00     77.00      0.00      0.00      0.00
01:25:03 PM       1     22.22      0.00     77.78      0.00      0.00      0.00
01:25:04 PM       1     21.78      0.00     78.22      0.00      0.00      0.00
01:25:05 PM       1     23.23      0.00     76.77      0.00      0.00      0.00
01:25:06 PM       1     24.75      0.00     75.25      0.00      0.00      0.00
01:25:07 PM       1     21.00      0.00     79.00      0.00      0.00      0.00
01:25:08 PM       1     17.17      0.00     82.83      0.00      0.00      0.00
01:25:09 PM       1     21.78      0.00     78.22      0.00      0.00      0.00
01:25:10 PM       1     21.00      0.00     79.00      0.00      0.00      0.00
01:25:11 PM       1     30.69      0.00     69.31      0.00      0.00      0.00
01:25:12 PM       1     20.00      0.00     80.00      0.00      0.00      0.00
01:25:13 PM       1     24.24      0.00     75.76      0.00      0.00      0.00
01:25:14 PM       1     21.00      0.00     79.00      0.00      0.00      0.00
01:25:15 PM       1     26.00      0.00     74.00      0.00      0.00      0.00
01:25:16 PM       1     24.00      0.00     76.00      0.00      0.00      0.00
Average:          1     22.85      0.00     77.15      0.00      0.00      0.00
