Linux 3.14.33-regular (node220-2) 	01/04/2017 	_x86_64_	(8 CPU)

01:48:08 PM     CPU     %user     %nice   %system   %iowait    %steal     %idle
01:48:09 PM       1     26.00      0.00     74.00      0.00      0.00      0.00
01:48:10 PM       1     21.00      0.00     79.00      0.00      0.00      0.00
01:48:11 PM       1     24.00      0.00     76.00      0.00      0.00      0.00
01:48:12 PM       1     19.00      0.00     81.00      0.00      0.00      0.00
01:48:13 PM       1     21.00      0.00     79.00      0.00      0.00      0.00
01:48:14 PM       1     22.00      0.00     78.00      0.00      0.00      0.00
01:48:15 PM       1     24.00      0.00     76.00      0.00      0.00      0.00
01:48:16 PM       1     23.00      0.00     77.00      0.00      0.00      0.00
01:48:17 PM       1     22.00      0.00     78.00      0.00      0.00      0.00
01:48:18 PM       1     23.00      0.00     77.00      0.00      0.00      0.00
01:48:19 PM       1     24.00      0.00     76.00      0.00      0.00      0.00
01:48:20 PM       1     23.00      0.00     77.00      0.00      0.00      0.00
01:48:21 PM       1     24.00      0.00     76.00      0.00      0.00      0.00
01:48:22 PM       1     21.21      0.00     78.79      0.00      0.00      0.00
01:48:23 PM       1     19.00      0.00     81.00      0.00      0.00      0.00
01:48:24 PM       1     23.76      0.00     76.24      0.00      0.00      0.00
01:48:25 PM       1     20.00      0.00     80.00      0.00      0.00      0.00
01:48:26 PM       1     24.00      0.00     76.00      0.00      0.00      0.00
01:48:27 PM       1     24.00      0.00     76.00      0.00      0.00      0.00
01:48:28 PM       1     20.00      0.00     80.00      0.00      0.00      0.00
Average:          1     22.40      0.00     77.60      0.00      0.00      0.00
