Linux 3.14.33-regular (node220-2) 	01/04/2017 	_x86_64_	(8 CPU)

01:47:26 PM     CPU     %user     %nice   %system   %iowait    %steal     %idle
01:47:27 PM       1     20.00      0.00     80.00      0.00      0.00      0.00
01:47:28 PM       1     21.00      0.00     79.00      0.00      0.00      0.00
01:47:29 PM       1     23.00      0.00     77.00      0.00      0.00      0.00
01:47:30 PM       1     25.00      0.00     75.00      0.00      0.00      0.00
01:47:31 PM       1     21.21      0.00     78.79      0.00      0.00      0.00
01:47:32 PM       1     23.76      0.00     76.24      0.00      0.00      0.00
01:47:33 PM       1     20.00      0.00     80.00      0.00      0.00      0.00
01:47:34 PM       1     16.16      0.00     83.84      0.00      0.00      0.00
01:47:35 PM       1     21.00      0.00     79.00      0.00      0.00      0.00
01:47:36 PM       1     22.00      0.00     78.00      0.00      0.00      0.00
01:47:37 PM       1     23.00      0.00     77.00      0.00      0.00      0.00
01:47:38 PM       1     22.00      0.00     78.00      0.00      0.00      0.00
01:47:39 PM       1     22.00      0.00     78.00      0.00      0.00      0.00
01:47:40 PM       1     22.77      0.00     77.23      0.00      0.00      0.00
01:47:41 PM       1     22.00      0.00     78.00      0.00      0.00      0.00
01:47:42 PM       1     24.00      0.00     76.00      0.00      0.00      0.00
01:47:43 PM       1     21.21      0.00     78.79      0.00      0.00      0.00
01:47:44 PM       1     24.00      0.00     76.00      0.00      0.00      0.00
01:47:45 PM       1     21.78      0.00     78.22      0.00      0.00      0.00
01:47:46 PM       1     24.24      0.00     75.76      0.00      0.00      0.00
Average:          1     22.01      0.00     77.99      0.00      0.00      0.00
