Linux 3.14.33-regular (node220-2) 	01/04/2017 	_x86_64_	(8 CPU)

01:40:22 PM     CPU     %user     %nice   %system   %iowait    %steal     %idle
01:40:23 PM       1     23.76      0.00     76.24      0.00      0.00      0.00
01:40:24 PM       1     22.00      0.00     78.00      0.00      0.00      0.00
01:40:25 PM       1     28.00      0.00     72.00      0.00      0.00      0.00
01:40:26 PM       1     25.00      0.00     75.00      0.00      0.00      0.00
01:40:27 PM       1     20.00      0.00     80.00      0.00      0.00      0.00
01:40:28 PM       1     21.21      0.00     78.79      0.00      0.00      0.00
01:40:29 PM       1     19.00      0.00     81.00      0.00      0.00      0.00
01:40:30 PM       1     29.00      0.00     71.00      0.00      0.00      0.00
01:40:31 PM       1     22.00      0.00     78.00      0.00      0.00      0.00
01:40:32 PM       1     26.00      0.00     74.00      0.00      0.00      0.00
01:40:33 PM       1     21.00      0.00     79.00      0.00      0.00      0.00
01:40:34 PM       1     25.00      0.00     75.00      0.00      0.00      0.00
01:40:35 PM       1     24.00      0.00     76.00      0.00      0.00      0.00
01:40:36 PM       1     22.77      0.00     77.23      0.00      0.00      0.00
01:40:37 PM       1     21.21      0.00     78.79      0.00      0.00      0.00
01:40:38 PM       1     16.00      0.00     84.00      0.00      0.00      0.00
01:40:39 PM       1     25.74      0.00     74.26      0.00      0.00      0.00
01:40:40 PM       1     24.00      0.00     76.00      0.00      0.00      0.00
01:40:41 PM       1     20.20      0.00     79.80      0.00      0.00      0.00
01:40:42 PM       1     21.78      0.00     78.22      0.00      0.00      0.00
Average:          1     22.89      0.00     77.11      0.00      0.00      0.00
