Linux 3.14.33-regular (node220-2) 	01/04/2017 	_x86_64_	(8 CPU)

12:24:37 PM     CPU     %user     %nice   %system   %iowait    %steal     %idle
12:24:38 PM       1     21.78      0.00     78.22      0.00      0.00      0.00
12:24:39 PM       1     24.00      0.00     76.00      0.00      0.00      0.00
12:24:40 PM       1     24.00      0.00     76.00      0.00      0.00      0.00
12:24:41 PM       1     25.00      0.00     75.00      0.00      0.00      0.00
12:24:42 PM       1     25.00      0.00     75.00      0.00      0.00      0.00
12:24:43 PM       1     23.00      0.00     77.00      0.00      0.00      0.00
12:24:44 PM       1     21.00      0.00     79.00      0.00      0.00      0.00
12:24:45 PM       1     22.00      0.00     78.00      0.00      0.00      0.00
12:24:46 PM       1     21.00      0.00     79.00      0.00      0.00      0.00
12:24:47 PM       1     22.22      0.00     77.78      0.00      0.00      0.00
12:24:48 PM       1     26.73      0.00     73.27      0.00      0.00      0.00
12:24:49 PM       1     25.00      0.00     75.00      0.00      0.00      0.00
12:24:50 PM       1     16.16      0.00     83.84      0.00      0.00      0.00
12:24:51 PM       1     22.77      0.00     77.23      0.00      0.00      0.00
12:24:52 PM       1     18.18      0.00     81.82      0.00      0.00      0.00
12:24:53 PM       1     28.00      0.00     72.00      0.00      0.00      0.00
12:24:54 PM       1     23.76      0.00     76.24      0.00      0.00      0.00
12:24:55 PM       1     21.00      0.00     79.00      0.00      0.00      0.00
12:24:56 PM       1     22.22      0.00     77.78      0.00      0.00      0.00
12:24:57 PM       1     25.74      0.00     74.26      0.00      0.00      0.00
Average:          1     22.94      0.00     77.06      0.00      0.00      0.00
