Linux 3.14.33-regular (node220-2) 	01/04/2017 	_x86_64_	(8 CPU)

12:18:13 PM     CPU     %user     %nice   %system   %iowait    %steal     %idle
12:18:14 PM       1     21.00      0.00     79.00      0.00      0.00      0.00
12:18:15 PM       1     19.80      0.00     80.20      0.00      0.00      0.00
12:18:16 PM       1     21.21      0.00     78.79      0.00      0.00      0.00
12:18:17 PM       1     22.00      0.00     78.00      0.00      0.00      0.00
12:18:18 PM       1     24.00      0.00     76.00      0.00      0.00      0.00
12:18:19 PM       1     23.00      0.00     77.00      0.00      0.00      0.00
12:18:20 PM       1     23.00      0.00     77.00      0.00      0.00      0.00
12:18:21 PM       1     25.00      0.00     75.00      0.00      0.00      0.00
12:18:22 PM       1     23.00      0.00     77.00      0.00      0.00      0.00
12:18:23 PM       1     20.00      0.00     80.00      0.00      0.00      0.00
12:18:24 PM       1     23.00      0.00     77.00      0.00      0.00      0.00
12:18:25 PM       1     21.00      0.00     79.00      0.00      0.00      0.00
12:18:26 PM       1     23.00      0.00     77.00      0.00      0.00      0.00
12:18:27 PM       1     26.00      0.00     74.00      0.00      0.00      0.00
12:18:28 PM       1     21.21      0.00     78.79      0.00      0.00      0.00
12:18:29 PM       1     21.00      0.00     79.00      0.00      0.00      0.00
12:18:30 PM       1     24.75      0.00     75.25      0.00      0.00      0.00
12:18:31 PM       1     23.23      0.00     76.77      0.00      0.00      0.00
12:18:32 PM       1     24.00      0.00     76.00      0.00      0.00      0.00
12:18:33 PM       1     19.80      0.00     80.20      0.00      0.00      0.00
Average:          1     22.45      0.00     77.55      0.00      0.00      0.00
