Linux 3.14.33-regular (node220-2) 	01/04/2017 	_x86_64_	(8 CPU)

12:16:56 PM     CPU     %user     %nice   %system   %iowait    %steal     %idle
12:16:57 PM       1     21.00      0.00     79.00      0.00      0.00      0.00
12:16:58 PM       1     22.77      0.00     77.23      0.00      0.00      0.00
12:16:59 PM       1     23.23      0.00     76.77      0.00      0.00      0.00
12:17:00 PM       1     19.19      0.00     80.81      0.00      0.00      0.00
12:17:01 PM       1     17.82      0.00     82.18      0.00      0.00      0.00
12:17:02 PM       1     21.00      0.00     79.00      0.00      0.00      0.00
12:17:03 PM       1     22.00      0.00     78.00      0.00      0.00      0.00
12:17:04 PM       1     23.23      0.00     76.77      0.00      0.00      0.00
12:17:05 PM       1     20.79      0.00     79.21      0.00      0.00      0.00
12:17:06 PM       1     21.00      0.00     79.00      0.00      0.00      0.00
12:17:07 PM       1     20.20      0.00     79.80      0.00      0.00      0.00
12:17:08 PM       1     23.76      0.00     76.24      0.00      0.00      0.00
12:17:09 PM       1     24.00      0.00     76.00      0.00      0.00      0.00
12:17:10 PM       1     19.00      0.00     81.00      0.00      0.00      0.00
12:17:11 PM       1     27.00      0.00     73.00      0.00      0.00      0.00
12:17:12 PM       1     21.00      0.00     79.00      0.00      0.00      0.00
12:17:13 PM       1     22.00      0.00     78.00      0.00      0.00      0.00
12:17:14 PM       1     26.00      0.00     74.00      0.00      0.00      0.00
12:17:15 PM       1     24.00      0.00     76.00      0.00      0.00      0.00
12:17:16 PM       1     22.77      0.00     77.23      0.00      0.00      0.00
Average:          1     22.09      0.00     77.91      0.00      0.00      0.00
