Linux 3.14.33-regular (node220-2) 	01/04/2017 	_x86_64_	(8 CPU)

12:27:10 PM     CPU     %user     %nice   %system   %iowait    %steal     %idle
12:27:11 PM       1     21.00      0.00     79.00      0.00      0.00      0.00
12:27:12 PM       1     23.00      0.00     77.00      0.00      0.00      0.00
12:27:13 PM       1     21.00      0.00     79.00      0.00      0.00      0.00
12:27:14 PM       1     22.00      0.00     78.00      0.00      0.00      0.00
12:27:15 PM       1     21.00      0.00     79.00      0.00      0.00      0.00
12:27:16 PM       1     23.00      0.00     77.00      0.00      0.00      0.00
12:27:17 PM       1     24.00      0.00     76.00      0.00      0.00      0.00
12:27:18 PM       1     21.00      0.00     79.00      0.00      0.00      0.00
12:27:19 PM       1     22.00      0.00     78.00      0.00      0.00      0.00
12:27:20 PM       1     19.00      0.00     81.00      0.00      0.00      0.00
12:27:21 PM       1     26.00      0.00     74.00      0.00      0.00      0.00
12:27:22 PM       1     24.00      0.00     76.00      0.00      0.00      0.00
12:27:23 PM       1     18.00      0.00     82.00      0.00      0.00      0.00
12:27:24 PM       1     19.00      0.00     81.00      0.00      0.00      0.00
12:27:25 PM       1     24.00      0.00     76.00      0.00      0.00      0.00
12:27:26 PM       1     25.74      0.00     74.26      0.00      0.00      0.00
12:27:27 PM       1     18.18      0.00     81.82      0.00      0.00      0.00
12:27:28 PM       1     21.00      0.00     79.00      0.00      0.00      0.00
12:27:29 PM       1     23.76      0.00     76.24      0.00      0.00      0.00
12:27:30 PM       1     24.00      0.00     76.00      0.00      0.00      0.00
Average:          1     22.04      0.00     77.96      0.00      0.00      0.00
