Linux 3.14.33-regular (node220-2) 	01/04/2017 	_x86_64_	(8 CPU)

01:21:43 PM     CPU     %user     %nice   %system   %iowait    %steal     %idle
01:21:44 PM       1     20.79      0.00     79.21      0.00      0.00      0.00
01:21:45 PM       1     19.19      0.00     80.81      0.00      0.00      0.00
01:21:46 PM       1     23.00      0.00     77.00      0.00      0.00      0.00
01:21:47 PM       1     20.00      0.00     80.00      0.00      0.00      0.00
01:21:48 PM       1     23.00      0.00     77.00      0.00      0.00      0.00
01:21:49 PM       1     20.00      0.00     80.00      0.00      0.00      0.00
01:21:50 PM       1     21.00      0.00     79.00      0.00      0.00      0.00
01:21:51 PM       1     19.00      0.00     81.00      0.00      0.00      0.00
01:21:52 PM       1     22.00      0.00     78.00      0.00      0.00      0.00
01:21:53 PM       1     17.00      0.00     83.00      0.00      0.00      0.00
01:21:54 PM       1     25.74      0.00     74.26      0.00      0.00      0.00
01:21:55 PM       1     21.21      0.00     78.79      0.00      0.00      0.00
01:21:56 PM       1     22.00      0.00     78.00      0.00      0.00      0.00
01:21:57 PM       1     22.77      0.00     77.23      0.00      0.00      0.00
01:21:58 PM       1     20.00      0.00     80.00      0.00      0.00      0.00
01:21:59 PM       1     17.00      0.00     83.00      0.00      0.00      0.00
01:22:00 PM       1     22.22      0.00     77.78      0.00      0.00      0.00
01:22:01 PM       1     21.00      0.00     79.00      0.00      0.00      0.00
01:22:02 PM       1     19.00      0.00     81.00      0.00      0.00      0.00
01:22:03 PM       1     25.00      0.00     75.00      0.00      0.00      0.00
Average:          1     21.05      0.00     78.95      0.00      0.00      0.00
