Linux 3.14.33-regular (node220-2) 	01/04/2017 	_x86_64_	(8 CPU)

01:42:18 PM     CPU     %user     %nice   %system   %iowait    %steal     %idle
01:42:19 PM       1     24.24      0.00     75.76      0.00      0.00      0.00
01:42:20 PM       1     22.77      0.00     77.23      0.00      0.00      0.00
01:42:21 PM       1     25.25      0.00     74.75      0.00      0.00      0.00
01:42:22 PM       1     19.00      0.00     81.00      0.00      0.00      0.00
01:42:23 PM       1     21.00      0.00     79.00      0.00      0.00      0.00
01:42:24 PM       1     22.77      0.00     77.23      0.00      0.00      0.00
01:42:25 PM       1     22.00      0.00     78.00      0.00      0.00      0.00
01:42:26 PM       1     21.00      0.00     79.00      0.00      0.00      0.00
01:42:27 PM       1     21.21      0.00     78.79      0.00      0.00      0.00
01:42:28 PM       1     16.00      0.00     84.00      0.00      0.00      0.00
01:42:29 PM       1     24.00      0.00     76.00      0.00      0.00      0.00
01:42:30 PM       1     24.00      0.00     76.00      0.00      0.00      0.00
01:42:31 PM       1     20.00      0.00     80.00      0.00      0.00      0.00
01:42:32 PM       1     19.80      0.00     80.20      0.00      0.00      0.00
01:42:33 PM       1     23.00      0.00     77.00      0.00      0.00      0.00
01:42:34 PM       1     20.00      0.00     80.00      0.00      0.00      0.00
01:42:35 PM       1     20.00      0.00     80.00      0.00      0.00      0.00
01:42:36 PM       1     20.00      0.00     80.00      0.00      0.00      0.00
01:42:37 PM       1     22.00      0.00     78.00      0.00      0.00      0.00
01:42:38 PM       1     23.00      0.00     77.00      0.00      0.00      0.00
Average:          1     21.55      0.00     78.45      0.00      0.00      0.00
