Linux 3.14.33-regular (node220-2) 	01/04/2017 	_x86_64_	(8 CPU)

01:29:26 PM     CPU     %user     %nice   %system   %iowait    %steal     %idle
01:29:27 PM       1     18.81      0.00     81.19      0.00      0.00      0.00
01:29:28 PM       1     16.16      0.00     83.84      0.00      0.00      0.00
01:29:29 PM       1     24.00      0.00     76.00      0.00      0.00      0.00
01:29:30 PM       1     24.00      0.00     76.00      0.00      0.00      0.00
01:29:31 PM       1     23.76      0.00     76.24      0.00      0.00      0.00
01:29:32 PM       1     26.26      0.00     73.74      0.00      0.00      0.00
01:29:33 PM       1     22.00      0.00     78.00      0.00      0.00      0.00
01:29:34 PM       1     18.81      0.00     81.19      0.00      0.00      0.00
01:29:35 PM       1     27.27      0.00     72.73      0.00      0.00      0.00
01:29:36 PM       1     20.00      0.00     80.00      0.00      0.00      0.00
01:29:37 PM       1     23.00      0.00     77.00      0.00      0.00      0.00
01:29:38 PM       1     20.00      0.00     80.00      0.00      0.00      0.00
01:29:39 PM       1     23.23      0.00     76.77      0.00      0.00      0.00
01:29:40 PM       1     19.80      0.00     80.20      0.00      0.00      0.00
01:29:41 PM       1     20.00      0.00     80.00      0.00      0.00      0.00
01:29:42 PM       1     25.00      0.00     75.00      0.00      0.00      0.00
01:29:43 PM       1     20.20      0.00     79.80      0.00      0.00      0.00
01:29:44 PM       1     24.75      0.00     75.25      0.00      0.00      0.00
01:29:45 PM       1     21.21      0.00     78.79      0.00      0.00      0.00
01:29:46 PM       1     22.00      0.00     78.00      0.00      0.00      0.00
Average:          1     22.01      0.00     77.99      0.00      0.00      0.00
