Linux 3.14.33-regular (node220-2) 	01/04/2017 	_x86_64_	(8 CPU)

01:26:52 PM     CPU     %user     %nice   %system   %iowait    %steal     %idle
01:26:53 PM       1     21.21      0.00     78.79      0.00      0.00      0.00
01:26:54 PM       1     24.75      0.00     75.25      0.00      0.00      0.00
01:26:55 PM       1     21.00      0.00     79.00      0.00      0.00      0.00
01:26:56 PM       1     18.18      0.00     81.82      0.00      0.00      0.00
01:26:57 PM       1     21.00      0.00     79.00      0.00      0.00      0.00
01:26:58 PM       1     17.00      0.00     83.00      0.00      0.00      0.00
01:26:59 PM       1     24.00      0.00     76.00      0.00      0.00      0.00
01:27:00 PM       1     26.00      0.00     74.00      0.00      0.00      0.00
01:27:01 PM       1     24.00      0.00     76.00      0.00      0.00      0.00
01:27:02 PM       1     21.00      0.00     79.00      0.00      0.00      0.00
01:27:03 PM       1     21.78      0.00     78.22      0.00      0.00      0.00
01:27:04 PM       1     16.00      0.00     84.00      0.00      0.00      0.00
01:27:05 PM       1     21.21      0.00     78.79      0.00      0.00      0.00
01:27:06 PM       1     22.77      0.00     77.23      0.00      0.00      0.00
01:27:07 PM       1     21.21      0.00     78.79      0.00      0.00      0.00
01:27:08 PM       1     18.00      0.00     82.00      0.00      0.00      0.00
01:27:09 PM       1     22.00      0.00     78.00      0.00      0.00      0.00
01:27:10 PM       1     20.79      0.00     79.21      0.00      0.00      0.00
01:27:11 PM       1     23.23      0.00     76.77      0.00      0.00      0.00
01:27:12 PM       1     25.00      0.00     75.00      0.00      0.00      0.00
Average:          1     21.51      0.00     78.49      0.00      0.00      0.00
