Linux 3.14.33-regular (node220-2) 	01/04/2017 	_x86_64_	(8 CPU)

01:08:53 PM     CPU     %user     %nice   %system   %iowait    %steal     %idle
01:08:54 PM       1     22.00      0.00     78.00      0.00      0.00      0.00
01:08:55 PM       1     23.00      0.00     77.00      0.00      0.00      0.00
01:08:56 PM       1     23.00      0.00     77.00      0.00      0.00      0.00
01:08:57 PM       1     22.22      0.00     77.78      0.00      0.00      0.00
01:08:58 PM       1     24.00      0.00     76.00      0.00      0.00      0.00
01:08:59 PM       1     17.82      0.00     82.18      0.00      0.00      0.00
01:09:00 PM       1     18.18      0.00     81.82      0.00      0.00      0.00
01:09:01 PM       1     22.00      0.00     78.00      0.00      0.00      0.00
01:09:02 PM       1     23.00      0.00     77.00      0.00      0.00      0.00
01:09:03 PM       1     17.00      0.00     83.00      0.00      0.00      0.00
01:09:04 PM       1     22.00      0.00     78.00      0.00      0.00      0.00
01:09:05 PM       1     21.78      0.00     78.22      0.00      0.00      0.00
01:09:06 PM       1     18.00      0.00     82.00      0.00      0.00      0.00
01:09:07 PM       1     20.00      0.00     80.00      0.00      0.00      0.00
01:09:08 PM       1     24.00      0.00     76.00      0.00      0.00      0.00
01:09:09 PM       1     20.00      0.00     80.00      0.00      0.00      0.00
01:09:10 PM       1     22.00      0.00     78.00      0.00      0.00      0.00
01:09:11 PM       1     26.00      0.00     74.00      0.00      0.00      0.00
01:09:12 PM       1     24.00      0.00     76.00      0.00      0.00      0.00
01:09:13 PM       1     22.00      0.00     78.00      0.00      0.00      0.00
Average:          1     21.60      0.00     78.40      0.00      0.00      0.00
