Linux 3.14.33-regular (node220-2) 	01/04/2017 	_x86_64_	(8 CPU)

12:27:49 PM     CPU     %user     %nice   %system   %iowait    %steal     %idle
12:27:50 PM       1     19.00      0.00     81.00      0.00      0.00      0.00
12:27:51 PM       1     19.00      0.00     81.00      0.00      0.00      0.00
12:27:52 PM       1     18.00      0.00     82.00      0.00      0.00      0.00
12:27:53 PM       1     22.00      0.00     78.00      0.00      0.00      0.00
12:27:54 PM       1     17.82      0.00     82.18      0.00      0.00      0.00
12:27:55 PM       1     21.21      0.00     78.79      0.00      0.00      0.00
12:27:56 PM       1     20.79      0.00     79.21      0.00      0.00      0.00
12:27:57 PM       1     19.19      0.00     80.81      0.00      0.00      0.00
12:27:58 PM       1     22.77      0.00     77.23      0.00      0.00      0.00
12:27:59 PM       1     19.19      0.00     80.81      0.00      0.00      0.00
12:28:00 PM       1     23.00      0.00     77.00      0.00      0.00      0.00
12:28:01 PM       1     24.75      0.00     75.25      0.00      0.00      0.00
12:28:02 PM       1     26.00      0.00     74.00      0.00      0.00      0.00
12:28:03 PM       1     18.00      0.00     82.00      0.00      0.00      0.00
12:28:04 PM       1     19.00      0.00     81.00      0.00      0.00      0.00
12:28:05 PM       1     23.00      0.00     77.00      0.00      0.00      0.00
12:28:06 PM       1     21.00      0.00     79.00      0.00      0.00      0.00
12:28:07 PM       1     24.00      0.00     76.00      0.00      0.00      0.00
12:28:08 PM       1     19.19      0.00     80.81      0.00      0.00      0.00
12:28:09 PM       1     20.79      0.00     79.21      0.00      0.00      0.00
Average:          1     20.89      0.00     79.11      0.00      0.00      0.00
