Linux 3.14.33-regular (node220-2) 	01/04/2017 	_x86_64_	(8 CPU)

01:00:32 PM     CPU     %user     %nice   %system   %iowait    %steal     %idle
01:00:33 PM       1     23.00      0.00     77.00      0.00      0.00      0.00
01:00:34 PM       1     25.00      0.00     75.00      0.00      0.00      0.00
01:00:35 PM       1     21.00      0.00     79.00      0.00      0.00      0.00
01:00:36 PM       1     23.00      0.00     77.00      0.00      0.00      0.00
01:00:37 PM       1     25.00      0.00     75.00      0.00      0.00      0.00
01:00:38 PM       1     25.25      0.00     74.75      0.00      0.00      0.00
01:00:39 PM       1     18.00      0.00     82.00      0.00      0.00      0.00
01:00:40 PM       1     16.83      0.00     83.17      0.00      0.00      0.00
01:00:41 PM       1     21.00      0.00     79.00      0.00      0.00      0.00
01:00:42 PM       1     25.00      0.00     75.00      0.00      0.00      0.00
01:00:43 PM       1     23.00      0.00     77.00      0.00      0.00      0.00
01:00:44 PM       1     26.00      0.00     74.00      0.00      0.00      0.00
01:00:45 PM       1     21.78      0.00     78.22      0.00      0.00      0.00
01:00:46 PM       1     20.20      0.00     79.80      0.00      0.00      0.00
01:00:47 PM       1     18.00      0.00     82.00      0.00      0.00      0.00
01:00:48 PM       1     18.00      0.00     82.00      0.00      0.00      0.00
01:00:49 PM       1     23.00      0.00     77.00      0.00      0.00      0.00
01:00:50 PM       1     25.00      0.00     75.00      0.00      0.00      0.00
01:00:51 PM       1     25.00      0.00     75.00      0.00      0.00      0.00
01:00:52 PM       1     21.00      0.00     79.00      0.00      0.00      0.00
Average:          1     22.20      0.00     77.80      0.00      0.00      0.00
