Linux 3.14.33-regular (node220-2) 	01/04/2017 	_x86_64_	(8 CPU)

12:39:58 PM     CPU     %user     %nice   %system   %iowait    %steal     %idle
12:39:59 PM       1     20.00      0.00     80.00      0.00      0.00      0.00
12:40:00 PM       1     21.78      0.00     78.22      0.00      0.00      0.00
12:40:01 PM       1     19.19      0.00     80.81      0.00      0.00      0.00
12:40:02 PM       1     23.23      0.00     76.77      0.00      0.00      0.00
12:40:03 PM       1     23.76      0.00     76.24      0.00      0.00      0.00
12:40:04 PM       1     21.78      0.00     78.22      0.00      0.00      0.00
12:40:05 PM       1     24.24      0.00     75.76      0.00      0.00      0.00
12:40:06 PM       1     27.72      0.00     72.28      0.00      0.00      0.00
12:40:07 PM       1     19.19      0.00     80.81      0.00      0.00      0.00
12:40:08 PM       1     17.00      0.00     83.00      0.00      0.00      0.00
12:40:09 PM       1     23.00      0.00     77.00      0.00      0.00      0.00
12:40:10 PM       1     25.74      0.00     74.26      0.00      0.00      0.00
12:40:11 PM       1     20.00      0.00     80.00      0.00      0.00      0.00
12:40:12 PM       1     21.21      0.00     78.79      0.00      0.00      0.00
12:40:13 PM       1     24.00      0.00     76.00      0.00      0.00      0.00
12:40:14 PM       1     25.00      0.00     75.00      0.00      0.00      0.00
12:40:15 PM       1     21.21      0.00     78.79      0.00      0.00      0.00
12:40:16 PM       1     22.77      0.00     77.23      0.00      0.00      0.00
12:40:17 PM       1     19.19      0.00     80.81      0.00      0.00      0.00
12:40:18 PM       1     22.77      0.00     77.23      0.00      0.00      0.00
Average:          1     22.15      0.00     77.85      0.00      0.00      0.00
