Linux 3.14.33-regular (node220-2) 	01/04/2017 	_x86_64_	(8 CPU)

12:57:19 PM     CPU     %user     %nice   %system   %iowait    %steal     %idle
12:57:20 PM       1     21.00      0.00     79.00      0.00      0.00      0.00
12:57:21 PM       1     22.77      0.00     77.23      0.00      0.00      0.00
12:57:22 PM       1     19.00      0.00     81.00      0.00      0.00      0.00
12:57:23 PM       1     22.22      0.00     77.78      0.00      0.00      0.00
12:57:24 PM       1     20.79      0.00     79.21      0.00      0.00      0.00
12:57:25 PM       1     18.18      0.00     81.82      0.00      0.00      0.00
12:57:26 PM       1     21.78      0.00     78.22      0.00      0.00      0.00
12:57:27 PM       1     20.20      0.00     79.80      0.00      0.00      0.00
12:57:28 PM       1     22.00      0.00     78.00      0.00      0.00      0.00
12:57:29 PM       1     23.76      0.00     76.24      0.00      0.00      0.00
12:57:30 PM       1     18.18      0.00     81.82      0.00      0.00      0.00
12:57:31 PM       1     21.78      0.00     78.22      0.00      0.00      0.00
12:57:32 PM       1     18.00      0.00     82.00      0.00      0.00      0.00
12:57:33 PM       1     25.00      0.00     75.00      0.00      0.00      0.00
12:57:34 PM       1     23.23      0.00     76.77      0.00      0.00      0.00
12:57:35 PM       1     19.80      0.00     80.20      0.00      0.00      0.00
12:57:36 PM       1     24.00      0.00     76.00      0.00      0.00      0.00
12:57:37 PM       1     19.19      0.00     80.81      0.00      0.00      0.00
12:57:38 PM       1     21.78      0.00     78.22      0.00      0.00      0.00
12:57:39 PM       1     25.00      0.00     75.00      0.00      0.00      0.00
Average:          1     21.39      0.00     78.61      0.00      0.00      0.00
