Linux 3.14.33-regular (node220-2) 	01/05/2017 	_x86_64_	(8 CPU)

03:37:40 PM     CPU     %user     %nice   %system   %iowait    %steal     %idle
03:37:41 PM       1    100.00      0.00      0.00      0.00      0.00      0.00
03:37:42 PM       1    100.00      0.00      0.00      0.00      0.00      0.00
03:37:43 PM       1    100.00      0.00      0.00      0.00      0.00      0.00
03:37:44 PM       1    100.00      0.00      0.00      0.00      0.00      0.00
03:37:45 PM       1    100.00      0.00      0.00      0.00      0.00      0.00
03:37:46 PM       1    100.00      0.00      0.00      0.00      0.00      0.00
03:37:47 PM       1    100.00      0.00      0.00      0.00      0.00      0.00
03:37:48 PM       1    100.00      0.00      0.00      0.00      0.00      0.00
03:37:49 PM       1    100.00      0.00      0.00      0.00      0.00      0.00
03:37:50 PM       1    100.00      0.00      0.00      0.00      0.00      0.00
03:37:51 PM       1    100.00      0.00      0.00      0.00      0.00      0.00
03:37:52 PM       1    100.00      0.00      0.00      0.00      0.00      0.00
03:37:53 PM       1    100.00      0.00      0.00      0.00      0.00      0.00
03:37:54 PM       1    100.00      0.00      0.00      0.00      0.00      0.00
03:37:55 PM       1    100.00      0.00      0.00      0.00      0.00      0.00
03:37:56 PM       1    100.00      0.00      0.00      0.00      0.00      0.00
03:37:57 PM       1    100.00      0.00      0.00      0.00      0.00      0.00
03:37:58 PM       1    100.00      0.00      0.00      0.00      0.00      0.00
03:37:59 PM       1    100.00      0.00      0.00      0.00      0.00      0.00
03:38:00 PM       1    100.00      0.00      0.00      0.00      0.00      0.00
Average:          1    100.00      0.00      0.00      0.00      0.00      0.00
