Linux 3.14.33-regular (node220-2) 	01/05/2017 	_x86_64_	(8 CPU)

07:02:10 PM     CPU     %user     %nice   %system   %iowait    %steal     %idle
07:02:11 PM       1    100.00      0.00      0.00      0.00      0.00      0.00
07:02:12 PM       1    100.00      0.00      0.00      0.00      0.00      0.00
07:02:13 PM       1    100.00      0.00      0.00      0.00      0.00      0.00
07:02:14 PM       1    100.00      0.00      0.00      0.00      0.00      0.00
07:02:15 PM       1    100.00      0.00      0.00      0.00      0.00      0.00
07:02:16 PM       1    100.00      0.00      0.00      0.00      0.00      0.00
07:02:17 PM       1    100.00      0.00      0.00      0.00      0.00      0.00
07:02:18 PM       1    100.00      0.00      0.00      0.00      0.00      0.00
07:02:19 PM       1    100.00      0.00      0.00      0.00      0.00      0.00
07:02:20 PM       1    100.00      0.00      0.00      0.00      0.00      0.00
07:02:21 PM       1    100.00      0.00      0.00      0.00      0.00      0.00
07:02:22 PM       1    100.00      0.00      0.00      0.00      0.00      0.00
07:02:23 PM       1    100.00      0.00      0.00      0.00      0.00      0.00
07:02:24 PM       1    100.00      0.00      0.00      0.00      0.00      0.00
07:02:25 PM       1    100.00      0.00      0.00      0.00      0.00      0.00
07:02:26 PM       1    100.00      0.00      0.00      0.00      0.00      0.00
07:02:27 PM       1    100.00      0.00      0.00      0.00      0.00      0.00
07:02:28 PM       1    100.00      0.00      0.00      0.00      0.00      0.00
07:02:29 PM       1    100.00      0.00      0.00      0.00      0.00      0.00
07:02:30 PM       1    100.00      0.00      0.00      0.00      0.00      0.00
Average:          1    100.00      0.00      0.00      0.00      0.00      0.00
