Linux 3.14.33-regular (node220-2) 	01/05/2017 	_x86_64_	(8 CPU)

10:12:05 PM     CPU     %user     %nice   %system   %iowait    %steal     %idle
10:12:06 PM       1    100.00      0.00      0.00      0.00      0.00      0.00
10:12:07 PM       1    100.00      0.00      0.00      0.00      0.00      0.00
10:12:08 PM       1    100.00      0.00      0.00      0.00      0.00      0.00
10:12:09 PM       1    100.00      0.00      0.00      0.00      0.00      0.00
10:12:10 PM       1    100.00      0.00      0.00      0.00      0.00      0.00
10:12:11 PM       1    100.00      0.00      0.00      0.00      0.00      0.00
10:12:12 PM       1    100.00      0.00      0.00      0.00      0.00      0.00
10:12:13 PM       1    100.00      0.00      0.00      0.00      0.00      0.00
10:12:14 PM       1    100.00      0.00      0.00      0.00      0.00      0.00
10:12:15 PM       1    100.00      0.00      0.00      0.00      0.00      0.00
10:12:16 PM       1    100.00      0.00      0.00      0.00      0.00      0.00
10:12:17 PM       1    100.00      0.00      0.00      0.00      0.00      0.00
10:12:18 PM       1    100.00      0.00      0.00      0.00      0.00      0.00
10:12:19 PM       1    100.00      0.00      0.00      0.00      0.00      0.00
10:12:20 PM       1    100.00      0.00      0.00      0.00      0.00      0.00
10:12:21 PM       1    100.00      0.00      0.00      0.00      0.00      0.00
10:12:22 PM       1    100.00      0.00      0.00      0.00      0.00      0.00
10:12:23 PM       1    100.00      0.00      0.00      0.00      0.00      0.00
10:12:24 PM       1    100.00      0.00      0.00      0.00      0.00      0.00
10:12:25 PM       1    100.00      0.00      0.00      0.00      0.00      0.00
Average:          1    100.00      0.00      0.00      0.00      0.00      0.00
