Linux 3.14.33-regular (node220-2) 	01/06/2017 	_x86_64_	(8 CPU)

01:33:32 AM     CPU     %user     %nice   %system   %iowait    %steal     %idle
01:33:33 AM       1    100.00      0.00      0.00      0.00      0.00      0.00
01:33:34 AM       1    100.00      0.00      0.00      0.00      0.00      0.00
01:33:35 AM       1    100.00      0.00      0.00      0.00      0.00      0.00
01:33:36 AM       1    100.00      0.00      0.00      0.00      0.00      0.00
01:33:37 AM       1    100.00      0.00      0.00      0.00      0.00      0.00
01:33:38 AM       1    100.00      0.00      0.00      0.00      0.00      0.00
01:33:39 AM       1    100.00      0.00      0.00      0.00      0.00      0.00
01:33:40 AM       1    100.00      0.00      0.00      0.00      0.00      0.00
01:33:41 AM       1    100.00      0.00      0.00      0.00      0.00      0.00
01:33:42 AM       1    100.00      0.00      0.00      0.00      0.00      0.00
01:33:43 AM       1    100.00      0.00      0.00      0.00      0.00      0.00
01:33:44 AM       1    100.00      0.00      0.00      0.00      0.00      0.00
01:33:45 AM       1    100.00      0.00      0.00      0.00      0.00      0.00
01:33:46 AM       1    100.00      0.00      0.00      0.00      0.00      0.00
01:33:47 AM       1    100.00      0.00      0.00      0.00      0.00      0.00
01:33:48 AM       1    100.00      0.00      0.00      0.00      0.00      0.00
01:33:49 AM       1    100.00      0.00      0.00      0.00      0.00      0.00
01:33:50 AM       1    100.00      0.00      0.00      0.00      0.00      0.00
01:33:51 AM       1    100.00      0.00      0.00      0.00      0.00      0.00
01:33:52 AM       1    100.00      0.00      0.00      0.00      0.00      0.00
Average:          1    100.00      0.00      0.00      0.00      0.00      0.00
