Linux 3.14.33-regular (node220-2) 	01/05/2017 	_x86_64_	(8 CPU)

10:43:41 PM     CPU     %user     %nice   %system   %iowait    %steal     %idle
10:43:42 PM       1    100.00      0.00      0.00      0.00      0.00      0.00
10:43:43 PM       1    100.00      0.00      0.00      0.00      0.00      0.00
10:43:44 PM       1    100.00      0.00      0.00      0.00      0.00      0.00
10:43:45 PM       1    100.00      0.00      0.00      0.00      0.00      0.00
10:43:46 PM       1    100.00      0.00      0.00      0.00      0.00      0.00
10:43:47 PM       1    100.00      0.00      0.00      0.00      0.00      0.00
10:43:48 PM       1    100.00      0.00      0.00      0.00      0.00      0.00
10:43:49 PM       1    100.00      0.00      0.00      0.00      0.00      0.00
10:43:50 PM       1    100.00      0.00      0.00      0.00      0.00      0.00
10:43:51 PM       1    100.00      0.00      0.00      0.00      0.00      0.00
10:43:52 PM       1    100.00      0.00      0.00      0.00      0.00      0.00
10:43:53 PM       1    100.00      0.00      0.00      0.00      0.00      0.00
10:43:54 PM       1    100.00      0.00      0.00      0.00      0.00      0.00
10:43:55 PM       1    100.00      0.00      0.00      0.00      0.00      0.00
10:43:56 PM       1    100.00      0.00      0.00      0.00      0.00      0.00
10:43:57 PM       1    100.00      0.00      0.00      0.00      0.00      0.00
10:43:58 PM       1    100.00      0.00      0.00      0.00      0.00      0.00
10:43:59 PM       1    100.00      0.00      0.00      0.00      0.00      0.00
10:44:00 PM       1    100.00      0.00      0.00      0.00      0.00      0.00
10:44:01 PM       1    100.00      0.00      0.00      0.00      0.00      0.00
Average:          1    100.00      0.00      0.00      0.00      0.00      0.00
