Linux 3.14.33-regular (node220-2) 	01/05/2017 	_x86_64_	(8 CPU)

04:19:24 PM     CPU     %user     %nice   %system   %iowait    %steal     %idle
04:19:25 PM       1    100.00      0.00      0.00      0.00      0.00      0.00
04:19:26 PM       1    100.00      0.00      0.00      0.00      0.00      0.00
04:19:27 PM       1    100.00      0.00      0.00      0.00      0.00      0.00
04:19:28 PM       1    100.00      0.00      0.00      0.00      0.00      0.00
04:19:29 PM       1    100.00      0.00      0.00      0.00      0.00      0.00
04:19:30 PM       1    100.00      0.00      0.00      0.00      0.00      0.00
04:19:31 PM       1    100.00      0.00      0.00      0.00      0.00      0.00
04:19:32 PM       1    100.00      0.00      0.00      0.00      0.00      0.00
04:19:33 PM       1    100.00      0.00      0.00      0.00      0.00      0.00
04:19:34 PM       1    100.00      0.00      0.00      0.00      0.00      0.00
04:19:35 PM       1    100.00      0.00      0.00      0.00      0.00      0.00
04:19:36 PM       1    100.00      0.00      0.00      0.00      0.00      0.00
04:19:37 PM       1    100.00      0.00      0.00      0.00      0.00      0.00
04:19:38 PM       1    100.00      0.00      0.00      0.00      0.00      0.00
04:19:39 PM       1    100.00      0.00      0.00      0.00      0.00      0.00
04:19:40 PM       1    100.00      0.00      0.00      0.00      0.00      0.00
04:19:41 PM       1    100.00      0.00      0.00      0.00      0.00      0.00
04:19:42 PM       1    100.00      0.00      0.00      0.00      0.00      0.00
04:19:43 PM       1    100.00      0.00      0.00      0.00      0.00      0.00
04:19:44 PM       1    100.00      0.00      0.00      0.00      0.00      0.00
Average:          1    100.00      0.00      0.00      0.00      0.00      0.00
