Linux 3.14.33-regular (node220-2) 	01/05/2017 	_x86_64_	(8 CPU)

08:36:08 PM     CPU     %user     %nice   %system   %iowait    %steal     %idle
08:36:09 PM       1    100.00      0.00      0.00      0.00      0.00      0.00
08:36:10 PM       1    100.00      0.00      0.00      0.00      0.00      0.00
08:36:11 PM       1    100.00      0.00      0.00      0.00      0.00      0.00
08:36:12 PM       1    100.00      0.00      0.00      0.00      0.00      0.00
08:36:13 PM       1    100.00      0.00      0.00      0.00      0.00      0.00
08:36:14 PM       1    100.00      0.00      0.00      0.00      0.00      0.00
08:36:15 PM       1    100.00      0.00      0.00      0.00      0.00      0.00
08:36:16 PM       1    100.00      0.00      0.00      0.00      0.00      0.00
08:36:17 PM       1    100.00      0.00      0.00      0.00      0.00      0.00
08:36:18 PM       1    100.00      0.00      0.00      0.00      0.00      0.00
08:36:19 PM       1    100.00      0.00      0.00      0.00      0.00      0.00
08:36:20 PM       1    100.00      0.00      0.00      0.00      0.00      0.00
08:36:21 PM       1    100.00      0.00      0.00      0.00      0.00      0.00
08:36:22 PM       1    100.00      0.00      0.00      0.00      0.00      0.00
08:36:23 PM       1    100.00      0.00      0.00      0.00      0.00      0.00
08:36:24 PM       1    100.00      0.00      0.00      0.00      0.00      0.00
08:36:25 PM       1    100.00      0.00      0.00      0.00      0.00      0.00
08:36:26 PM       1    100.00      0.00      0.00      0.00      0.00      0.00
08:36:27 PM       1    100.00      0.00      0.00      0.00      0.00      0.00
08:36:28 PM       1    100.00      0.00      0.00      0.00      0.00      0.00
Average:          1    100.00      0.00      0.00      0.00      0.00      0.00
