Linux 3.14.33-regular (node220-2) 	01/05/2017 	_x86_64_	(8 CPU)

06:56:25 PM     CPU     %user     %nice   %system   %iowait    %steal     %idle
06:56:26 PM       1    100.00      0.00      0.00      0.00      0.00      0.00
06:56:27 PM       1    100.00      0.00      0.00      0.00      0.00      0.00
06:56:28 PM       1    100.00      0.00      0.00      0.00      0.00      0.00
06:56:29 PM       1    100.00      0.00      0.00      0.00      0.00      0.00
06:56:30 PM       1    100.00      0.00      0.00      0.00      0.00      0.00
06:56:31 PM       1    100.00      0.00      0.00      0.00      0.00      0.00
06:56:32 PM       1    100.00      0.00      0.00      0.00      0.00      0.00
06:56:33 PM       1    100.00      0.00      0.00      0.00      0.00      0.00
06:56:34 PM       1    100.00      0.00      0.00      0.00      0.00      0.00
06:56:35 PM       1    100.00      0.00      0.00      0.00      0.00      0.00
06:56:36 PM       1    100.00      0.00      0.00      0.00      0.00      0.00
06:56:37 PM       1    100.00      0.00      0.00      0.00      0.00      0.00
06:56:38 PM       1    100.00      0.00      0.00      0.00      0.00      0.00
06:56:39 PM       1    100.00      0.00      0.00      0.00      0.00      0.00
06:56:40 PM       1    100.00      0.00      0.00      0.00      0.00      0.00
06:56:41 PM       1    100.00      0.00      0.00      0.00      0.00      0.00
06:56:42 PM       1    100.00      0.00      0.00      0.00      0.00      0.00
06:56:43 PM       1    100.00      0.00      0.00      0.00      0.00      0.00
06:56:44 PM       1    100.00      0.00      0.00      0.00      0.00      0.00
06:56:45 PM       1    100.00      0.00      0.00      0.00      0.00      0.00
Average:          1    100.00      0.00      0.00      0.00      0.00      0.00
