Linux 3.14.33-regular (node220-2) 	01/05/2017 	_x86_64_	(8 CPU)

06:33:16 PM     CPU     %user     %nice   %system   %iowait    %steal     %idle
06:33:17 PM       1    100.00      0.00      0.00      0.00      0.00      0.00
06:33:18 PM       1    100.00      0.00      0.00      0.00      0.00      0.00
06:33:19 PM       1    100.00      0.00      0.00      0.00      0.00      0.00
06:33:20 PM       1    100.00      0.00      0.00      0.00      0.00      0.00
06:33:21 PM       1    100.00      0.00      0.00      0.00      0.00      0.00
06:33:22 PM       1    100.00      0.00      0.00      0.00      0.00      0.00
06:33:23 PM       1    100.00      0.00      0.00      0.00      0.00      0.00
06:33:24 PM       1    100.00      0.00      0.00      0.00      0.00      0.00
06:33:25 PM       1    100.00      0.00      0.00      0.00      0.00      0.00
06:33:26 PM       1    100.00      0.00      0.00      0.00      0.00      0.00
06:33:27 PM       1    100.00      0.00      0.00      0.00      0.00      0.00
06:33:28 PM       1    100.00      0.00      0.00      0.00      0.00      0.00
06:33:29 PM       1    100.00      0.00      0.00      0.00      0.00      0.00
06:33:30 PM       1    100.00      0.00      0.00      0.00      0.00      0.00
06:33:31 PM       1    100.00      0.00      0.00      0.00      0.00      0.00
06:33:32 PM       1    100.00      0.00      0.00      0.00      0.00      0.00
06:33:33 PM       1    100.00      0.00      0.00      0.00      0.00      0.00
06:33:34 PM       1    100.00      0.00      0.00      0.00      0.00      0.00
06:33:35 PM       1    100.00      0.00      0.00      0.00      0.00      0.00
06:33:36 PM       1    100.00      0.00      0.00      0.00      0.00      0.00
Average:          1    100.00      0.00      0.00      0.00      0.00      0.00
