Linux 3.14.33-regular (node220-2) 	01/05/2017 	_x86_64_	(8 CPU)

07:16:20 PM     CPU     %user     %nice   %system   %iowait    %steal     %idle
07:16:21 PM       1    100.00      0.00      0.00      0.00      0.00      0.00
07:16:22 PM       1    100.00      0.00      0.00      0.00      0.00      0.00
07:16:23 PM       1    100.00      0.00      0.00      0.00      0.00      0.00
07:16:24 PM       1    100.00      0.00      0.00      0.00      0.00      0.00
07:16:25 PM       1    100.00      0.00      0.00      0.00      0.00      0.00
07:16:26 PM       1    100.00      0.00      0.00      0.00      0.00      0.00
07:16:27 PM       1    100.00      0.00      0.00      0.00      0.00      0.00
07:16:28 PM       1    100.00      0.00      0.00      0.00      0.00      0.00
07:16:29 PM       1    100.00      0.00      0.00      0.00      0.00      0.00
07:16:30 PM       1    100.00      0.00      0.00      0.00      0.00      0.00
07:16:31 PM       1    100.00      0.00      0.00      0.00      0.00      0.00
07:16:32 PM       1    100.00      0.00      0.00      0.00      0.00      0.00
07:16:33 PM       1    100.00      0.00      0.00      0.00      0.00      0.00
07:16:34 PM       1    100.00      0.00      0.00      0.00      0.00      0.00
07:16:35 PM       1    100.00      0.00      0.00      0.00      0.00      0.00
07:16:36 PM       1    100.00      0.00      0.00      0.00      0.00      0.00
07:16:37 PM       1    100.00      0.00      0.00      0.00      0.00      0.00
07:16:38 PM       1    100.00      0.00      0.00      0.00      0.00      0.00
07:16:39 PM       1    100.00      0.00      0.00      0.00      0.00      0.00
07:16:40 PM       1    100.00      0.00      0.00      0.00      0.00      0.00
Average:          1    100.00      0.00      0.00      0.00      0.00      0.00
