Linux 3.14.33-regular (node220-2) 	01/05/2017 	_x86_64_	(8 CPU)

10:34:35 PM     CPU     %user     %nice   %system   %iowait    %steal     %idle
10:34:36 PM       1    100.00      0.00      0.00      0.00      0.00      0.00
10:34:37 PM       1    100.00      0.00      0.00      0.00      0.00      0.00
10:34:38 PM       1    100.00      0.00      0.00      0.00      0.00      0.00
10:34:39 PM       1    100.00      0.00      0.00      0.00      0.00      0.00
10:34:40 PM       1    100.00      0.00      0.00      0.00      0.00      0.00
10:34:41 PM       1    100.00      0.00      0.00      0.00      0.00      0.00
10:34:42 PM       1    100.00      0.00      0.00      0.00      0.00      0.00
10:34:43 PM       1    100.00      0.00      0.00      0.00      0.00      0.00
10:34:44 PM       1    100.00      0.00      0.00      0.00      0.00      0.00
10:34:45 PM       1    100.00      0.00      0.00      0.00      0.00      0.00
10:34:46 PM       1    100.00      0.00      0.00      0.00      0.00      0.00
10:34:47 PM       1    100.00      0.00      0.00      0.00      0.00      0.00
10:34:48 PM       1    100.00      0.00      0.00      0.00      0.00      0.00
10:34:49 PM       1    100.00      0.00      0.00      0.00      0.00      0.00
10:34:50 PM       1    100.00      0.00      0.00      0.00      0.00      0.00
10:34:51 PM       1    100.00      0.00      0.00      0.00      0.00      0.00
10:34:52 PM       1    100.00      0.00      0.00      0.00      0.00      0.00
10:34:53 PM       1    100.00      0.00      0.00      0.00      0.00      0.00
10:34:54 PM       1    100.00      0.00      0.00      0.00      0.00      0.00
10:34:55 PM       1    100.00      0.00      0.00      0.00      0.00      0.00
Average:          1    100.00      0.00      0.00      0.00      0.00      0.00
