Linux 3.14.33-regular (node220-2) 	01/06/2017 	_x86_64_	(8 CPU)

01:26:27 AM     CPU     %user     %nice   %system   %iowait    %steal     %idle
01:26:28 AM       1    100.00      0.00      0.00      0.00      0.00      0.00
01:26:29 AM       1    100.00      0.00      0.00      0.00      0.00      0.00
01:26:30 AM       1    100.00      0.00      0.00      0.00      0.00      0.00
01:26:31 AM       1    100.00      0.00      0.00      0.00      0.00      0.00
01:26:32 AM       1    100.00      0.00      0.00      0.00      0.00      0.00
01:26:33 AM       1    100.00      0.00      0.00      0.00      0.00      0.00
01:26:34 AM       1    100.00      0.00      0.00      0.00      0.00      0.00
01:26:35 AM       1    100.00      0.00      0.00      0.00      0.00      0.00
01:26:36 AM       1    100.00      0.00      0.00      0.00      0.00      0.00
01:26:37 AM       1    100.00      0.00      0.00      0.00      0.00      0.00
01:26:38 AM       1    100.00      0.00      0.00      0.00      0.00      0.00
01:26:39 AM       1    100.00      0.00      0.00      0.00      0.00      0.00
01:26:40 AM       1    100.00      0.00      0.00      0.00      0.00      0.00
01:26:41 AM       1    100.00      0.00      0.00      0.00      0.00      0.00
01:26:42 AM       1    100.00      0.00      0.00      0.00      0.00      0.00
01:26:43 AM       1    100.00      0.00      0.00      0.00      0.00      0.00
01:26:44 AM       1    100.00      0.00      0.00      0.00      0.00      0.00
01:26:45 AM       1    100.00      0.00      0.00      0.00      0.00      0.00
01:26:46 AM       1    100.00      0.00      0.00      0.00      0.00      0.00
01:26:47 AM       1    100.00      0.00      0.00      0.00      0.00      0.00
Average:          1    100.00      0.00      0.00      0.00      0.00      0.00
