Linux 3.14.33-regular (node220-2) 	01/05/2017 	_x86_64_	(8 CPU)

08:47:40 PM     CPU     %user     %nice   %system   %iowait    %steal     %idle
08:47:41 PM       1    100.00      0.00      0.00      0.00      0.00      0.00
08:47:42 PM       1    100.00      0.00      0.00      0.00      0.00      0.00
08:47:43 PM       1    100.00      0.00      0.00      0.00      0.00      0.00
08:47:44 PM       1    100.00      0.00      0.00      0.00      0.00      0.00
08:47:45 PM       1    100.00      0.00      0.00      0.00      0.00      0.00
08:47:46 PM       1    100.00      0.00      0.00      0.00      0.00      0.00
08:47:47 PM       1    100.00      0.00      0.00      0.00      0.00      0.00
08:47:48 PM       1    100.00      0.00      0.00      0.00      0.00      0.00
08:47:49 PM       1    100.00      0.00      0.00      0.00      0.00      0.00
08:47:50 PM       1    100.00      0.00      0.00      0.00      0.00      0.00
08:47:51 PM       1    100.00      0.00      0.00      0.00      0.00      0.00
08:47:52 PM       1    100.00      0.00      0.00      0.00      0.00      0.00
08:47:53 PM       1    100.00      0.00      0.00      0.00      0.00      0.00
08:47:54 PM       1    100.00      0.00      0.00      0.00      0.00      0.00
08:47:55 PM       1    100.00      0.00      0.00      0.00      0.00      0.00
08:47:56 PM       1    100.00      0.00      0.00      0.00      0.00      0.00
08:47:57 PM       1    100.00      0.00      0.00      0.00      0.00      0.00
08:47:58 PM       1    100.00      0.00      0.00      0.00      0.00      0.00
08:47:59 PM       1    100.00      0.00      0.00      0.00      0.00      0.00
08:48:00 PM       1    100.00      0.00      0.00      0.00      0.00      0.00
Average:          1    100.00      0.00      0.00      0.00      0.00      0.00
