Linux 3.14.33-regular (node220-2) 	01/06/2017 	_x86_64_	(8 CPU)

01:09:06 AM     CPU     %user     %nice   %system   %iowait    %steal     %idle
01:09:07 AM       1    100.00      0.00      0.00      0.00      0.00      0.00
01:09:08 AM       1    100.00      0.00      0.00      0.00      0.00      0.00
01:09:09 AM       1    100.00      0.00      0.00      0.00      0.00      0.00
01:09:10 AM       1    100.00      0.00      0.00      0.00      0.00      0.00
01:09:11 AM       1    100.00      0.00      0.00      0.00      0.00      0.00
01:09:12 AM       1    100.00      0.00      0.00      0.00      0.00      0.00
01:09:13 AM       1    100.00      0.00      0.00      0.00      0.00      0.00
01:09:14 AM       1    100.00      0.00      0.00      0.00      0.00      0.00
01:09:15 AM       1    100.00      0.00      0.00      0.00      0.00      0.00
01:09:16 AM       1    100.00      0.00      0.00      0.00      0.00      0.00
01:09:17 AM       1    100.00      0.00      0.00      0.00      0.00      0.00
01:09:18 AM       1    100.00      0.00      0.00      0.00      0.00      0.00
01:09:19 AM       1    100.00      0.00      0.00      0.00      0.00      0.00
01:09:20 AM       1    100.00      0.00      0.00      0.00      0.00      0.00
01:09:21 AM       1    100.00      0.00      0.00      0.00      0.00      0.00
01:09:22 AM       1    100.00      0.00      0.00      0.00      0.00      0.00
01:09:23 AM       1    100.00      0.00      0.00      0.00      0.00      0.00
01:09:24 AM       1    100.00      0.00      0.00      0.00      0.00      0.00
01:09:25 AM       1    100.00      0.00      0.00      0.00      0.00      0.00
01:09:26 AM       1    100.00      0.00      0.00      0.00      0.00      0.00
Average:          1    100.00      0.00      0.00      0.00      0.00      0.00
