Linux 3.14.33-regular (node220-2) 	01/05/2017 	_x86_64_	(8 CPU)

03:47:18 PM     CPU     %user     %nice   %system   %iowait    %steal     %idle
03:47:19 PM       1    100.00      0.00      0.00      0.00      0.00      0.00
03:47:20 PM       1    100.00      0.00      0.00      0.00      0.00      0.00
03:47:21 PM       1    100.00      0.00      0.00      0.00      0.00      0.00
03:47:22 PM       1    100.00      0.00      0.00      0.00      0.00      0.00
03:47:23 PM       1    100.00      0.00      0.00      0.00      0.00      0.00
03:47:24 PM       1    100.00      0.00      0.00      0.00      0.00      0.00
03:47:25 PM       1    100.00      0.00      0.00      0.00      0.00      0.00
03:47:26 PM       1    100.00      0.00      0.00      0.00      0.00      0.00
03:47:27 PM       1    100.00      0.00      0.00      0.00      0.00      0.00
03:47:28 PM       1    100.00      0.00      0.00      0.00      0.00      0.00
03:47:29 PM       1    100.00      0.00      0.00      0.00      0.00      0.00
03:47:30 PM       1     99.01      0.00      0.99      0.00      0.00      0.00
03:47:31 PM       1    100.00      0.00      0.00      0.00      0.00      0.00
03:47:32 PM       1    100.00      0.00      0.00      0.00      0.00      0.00
03:47:33 PM       1    100.00      0.00      0.00      0.00      0.00      0.00
03:47:34 PM       1     99.01      0.00      0.99      0.00      0.00      0.00
03:47:35 PM       1     99.00      0.00      1.00      0.00      0.00      0.00
03:47:36 PM       1     98.99      0.00      1.01      0.00      0.00      0.00
03:47:37 PM       1    100.00      0.00      0.00      0.00      0.00      0.00
03:47:38 PM       1    100.00      0.00      0.00      0.00      0.00      0.00
Average:          1     99.80      0.00      0.20      0.00      0.00      0.00
