Linux 3.14.33-regular (node220-2) 	01/05/2017 	_x86_64_	(8 CPU)

07:24:40 PM     CPU     %user     %nice   %system   %iowait    %steal     %idle
07:24:41 PM       1    100.00      0.00      0.00      0.00      0.00      0.00
07:24:42 PM       1    100.00      0.00      0.00      0.00      0.00      0.00
07:24:43 PM       1    100.00      0.00      0.00      0.00      0.00      0.00
07:24:44 PM       1    100.00      0.00      0.00      0.00      0.00      0.00
07:24:45 PM       1    100.00      0.00      0.00      0.00      0.00      0.00
07:24:46 PM       1    100.00      0.00      0.00      0.00      0.00      0.00
07:24:47 PM       1    100.00      0.00      0.00      0.00      0.00      0.00
07:24:48 PM       1    100.00      0.00      0.00      0.00      0.00      0.00
07:24:49 PM       1    100.00      0.00      0.00      0.00      0.00      0.00
07:24:50 PM       1    100.00      0.00      0.00      0.00      0.00      0.00
07:24:51 PM       1    100.00      0.00      0.00      0.00      0.00      0.00
07:24:52 PM       1    100.00      0.00      0.00      0.00      0.00      0.00
07:24:53 PM       1    100.00      0.00      0.00      0.00      0.00      0.00
07:24:54 PM       1    100.00      0.00      0.00      0.00      0.00      0.00
07:24:55 PM       1    100.00      0.00      0.00      0.00      0.00      0.00
07:24:56 PM       1    100.00      0.00      0.00      0.00      0.00      0.00
07:24:57 PM       1    100.00      0.00      0.00      0.00      0.00      0.00
07:24:58 PM       1    100.00      0.00      0.00      0.00      0.00      0.00
07:24:59 PM       1    100.00      0.00      0.00      0.00      0.00      0.00
07:25:00 PM       1    100.00      0.00      0.00      0.00      0.00      0.00
Average:          1    100.00      0.00      0.00      0.00      0.00      0.00
