Linux 3.14.33-regular (node220-2) 	01/05/2017 	_x86_64_	(8 CPU)

11:05:30 PM     CPU     %user     %nice   %system   %iowait    %steal     %idle
11:05:31 PM       1    100.00      0.00      0.00      0.00      0.00      0.00
11:05:32 PM       1    100.00      0.00      0.00      0.00      0.00      0.00
11:05:33 PM       1    100.00      0.00      0.00      0.00      0.00      0.00
11:05:34 PM       1    100.00      0.00      0.00      0.00      0.00      0.00
11:05:35 PM       1    100.00      0.00      0.00      0.00      0.00      0.00
11:05:36 PM       1    100.00      0.00      0.00      0.00      0.00      0.00
11:05:37 PM       1    100.00      0.00      0.00      0.00      0.00      0.00
11:05:38 PM       1    100.00      0.00      0.00      0.00      0.00      0.00
11:05:39 PM       1    100.00      0.00      0.00      0.00      0.00      0.00
11:05:40 PM       1    100.00      0.00      0.00      0.00      0.00      0.00
11:05:41 PM       1    100.00      0.00      0.00      0.00      0.00      0.00
11:05:42 PM       1    100.00      0.00      0.00      0.00      0.00      0.00
11:05:43 PM       1    100.00      0.00      0.00      0.00      0.00      0.00
11:05:44 PM       1    100.00      0.00      0.00      0.00      0.00      0.00
11:05:45 PM       1    100.00      0.00      0.00      0.00      0.00      0.00
11:05:46 PM       1    100.00      0.00      0.00      0.00      0.00      0.00
11:05:47 PM       1    100.00      0.00      0.00      0.00      0.00      0.00
11:05:48 PM       1    100.00      0.00      0.00      0.00      0.00      0.00
11:05:49 PM       1    100.00      0.00      0.00      0.00      0.00      0.00
11:05:50 PM       1    100.00      0.00      0.00      0.00      0.00      0.00
Average:          1    100.00      0.00      0.00      0.00      0.00      0.00
