Linux 3.14.33-regular (node220-2) 	01/05/2017 	_x86_64_	(8 CPU)

07:55:29 PM     CPU     %user     %nice   %system   %iowait    %steal     %idle
07:55:30 PM       1    100.00      0.00      0.00      0.00      0.00      0.00
07:55:31 PM       1    100.00      0.00      0.00      0.00      0.00      0.00
07:55:32 PM       1    100.00      0.00      0.00      0.00      0.00      0.00
07:55:33 PM       1    100.00      0.00      0.00      0.00      0.00      0.00
07:55:34 PM       1    100.00      0.00      0.00      0.00      0.00      0.00
07:55:35 PM       1    100.00      0.00      0.00      0.00      0.00      0.00
07:55:36 PM       1    100.00      0.00      0.00      0.00      0.00      0.00
07:55:37 PM       1    100.00      0.00      0.00      0.00      0.00      0.00
07:55:38 PM       1    100.00      0.00      0.00      0.00      0.00      0.00
07:55:39 PM       1    100.00      0.00      0.00      0.00      0.00      0.00
07:55:40 PM       1    100.00      0.00      0.00      0.00      0.00      0.00
07:55:41 PM       1    100.00      0.00      0.00      0.00      0.00      0.00
07:55:42 PM       1    100.00      0.00      0.00      0.00      0.00      0.00
07:55:43 PM       1    100.00      0.00      0.00      0.00      0.00      0.00
07:55:44 PM       1    100.00      0.00      0.00      0.00      0.00      0.00
07:55:45 PM       1    100.00      0.00      0.00      0.00      0.00      0.00
07:55:46 PM       1    100.00      0.00      0.00      0.00      0.00      0.00
07:55:47 PM       1    100.00      0.00      0.00      0.00      0.00      0.00
07:55:48 PM       1    100.00      0.00      0.00      0.00      0.00      0.00
07:55:49 PM       1    100.00      0.00      0.00      0.00      0.00      0.00
Average:          1    100.00      0.00      0.00      0.00      0.00      0.00
