Linux 3.14.33-regular (node220-2) 	01/05/2017 	_x86_64_	(8 CPU)

05:36:38 PM     CPU     %user     %nice   %system   %iowait    %steal     %idle
05:36:39 PM       1    100.00      0.00      0.00      0.00      0.00      0.00
05:36:40 PM       1    100.00      0.00      0.00      0.00      0.00      0.00
05:36:41 PM       1    100.00      0.00      0.00      0.00      0.00      0.00
05:36:42 PM       1    100.00      0.00      0.00      0.00      0.00      0.00
05:36:43 PM       1    100.00      0.00      0.00      0.00      0.00      0.00
05:36:44 PM       1    100.00      0.00      0.00      0.00      0.00      0.00
05:36:45 PM       1    100.00      0.00      0.00      0.00      0.00      0.00
05:36:46 PM       1    100.00      0.00      0.00      0.00      0.00      0.00
05:36:47 PM       1    100.00      0.00      0.00      0.00      0.00      0.00
05:36:48 PM       1    100.00      0.00      0.00      0.00      0.00      0.00
05:36:49 PM       1    100.00      0.00      0.00      0.00      0.00      0.00
05:36:50 PM       1    100.00      0.00      0.00      0.00      0.00      0.00
05:36:51 PM       1    100.00      0.00      0.00      0.00      0.00      0.00
05:36:52 PM       1    100.00      0.00      0.00      0.00      0.00      0.00
05:36:53 PM       1    100.00      0.00      0.00      0.00      0.00      0.00
05:36:54 PM       1    100.00      0.00      0.00      0.00      0.00      0.00
05:36:55 PM       1    100.00      0.00      0.00      0.00      0.00      0.00
05:36:56 PM       1    100.00      0.00      0.00      0.00      0.00      0.00
05:36:57 PM       1    100.00      0.00      0.00      0.00      0.00      0.00
05:36:58 PM       1    100.00      0.00      0.00      0.00      0.00      0.00
Average:          1    100.00      0.00      0.00      0.00      0.00      0.00
