Linux 3.14.33-regular (node220-2) 	01/05/2017 	_x86_64_	(8 CPU)

06:25:35 PM     CPU     %user     %nice   %system   %iowait    %steal     %idle
06:25:36 PM       1    100.00      0.00      0.00      0.00      0.00      0.00
06:25:37 PM       1    100.00      0.00      0.00      0.00      0.00      0.00
06:25:38 PM       1    100.00      0.00      0.00      0.00      0.00      0.00
06:25:39 PM       1    100.00      0.00      0.00      0.00      0.00      0.00
06:25:40 PM       1    100.00      0.00      0.00      0.00      0.00      0.00
06:25:41 PM       1    100.00      0.00      0.00      0.00      0.00      0.00
06:25:42 PM       1    100.00      0.00      0.00      0.00      0.00      0.00
06:25:43 PM       1    100.00      0.00      0.00      0.00      0.00      0.00
06:25:44 PM       1    100.00      0.00      0.00      0.00      0.00      0.00
06:25:45 PM       1    100.00      0.00      0.00      0.00      0.00      0.00
06:25:46 PM       1    100.00      0.00      0.00      0.00      0.00      0.00
06:25:47 PM       1    100.00      0.00      0.00      0.00      0.00      0.00
06:25:48 PM       1    100.00      0.00      0.00      0.00      0.00      0.00
06:25:49 PM       1    100.00      0.00      0.00      0.00      0.00      0.00
06:25:50 PM       1    100.00      0.00      0.00      0.00      0.00      0.00
06:25:51 PM       1    100.00      0.00      0.00      0.00      0.00      0.00
06:25:52 PM       1    100.00      0.00      0.00      0.00      0.00      0.00
06:25:53 PM       1    100.00      0.00      0.00      0.00      0.00      0.00
06:25:54 PM       1    100.00      0.00      0.00      0.00      0.00      0.00
06:25:55 PM       1    100.00      0.00      0.00      0.00      0.00      0.00
Average:          1    100.00      0.00      0.00      0.00      0.00      0.00
