Linux 3.14.33-regular (node220-2) 	01/05/2017 	_x86_64_	(8 CPU)

05:27:00 PM     CPU     %user     %nice   %system   %iowait    %steal     %idle
05:27:01 PM       1    100.00      0.00      0.00      0.00      0.00      0.00
05:27:02 PM       1    100.00      0.00      0.00      0.00      0.00      0.00
05:27:03 PM       1    100.00      0.00      0.00      0.00      0.00      0.00
05:27:04 PM       1    100.00      0.00      0.00      0.00      0.00      0.00
05:27:05 PM       1    100.00      0.00      0.00      0.00      0.00      0.00
05:27:06 PM       1    100.00      0.00      0.00      0.00      0.00      0.00
05:27:07 PM       1    100.00      0.00      0.00      0.00      0.00      0.00
05:27:08 PM       1    100.00      0.00      0.00      0.00      0.00      0.00
05:27:09 PM       1    100.00      0.00      0.00      0.00      0.00      0.00
05:27:10 PM       1    100.00      0.00      0.00      0.00      0.00      0.00
05:27:11 PM       1    100.00      0.00      0.00      0.00      0.00      0.00
05:27:12 PM       1    100.00      0.00      0.00      0.00      0.00      0.00
05:27:13 PM       1    100.00      0.00      0.00      0.00      0.00      0.00
05:27:14 PM       1    100.00      0.00      0.00      0.00      0.00      0.00
05:27:15 PM       1    100.00      0.00      0.00      0.00      0.00      0.00
05:27:16 PM       1    100.00      0.00      0.00      0.00      0.00      0.00
05:27:17 PM       1    100.00      0.00      0.00      0.00      0.00      0.00
05:27:18 PM       1    100.00      0.00      0.00      0.00      0.00      0.00
05:27:19 PM       1    100.00      0.00      0.00      0.00      0.00      0.00
05:27:20 PM       1    100.00      0.00      0.00      0.00      0.00      0.00
Average:          1    100.00      0.00      0.00      0.00      0.00      0.00
