Linux 3.14.33-regular (node220-2) 	01/05/2017 	_x86_64_	(8 CPU)

06:53:50 PM     CPU     %user     %nice   %system   %iowait    %steal     %idle
06:53:51 PM       1    100.00      0.00      0.00      0.00      0.00      0.00
06:53:52 PM       1    100.00      0.00      0.00      0.00      0.00      0.00
06:53:53 PM       1    100.00      0.00      0.00      0.00      0.00      0.00
06:53:54 PM       1    100.00      0.00      0.00      0.00      0.00      0.00
06:53:55 PM       1    100.00      0.00      0.00      0.00      0.00      0.00
06:53:56 PM       1    100.00      0.00      0.00      0.00      0.00      0.00
06:53:57 PM       1    100.00      0.00      0.00      0.00      0.00      0.00
06:53:58 PM       1    100.00      0.00      0.00      0.00      0.00      0.00
06:53:59 PM       1    100.00      0.00      0.00      0.00      0.00      0.00
06:54:00 PM       1    100.00      0.00      0.00      0.00      0.00      0.00
06:54:01 PM       1    100.00      0.00      0.00      0.00      0.00      0.00
06:54:02 PM       1    100.00      0.00      0.00      0.00      0.00      0.00
06:54:03 PM       1    100.00      0.00      0.00      0.00      0.00      0.00
06:54:04 PM       1    100.00      0.00      0.00      0.00      0.00      0.00
06:54:05 PM       1    100.00      0.00      0.00      0.00      0.00      0.00
06:54:06 PM       1    100.00      0.00      0.00      0.00      0.00      0.00
06:54:07 PM       1    100.00      0.00      0.00      0.00      0.00      0.00
06:54:08 PM       1    100.00      0.00      0.00      0.00      0.00      0.00
06:54:09 PM       1    100.00      0.00      0.00      0.00      0.00      0.00
06:54:10 PM       1    100.00      0.00      0.00      0.00      0.00      0.00
Average:          1    100.00      0.00      0.00      0.00      0.00      0.00
