Linux 3.14.33-regular (node220-2) 	01/06/2017 	_x86_64_	(8 CPU)

01:16:51 AM     CPU     %user     %nice   %system   %iowait    %steal     %idle
01:16:52 AM       1    100.00      0.00      0.00      0.00      0.00      0.00
01:16:53 AM       1    100.00      0.00      0.00      0.00      0.00      0.00
01:16:54 AM       1    100.00      0.00      0.00      0.00      0.00      0.00
01:16:55 AM       1    100.00      0.00      0.00      0.00      0.00      0.00
01:16:56 AM       1    100.00      0.00      0.00      0.00      0.00      0.00
01:16:57 AM       1    100.00      0.00      0.00      0.00      0.00      0.00
01:16:58 AM       1    100.00      0.00      0.00      0.00      0.00      0.00
01:16:59 AM       1    100.00      0.00      0.00      0.00      0.00      0.00
01:17:00 AM       1    100.00      0.00      0.00      0.00      0.00      0.00
01:17:01 AM       1    100.00      0.00      0.00      0.00      0.00      0.00
01:17:02 AM       1    100.00      0.00      0.00      0.00      0.00      0.00
01:17:03 AM       1    100.00      0.00      0.00      0.00      0.00      0.00
01:17:04 AM       1    100.00      0.00      0.00      0.00      0.00      0.00
01:17:05 AM       1    100.00      0.00      0.00      0.00      0.00      0.00
01:17:06 AM       1    100.00      0.00      0.00      0.00      0.00      0.00
01:17:07 AM       1    100.00      0.00      0.00      0.00      0.00      0.00
01:17:08 AM       1    100.00      0.00      0.00      0.00      0.00      0.00
01:17:09 AM       1    100.00      0.00      0.00      0.00      0.00      0.00
01:17:10 AM       1    100.00      0.00      0.00      0.00      0.00      0.00
01:17:11 AM       1    100.00      0.00      0.00      0.00      0.00      0.00
Average:          1    100.00      0.00      0.00      0.00      0.00      0.00
