Linux 3.14.33-regular (node220-2) 	01/05/2017 	_x86_64_	(8 CPU)

10:45:36 PM     CPU     %user     %nice   %system   %iowait    %steal     %idle
10:45:37 PM       1    100.00      0.00      0.00      0.00      0.00      0.00
10:45:38 PM       1    100.00      0.00      0.00      0.00      0.00      0.00
10:45:39 PM       1    100.00      0.00      0.00      0.00      0.00      0.00
10:45:40 PM       1    100.00      0.00      0.00      0.00      0.00      0.00
10:45:41 PM       1    100.00      0.00      0.00      0.00      0.00      0.00
10:45:42 PM       1    100.00      0.00      0.00      0.00      0.00      0.00
10:45:43 PM       1    100.00      0.00      0.00      0.00      0.00      0.00
10:45:44 PM       1    100.00      0.00      0.00      0.00      0.00      0.00
10:45:45 PM       1    100.00      0.00      0.00      0.00      0.00      0.00
10:45:46 PM       1    100.00      0.00      0.00      0.00      0.00      0.00
10:45:47 PM       1    100.00      0.00      0.00      0.00      0.00      0.00
10:45:48 PM       1    100.00      0.00      0.00      0.00      0.00      0.00
10:45:49 PM       1    100.00      0.00      0.00      0.00      0.00      0.00
10:45:50 PM       1    100.00      0.00      0.00      0.00      0.00      0.00
10:45:51 PM       1    100.00      0.00      0.00      0.00      0.00      0.00
10:45:52 PM       1    100.00      0.00      0.00      0.00      0.00      0.00
10:45:53 PM       1    100.00      0.00      0.00      0.00      0.00      0.00
10:45:54 PM       1    100.00      0.00      0.00      0.00      0.00      0.00
10:45:55 PM       1    100.00      0.00      0.00      0.00      0.00      0.00
10:45:56 PM       1    100.00      0.00      0.00      0.00      0.00      0.00
Average:          1    100.00      0.00      0.00      0.00      0.00      0.00
