Linux 3.14.33-regular (node220-2) 	01/06/2017 	_x86_64_	(8 CPU)

12:11:14 AM     CPU     %user     %nice   %system   %iowait    %steal     %idle
12:11:15 AM       1    100.00      0.00      0.00      0.00      0.00      0.00
12:11:16 AM       1    100.00      0.00      0.00      0.00      0.00      0.00
12:11:17 AM       1    100.00      0.00      0.00      0.00      0.00      0.00
12:11:18 AM       1    100.00      0.00      0.00      0.00      0.00      0.00
12:11:19 AM       1    100.00      0.00      0.00      0.00      0.00      0.00
12:11:20 AM       1    100.00      0.00      0.00      0.00      0.00      0.00
12:11:21 AM       1    100.00      0.00      0.00      0.00      0.00      0.00
12:11:22 AM       1    100.00      0.00      0.00      0.00      0.00      0.00
12:11:23 AM       1    100.00      0.00      0.00      0.00      0.00      0.00
12:11:24 AM       1    100.00      0.00      0.00      0.00      0.00      0.00
12:11:25 AM       1    100.00      0.00      0.00      0.00      0.00      0.00
12:11:26 AM       1    100.00      0.00      0.00      0.00      0.00      0.00
12:11:27 AM       1    100.00      0.00      0.00      0.00      0.00      0.00
12:11:28 AM       1    100.00      0.00      0.00      0.00      0.00      0.00
12:11:29 AM       1    100.00      0.00      0.00      0.00      0.00      0.00
12:11:30 AM       1    100.00      0.00      0.00      0.00      0.00      0.00
12:11:31 AM       1    100.00      0.00      0.00      0.00      0.00      0.00
12:11:32 AM       1    100.00      0.00      0.00      0.00      0.00      0.00
12:11:33 AM       1    100.00      0.00      0.00      0.00      0.00      0.00
12:11:34 AM       1    100.00      0.00      0.00      0.00      0.00      0.00
Average:          1    100.00      0.00      0.00      0.00      0.00      0.00
