Linux 3.14.33-regular (node220-2) 	01/05/2017 	_x86_64_	(8 CPU)

09:28:56 PM     CPU     %user     %nice   %system   %iowait    %steal     %idle
09:28:57 PM       1    100.00      0.00      0.00      0.00      0.00      0.00
09:28:58 PM       1    100.00      0.00      0.00      0.00      0.00      0.00
09:28:59 PM       1    100.00      0.00      0.00      0.00      0.00      0.00
09:29:00 PM       1    100.00      0.00      0.00      0.00      0.00      0.00
09:29:01 PM       1    100.00      0.00      0.00      0.00      0.00      0.00
09:29:02 PM       1    100.00      0.00      0.00      0.00      0.00      0.00
09:29:03 PM       1    100.00      0.00      0.00      0.00      0.00      0.00
09:29:04 PM       1    100.00      0.00      0.00      0.00      0.00      0.00
09:29:05 PM       1    100.00      0.00      0.00      0.00      0.00      0.00
09:29:06 PM       1    100.00      0.00      0.00      0.00      0.00      0.00
09:29:07 PM       1    100.00      0.00      0.00      0.00      0.00      0.00
09:29:08 PM       1    100.00      0.00      0.00      0.00      0.00      0.00
09:29:09 PM       1    100.00      0.00      0.00      0.00      0.00      0.00
09:29:10 PM       1    100.00      0.00      0.00      0.00      0.00      0.00
09:29:11 PM       1    100.00      0.00      0.00      0.00      0.00      0.00
09:29:12 PM       1    100.00      0.00      0.00      0.00      0.00      0.00
09:29:13 PM       1    100.00      0.00      0.00      0.00      0.00      0.00
09:29:14 PM       1    100.00      0.00      0.00      0.00      0.00      0.00
09:29:15 PM       1    100.00      0.00      0.00      0.00      0.00      0.00
09:29:16 PM       1    100.00      0.00      0.00      0.00      0.00      0.00
Average:          1    100.00      0.00      0.00      0.00      0.00      0.00
