Linux 3.14.33-regular (node220-2) 	01/05/2017 	_x86_64_	(8 CPU)

06:37:45 PM     CPU     %user     %nice   %system   %iowait    %steal     %idle
06:37:46 PM       1    100.00      0.00      0.00      0.00      0.00      0.00
06:37:47 PM       1    100.00      0.00      0.00      0.00      0.00      0.00
06:37:48 PM       1    100.00      0.00      0.00      0.00      0.00      0.00
06:37:49 PM       1    100.00      0.00      0.00      0.00      0.00      0.00
06:37:50 PM       1    100.00      0.00      0.00      0.00      0.00      0.00
06:37:51 PM       1    100.00      0.00      0.00      0.00      0.00      0.00
06:37:52 PM       1    100.00      0.00      0.00      0.00      0.00      0.00
06:37:53 PM       1    100.00      0.00      0.00      0.00      0.00      0.00
06:37:54 PM       1    100.00      0.00      0.00      0.00      0.00      0.00
06:37:55 PM       1    100.00      0.00      0.00      0.00      0.00      0.00
06:37:56 PM       1    100.00      0.00      0.00      0.00      0.00      0.00
06:37:57 PM       1    100.00      0.00      0.00      0.00      0.00      0.00
06:37:58 PM       1    100.00      0.00      0.00      0.00      0.00      0.00
06:37:59 PM       1    100.00      0.00      0.00      0.00      0.00      0.00
06:38:00 PM       1    100.00      0.00      0.00      0.00      0.00      0.00
06:38:01 PM       1    100.00      0.00      0.00      0.00      0.00      0.00
06:38:02 PM       1    100.00      0.00      0.00      0.00      0.00      0.00
06:38:03 PM       1    100.00      0.00      0.00      0.00      0.00      0.00
06:38:04 PM       1    100.00      0.00      0.00      0.00      0.00      0.00
06:38:05 PM       1    100.00      0.00      0.00      0.00      0.00      0.00
Average:          1    100.00      0.00      0.00      0.00      0.00      0.00
