Linux 3.14.33-regular (node220-2) 	01/05/2017 	_x86_64_	(8 CPU)

06:04:19 PM     CPU     %user     %nice   %system   %iowait    %steal     %idle
06:04:20 PM       1    100.00      0.00      0.00      0.00      0.00      0.00
06:04:21 PM       1    100.00      0.00      0.00      0.00      0.00      0.00
06:04:22 PM       1    100.00      0.00      0.00      0.00      0.00      0.00
06:04:23 PM       1    100.00      0.00      0.00      0.00      0.00      0.00
06:04:24 PM       1    100.00      0.00      0.00      0.00      0.00      0.00
06:04:25 PM       1    100.00      0.00      0.00      0.00      0.00      0.00
06:04:26 PM       1    100.00      0.00      0.00      0.00      0.00      0.00
06:04:27 PM       1    100.00      0.00      0.00      0.00      0.00      0.00
06:04:28 PM       1    100.00      0.00      0.00      0.00      0.00      0.00
06:04:29 PM       1    100.00      0.00      0.00      0.00      0.00      0.00
06:04:30 PM       1    100.00      0.00      0.00      0.00      0.00      0.00
06:04:31 PM       1    100.00      0.00      0.00      0.00      0.00      0.00
06:04:32 PM       1    100.00      0.00      0.00      0.00      0.00      0.00
06:04:33 PM       1    100.00      0.00      0.00      0.00      0.00      0.00
06:04:34 PM       1    100.00      0.00      0.00      0.00      0.00      0.00
06:04:35 PM       1    100.00      0.00      0.00      0.00      0.00      0.00
06:04:36 PM       1    100.00      0.00      0.00      0.00      0.00      0.00
06:04:37 PM       1    100.00      0.00      0.00      0.00      0.00      0.00
06:04:38 PM       1    100.00      0.00      0.00      0.00      0.00      0.00
06:04:39 PM       1    100.00      0.00      0.00      0.00      0.00      0.00
Average:          1    100.00      0.00      0.00      0.00      0.00      0.00
