Linux 3.14.33-regular (node220-2) 	01/05/2017 	_x86_64_	(8 CPU)

04:16:13 PM     CPU     %user     %nice   %system   %iowait    %steal     %idle
04:16:14 PM       1    100.00      0.00      0.00      0.00      0.00      0.00
04:16:15 PM       1    100.00      0.00      0.00      0.00      0.00      0.00
04:16:16 PM       1    100.00      0.00      0.00      0.00      0.00      0.00
04:16:17 PM       1    100.00      0.00      0.00      0.00      0.00      0.00
04:16:18 PM       1    100.00      0.00      0.00      0.00      0.00      0.00
04:16:19 PM       1    100.00      0.00      0.00      0.00      0.00      0.00
04:16:20 PM       1    100.00      0.00      0.00      0.00      0.00      0.00
04:16:21 PM       1    100.00      0.00      0.00      0.00      0.00      0.00
04:16:22 PM       1    100.00      0.00      0.00      0.00      0.00      0.00
04:16:23 PM       1    100.00      0.00      0.00      0.00      0.00      0.00
04:16:24 PM       1    100.00      0.00      0.00      0.00      0.00      0.00
04:16:25 PM       1    100.00      0.00      0.00      0.00      0.00      0.00
04:16:26 PM       1    100.00      0.00      0.00      0.00      0.00      0.00
04:16:27 PM       1    100.00      0.00      0.00      0.00      0.00      0.00
04:16:28 PM       1    100.00      0.00      0.00      0.00      0.00      0.00
04:16:29 PM       1    100.00      0.00      0.00      0.00      0.00      0.00
04:16:30 PM       1    100.00      0.00      0.00      0.00      0.00      0.00
04:16:31 PM       1    100.00      0.00      0.00      0.00      0.00      0.00
04:16:32 PM       1    100.00      0.00      0.00      0.00      0.00      0.00
04:16:33 PM       1    100.00      0.00      0.00      0.00      0.00      0.00
Average:          1    100.00      0.00      0.00      0.00      0.00      0.00
