Linux 3.14.33-regular (node220-2) 	01/05/2017 	_x86_64_	(8 CPU)

05:55:16 PM     CPU     %user     %nice   %system   %iowait    %steal     %idle
05:55:17 PM       1    100.00      0.00      0.00      0.00      0.00      0.00
05:55:18 PM       1    100.00      0.00      0.00      0.00      0.00      0.00
05:55:19 PM       1    100.00      0.00      0.00      0.00      0.00      0.00
05:55:20 PM       1    100.00      0.00      0.00      0.00      0.00      0.00
05:55:21 PM       1    100.00      0.00      0.00      0.00      0.00      0.00
05:55:22 PM       1    100.00      0.00      0.00      0.00      0.00      0.00
05:55:23 PM       1    100.00      0.00      0.00      0.00      0.00      0.00
05:55:24 PM       1    100.00      0.00      0.00      0.00      0.00      0.00
05:55:25 PM       1    100.00      0.00      0.00      0.00      0.00      0.00
05:55:26 PM       1    100.00      0.00      0.00      0.00      0.00      0.00
05:55:27 PM       1    100.00      0.00      0.00      0.00      0.00      0.00
05:55:28 PM       1    100.00      0.00      0.00      0.00      0.00      0.00
05:55:29 PM       1    100.00      0.00      0.00      0.00      0.00      0.00
05:55:30 PM       1    100.00      0.00      0.00      0.00      0.00      0.00
05:55:31 PM       1    100.00      0.00      0.00      0.00      0.00      0.00
05:55:32 PM       1    100.00      0.00      0.00      0.00      0.00      0.00
05:55:33 PM       1    100.00      0.00      0.00      0.00      0.00      0.00
05:55:34 PM       1    100.00      0.00      0.00      0.00      0.00      0.00
05:55:35 PM       1    100.00      0.00      0.00      0.00      0.00      0.00
05:55:36 PM       1    100.00      0.00      0.00      0.00      0.00      0.00
Average:          1    100.00      0.00      0.00      0.00      0.00      0.00
