Linux 3.14.33-regular (node220-2) 	01/05/2017 	_x86_64_	(8 CPU)

04:52:16 PM     CPU     %user     %nice   %system   %iowait    %steal     %idle
04:52:17 PM       1    100.00      0.00      0.00      0.00      0.00      0.00
04:52:18 PM       1    100.00      0.00      0.00      0.00      0.00      0.00
04:52:19 PM       1    100.00      0.00      0.00      0.00      0.00      0.00
04:52:20 PM       1    100.00      0.00      0.00      0.00      0.00      0.00
04:52:21 PM       1    100.00      0.00      0.00      0.00      0.00      0.00
04:52:22 PM       1    100.00      0.00      0.00      0.00      0.00      0.00
04:52:23 PM       1    100.00      0.00      0.00      0.00      0.00      0.00
04:52:24 PM       1    100.00      0.00      0.00      0.00      0.00      0.00
04:52:25 PM       1    100.00      0.00      0.00      0.00      0.00      0.00
04:52:26 PM       1    100.00      0.00      0.00      0.00      0.00      0.00
04:52:27 PM       1    100.00      0.00      0.00      0.00      0.00      0.00
04:52:28 PM       1    100.00      0.00      0.00      0.00      0.00      0.00
04:52:29 PM       1    100.00      0.00      0.00      0.00      0.00      0.00
04:52:30 PM       1    100.00      0.00      0.00      0.00      0.00      0.00
04:52:31 PM       1    100.00      0.00      0.00      0.00      0.00      0.00
04:52:32 PM       1    100.00      0.00      0.00      0.00      0.00      0.00
04:52:33 PM       1    100.00      0.00      0.00      0.00      0.00      0.00
04:52:34 PM       1    100.00      0.00      0.00      0.00      0.00      0.00
04:52:35 PM       1    100.00      0.00      0.00      0.00      0.00      0.00
04:52:36 PM       1    100.00      0.00      0.00      0.00      0.00      0.00
Average:          1    100.00      0.00      0.00      0.00      0.00      0.00
