Linux 3.14.33-regular (node220-2) 	01/06/2017 	_x86_64_	(8 CPU)

01:12:21 AM     CPU     %user     %nice   %system   %iowait    %steal     %idle
01:12:22 AM       1    100.00      0.00      0.00      0.00      0.00      0.00
01:12:23 AM       1    100.00      0.00      0.00      0.00      0.00      0.00
01:12:24 AM       1    100.00      0.00      0.00      0.00      0.00      0.00
01:12:25 AM       1    100.00      0.00      0.00      0.00      0.00      0.00
01:12:26 AM       1    100.00      0.00      0.00      0.00      0.00      0.00
01:12:27 AM       1    100.00      0.00      0.00      0.00      0.00      0.00
01:12:28 AM       1    100.00      0.00      0.00      0.00      0.00      0.00
01:12:29 AM       1    100.00      0.00      0.00      0.00      0.00      0.00
01:12:30 AM       1    100.00      0.00      0.00      0.00      0.00      0.00
01:12:31 AM       1    100.00      0.00      0.00      0.00      0.00      0.00
01:12:32 AM       1    100.00      0.00      0.00      0.00      0.00      0.00
01:12:33 AM       1    100.00      0.00      0.00      0.00      0.00      0.00
01:12:34 AM       1    100.00      0.00      0.00      0.00      0.00      0.00
01:12:35 AM       1    100.00      0.00      0.00      0.00      0.00      0.00
01:12:36 AM       1    100.00      0.00      0.00      0.00      0.00      0.00
01:12:37 AM       1    100.00      0.00      0.00      0.00      0.00      0.00
01:12:38 AM       1    100.00      0.00      0.00      0.00      0.00      0.00
01:12:39 AM       1    100.00      0.00      0.00      0.00      0.00      0.00
01:12:40 AM       1    100.00      0.00      0.00      0.00      0.00      0.00
01:12:41 AM       1    100.00      0.00      0.00      0.00      0.00      0.00
Average:          1    100.00      0.00      0.00      0.00      0.00      0.00
