Linux 3.14.33-regular (node220-2) 	01/05/2017 	_x86_64_	(8 CPU)

04:31:35 PM     CPU     %user     %nice   %system   %iowait    %steal     %idle
04:31:36 PM       1    100.00      0.00      0.00      0.00      0.00      0.00
04:31:37 PM       1    100.00      0.00      0.00      0.00      0.00      0.00
04:31:38 PM       1    100.00      0.00      0.00      0.00      0.00      0.00
04:31:39 PM       1    100.00      0.00      0.00      0.00      0.00      0.00
04:31:40 PM       1    100.00      0.00      0.00      0.00      0.00      0.00
04:31:41 PM       1    100.00      0.00      0.00      0.00      0.00      0.00
04:31:42 PM       1    100.00      0.00      0.00      0.00      0.00      0.00
04:31:43 PM       1    100.00      0.00      0.00      0.00      0.00      0.00
04:31:44 PM       1    100.00      0.00      0.00      0.00      0.00      0.00
04:31:45 PM       1    100.00      0.00      0.00      0.00      0.00      0.00
04:31:46 PM       1    100.00      0.00      0.00      0.00      0.00      0.00
04:31:47 PM       1    100.00      0.00      0.00      0.00      0.00      0.00
04:31:48 PM       1    100.00      0.00      0.00      0.00      0.00      0.00
04:31:49 PM       1    100.00      0.00      0.00      0.00      0.00      0.00
04:31:50 PM       1    100.00      0.00      0.00      0.00      0.00      0.00
04:31:51 PM       1    100.00      0.00      0.00      0.00      0.00      0.00
04:31:52 PM       1    100.00      0.00      0.00      0.00      0.00      0.00
04:31:53 PM       1    100.00      0.00      0.00      0.00      0.00      0.00
04:31:54 PM       1    100.00      0.00      0.00      0.00      0.00      0.00
04:31:55 PM       1    100.00      0.00      0.00      0.00      0.00      0.00
Average:          1    100.00      0.00      0.00      0.00      0.00      0.00
