Linux 3.14.33-regular (node220-2) 	01/06/2017 	_x86_64_	(8 CPU)

12:30:31 AM     CPU     %user     %nice   %system   %iowait    %steal     %idle
12:30:32 AM       1    100.00      0.00      0.00      0.00      0.00      0.00
12:30:33 AM       1    100.00      0.00      0.00      0.00      0.00      0.00
12:30:34 AM       1    100.00      0.00      0.00      0.00      0.00      0.00
12:30:35 AM       1    100.00      0.00      0.00      0.00      0.00      0.00
12:30:36 AM       1    100.00      0.00      0.00      0.00      0.00      0.00
12:30:37 AM       1    100.00      0.00      0.00      0.00      0.00      0.00
12:30:38 AM       1    100.00      0.00      0.00      0.00      0.00      0.00
12:30:39 AM       1    100.00      0.00      0.00      0.00      0.00      0.00
12:30:40 AM       1    100.00      0.00      0.00      0.00      0.00      0.00
12:30:41 AM       1    100.00      0.00      0.00      0.00      0.00      0.00
12:30:42 AM       1    100.00      0.00      0.00      0.00      0.00      0.00
12:30:43 AM       1    100.00      0.00      0.00      0.00      0.00      0.00
12:30:44 AM       1    100.00      0.00      0.00      0.00      0.00      0.00
12:30:45 AM       1    100.00      0.00      0.00      0.00      0.00      0.00
12:30:46 AM       1    100.00      0.00      0.00      0.00      0.00      0.00
12:30:47 AM       1    100.00      0.00      0.00      0.00      0.00      0.00
12:30:48 AM       1    100.00      0.00      0.00      0.00      0.00      0.00
12:30:49 AM       1    100.00      0.00      0.00      0.00      0.00      0.00
12:30:50 AM       1    100.00      0.00      0.00      0.00      0.00      0.00
12:30:51 AM       1    100.00      0.00      0.00      0.00      0.00      0.00
Average:          1    100.00      0.00      0.00      0.00      0.00      0.00
