Linux 3.14.33-regular (node220-2) 	01/06/2017 	_x86_64_	(8 CPU)

12:02:11 AM     CPU     %user     %nice   %system   %iowait    %steal     %idle
12:02:12 AM       1    100.00      0.00      0.00      0.00      0.00      0.00
12:02:13 AM       1    100.00      0.00      0.00      0.00      0.00      0.00
12:02:14 AM       1    100.00      0.00      0.00      0.00      0.00      0.00
12:02:15 AM       1    100.00      0.00      0.00      0.00      0.00      0.00
12:02:16 AM       1    100.00      0.00      0.00      0.00      0.00      0.00
12:02:17 AM       1    100.00      0.00      0.00      0.00      0.00      0.00
12:02:18 AM       1    100.00      0.00      0.00      0.00      0.00      0.00
12:02:19 AM       1    100.00      0.00      0.00      0.00      0.00      0.00
12:02:20 AM       1    100.00      0.00      0.00      0.00      0.00      0.00
12:02:21 AM       1    100.00      0.00      0.00      0.00      0.00      0.00
12:02:22 AM       1    100.00      0.00      0.00      0.00      0.00      0.00
12:02:23 AM       1    100.00      0.00      0.00      0.00      0.00      0.00
12:02:24 AM       1    100.00      0.00      0.00      0.00      0.00      0.00
12:02:25 AM       1    100.00      0.00      0.00      0.00      0.00      0.00
12:02:26 AM       1    100.00      0.00      0.00      0.00      0.00      0.00
12:02:27 AM       1    100.00      0.00      0.00      0.00      0.00      0.00
12:02:28 AM       1    100.00      0.00      0.00      0.00      0.00      0.00
12:02:29 AM       1    100.00      0.00      0.00      0.00      0.00      0.00
12:02:30 AM       1    100.00      0.00      0.00      0.00      0.00      0.00
12:02:31 AM       1    100.00      0.00      0.00      0.00      0.00      0.00
Average:          1    100.00      0.00      0.00      0.00      0.00      0.00
