Linux 3.14.33-regular (node220-2) 	01/05/2017 	_x86_64_	(8 CPU)

05:48:11 PM     CPU     %user     %nice   %system   %iowait    %steal     %idle
05:48:12 PM       1    100.00      0.00      0.00      0.00      0.00      0.00
05:48:13 PM       1    100.00      0.00      0.00      0.00      0.00      0.00
05:48:14 PM       1    100.00      0.00      0.00      0.00      0.00      0.00
05:48:15 PM       1    100.00      0.00      0.00      0.00      0.00      0.00
05:48:16 PM       1    100.00      0.00      0.00      0.00      0.00      0.00
05:48:17 PM       1    100.00      0.00      0.00      0.00      0.00      0.00
05:48:18 PM       1    100.00      0.00      0.00      0.00      0.00      0.00
05:48:19 PM       1    100.00      0.00      0.00      0.00      0.00      0.00
05:48:20 PM       1    100.00      0.00      0.00      0.00      0.00      0.00
05:48:21 PM       1    100.00      0.00      0.00      0.00      0.00      0.00
05:48:22 PM       1    100.00      0.00      0.00      0.00      0.00      0.00
05:48:23 PM       1    100.00      0.00      0.00      0.00      0.00      0.00
05:48:24 PM       1    100.00      0.00      0.00      0.00      0.00      0.00
05:48:25 PM       1    100.00      0.00      0.00      0.00      0.00      0.00
05:48:26 PM       1    100.00      0.00      0.00      0.00      0.00      0.00
05:48:27 PM       1    100.00      0.00      0.00      0.00      0.00      0.00
05:48:28 PM       1    100.00      0.00      0.00      0.00      0.00      0.00
05:48:29 PM       1    100.00      0.00      0.00      0.00      0.00      0.00
05:48:30 PM       1    100.00      0.00      0.00      0.00      0.00      0.00
05:48:31 PM       1    100.00      0.00      0.00      0.00      0.00      0.00
Average:          1    100.00      0.00      0.00      0.00      0.00      0.00
