Linux 3.14.33-regular (node220-2) 	01/05/2017 	_x86_64_	(8 CPU)

07:19:33 PM     CPU     %user     %nice   %system   %iowait    %steal     %idle
07:19:34 PM       1    100.00      0.00      0.00      0.00      0.00      0.00
07:19:35 PM       1    100.00      0.00      0.00      0.00      0.00      0.00
07:19:36 PM       1    100.00      0.00      0.00      0.00      0.00      0.00
07:19:37 PM       1    100.00      0.00      0.00      0.00      0.00      0.00
07:19:38 PM       1    100.00      0.00      0.00      0.00      0.00      0.00
07:19:39 PM       1    100.00      0.00      0.00      0.00      0.00      0.00
07:19:40 PM       1    100.00      0.00      0.00      0.00      0.00      0.00
07:19:41 PM       1    100.00      0.00      0.00      0.00      0.00      0.00
07:19:42 PM       1    100.00      0.00      0.00      0.00      0.00      0.00
07:19:43 PM       1    100.00      0.00      0.00      0.00      0.00      0.00
07:19:44 PM       1    100.00      0.00      0.00      0.00      0.00      0.00
07:19:45 PM       1    100.00      0.00      0.00      0.00      0.00      0.00
07:19:46 PM       1    100.00      0.00      0.00      0.00      0.00      0.00
07:19:47 PM       1    100.00      0.00      0.00      0.00      0.00      0.00
07:19:48 PM       1    100.00      0.00      0.00      0.00      0.00      0.00
07:19:49 PM       1    100.00      0.00      0.00      0.00      0.00      0.00
07:19:50 PM       1    100.00      0.00      0.00      0.00      0.00      0.00
07:19:51 PM       1    100.00      0.00      0.00      0.00      0.00      0.00
07:19:52 PM       1    100.00      0.00      0.00      0.00      0.00      0.00
07:19:53 PM       1    100.00      0.00      0.00      0.00      0.00      0.00
Average:          1    100.00      0.00      0.00      0.00      0.00      0.00
