Linux 3.14.33-regular (node220-2) 	01/05/2017 	_x86_64_	(8 CPU)

09:03:08 PM     CPU     %user     %nice   %system   %iowait    %steal     %idle
09:03:09 PM       1    100.00      0.00      0.00      0.00      0.00      0.00
09:03:10 PM       1    100.00      0.00      0.00      0.00      0.00      0.00
09:03:11 PM       1    100.00      0.00      0.00      0.00      0.00      0.00
09:03:12 PM       1    100.00      0.00      0.00      0.00      0.00      0.00
09:03:13 PM       1    100.00      0.00      0.00      0.00      0.00      0.00
09:03:14 PM       1    100.00      0.00      0.00      0.00      0.00      0.00
09:03:15 PM       1    100.00      0.00      0.00      0.00      0.00      0.00
09:03:16 PM       1    100.00      0.00      0.00      0.00      0.00      0.00
09:03:17 PM       1    100.00      0.00      0.00      0.00      0.00      0.00
09:03:18 PM       1    100.00      0.00      0.00      0.00      0.00      0.00
09:03:19 PM       1    100.00      0.00      0.00      0.00      0.00      0.00
09:03:20 PM       1    100.00      0.00      0.00      0.00      0.00      0.00
09:03:21 PM       1    100.00      0.00      0.00      0.00      0.00      0.00
09:03:22 PM       1    100.00      0.00      0.00      0.00      0.00      0.00
09:03:23 PM       1    100.00      0.00      0.00      0.00      0.00      0.00
09:03:24 PM       1    100.00      0.00      0.00      0.00      0.00      0.00
09:03:25 PM       1    100.00      0.00      0.00      0.00      0.00      0.00
09:03:26 PM       1    100.00      0.00      0.00      0.00      0.00      0.00
09:03:27 PM       1    100.00      0.00      0.00      0.00      0.00      0.00
09:03:28 PM       1    100.00      0.00      0.00      0.00      0.00      0.00
Average:          1    100.00      0.00      0.00      0.00      0.00      0.00
