Linux 3.14.33-regular (node220-2) 	01/05/2017 	_x86_64_	(8 CPU)

09:32:48 PM     CPU     %user     %nice   %system   %iowait    %steal     %idle
09:32:49 PM       1    100.00      0.00      0.00      0.00      0.00      0.00
09:32:50 PM       1    100.00      0.00      0.00      0.00      0.00      0.00
09:32:51 PM       1    100.00      0.00      0.00      0.00      0.00      0.00
09:32:52 PM       1    100.00      0.00      0.00      0.00      0.00      0.00
09:32:53 PM       1    100.00      0.00      0.00      0.00      0.00      0.00
09:32:54 PM       1    100.00      0.00      0.00      0.00      0.00      0.00
09:32:55 PM       1    100.00      0.00      0.00      0.00      0.00      0.00
09:32:56 PM       1    100.00      0.00      0.00      0.00      0.00      0.00
09:32:57 PM       1    100.00      0.00      0.00      0.00      0.00      0.00
09:32:58 PM       1    100.00      0.00      0.00      0.00      0.00      0.00
09:32:59 PM       1    100.00      0.00      0.00      0.00      0.00      0.00
09:33:00 PM       1    100.00      0.00      0.00      0.00      0.00      0.00
09:33:01 PM       1    100.00      0.00      0.00      0.00      0.00      0.00
09:33:02 PM       1    100.00      0.00      0.00      0.00      0.00      0.00
09:33:03 PM       1    100.00      0.00      0.00      0.00      0.00      0.00
09:33:04 PM       1    100.00      0.00      0.00      0.00      0.00      0.00
09:33:05 PM       1    100.00      0.00      0.00      0.00      0.00      0.00
09:33:06 PM       1    100.00      0.00      0.00      0.00      0.00      0.00
09:33:07 PM       1    100.00      0.00      0.00      0.00      0.00      0.00
09:33:08 PM       1    100.00      0.00      0.00      0.00      0.00      0.00
Average:          1    100.00      0.00      0.00      0.00      0.00      0.00
