Linux 3.14.33-regular (node220-2) 	01/06/2017 	_x86_64_	(8 CPU)

12:31:48 AM     CPU     %user     %nice   %system   %iowait    %steal     %idle
12:31:49 AM       1    100.00      0.00      0.00      0.00      0.00      0.00
12:31:50 AM       1    100.00      0.00      0.00      0.00      0.00      0.00
12:31:51 AM       1    100.00      0.00      0.00      0.00      0.00      0.00
12:31:52 AM       1    100.00      0.00      0.00      0.00      0.00      0.00
12:31:53 AM       1    100.00      0.00      0.00      0.00      0.00      0.00
12:31:54 AM       1    100.00      0.00      0.00      0.00      0.00      0.00
12:31:55 AM       1    100.00      0.00      0.00      0.00      0.00      0.00
12:31:56 AM       1    100.00      0.00      0.00      0.00      0.00      0.00
12:31:57 AM       1    100.00      0.00      0.00      0.00      0.00      0.00
12:31:58 AM       1    100.00      0.00      0.00      0.00      0.00      0.00
12:31:59 AM       1    100.00      0.00      0.00      0.00      0.00      0.00
12:32:00 AM       1    100.00      0.00      0.00      0.00      0.00      0.00
12:32:01 AM       1    100.00      0.00      0.00      0.00      0.00      0.00
12:32:02 AM       1    100.00      0.00      0.00      0.00      0.00      0.00
12:32:03 AM       1    100.00      0.00      0.00      0.00      0.00      0.00
12:32:04 AM       1    100.00      0.00      0.00      0.00      0.00      0.00
12:32:05 AM       1    100.00      0.00      0.00      0.00      0.00      0.00
12:32:06 AM       1    100.00      0.00      0.00      0.00      0.00      0.00
12:32:07 AM       1    100.00      0.00      0.00      0.00      0.00      0.00
12:32:08 AM       1    100.00      0.00      0.00      0.00      0.00      0.00
Average:          1    100.00      0.00      0.00      0.00      0.00      0.00
