Linux 3.14.33-regular (node220-2) 	01/05/2017 	_x86_64_	(8 CPU)

08:21:15 PM     CPU     %user     %nice   %system   %iowait    %steal     %idle
08:21:16 PM       1    100.00      0.00      0.00      0.00      0.00      0.00
08:21:17 PM       1    100.00      0.00      0.00      0.00      0.00      0.00
08:21:18 PM       1    100.00      0.00      0.00      0.00      0.00      0.00
08:21:19 PM       1    100.00      0.00      0.00      0.00      0.00      0.00
08:21:20 PM       1    100.00      0.00      0.00      0.00      0.00      0.00
08:21:21 PM       1    100.00      0.00      0.00      0.00      0.00      0.00
08:21:22 PM       1    100.00      0.00      0.00      0.00      0.00      0.00
08:21:23 PM       1    100.00      0.00      0.00      0.00      0.00      0.00
08:21:24 PM       1    100.00      0.00      0.00      0.00      0.00      0.00
08:21:25 PM       1    100.00      0.00      0.00      0.00      0.00      0.00
08:21:26 PM       1    100.00      0.00      0.00      0.00      0.00      0.00
08:21:27 PM       1    100.00      0.00      0.00      0.00      0.00      0.00
08:21:28 PM       1    100.00      0.00      0.00      0.00      0.00      0.00
08:21:29 PM       1    100.00      0.00      0.00      0.00      0.00      0.00
08:21:30 PM       1    100.00      0.00      0.00      0.00      0.00      0.00
08:21:31 PM       1    100.00      0.00      0.00      0.00      0.00      0.00
08:21:32 PM       1    100.00      0.00      0.00      0.00      0.00      0.00
08:21:33 PM       1    100.00      0.00      0.00      0.00      0.00      0.00
08:21:34 PM       1    100.00      0.00      0.00      0.00      0.00      0.00
08:21:35 PM       1    100.00      0.00      0.00      0.00      0.00      0.00
Average:          1    100.00      0.00      0.00      0.00      0.00      0.00
