Linux 3.14.33-regular (node220-2) 	01/06/2017 	_x86_64_	(8 CPU)

01:25:10 AM     CPU     %user     %nice   %system   %iowait    %steal     %idle
01:25:11 AM       1    100.00      0.00      0.00      0.00      0.00      0.00
01:25:12 AM       1    100.00      0.00      0.00      0.00      0.00      0.00
01:25:13 AM       1    100.00      0.00      0.00      0.00      0.00      0.00
01:25:14 AM       1    100.00      0.00      0.00      0.00      0.00      0.00
01:25:15 AM       1    100.00      0.00      0.00      0.00      0.00      0.00
01:25:16 AM       1    100.00      0.00      0.00      0.00      0.00      0.00
01:25:17 AM       1    100.00      0.00      0.00      0.00      0.00      0.00
01:25:18 AM       1    100.00      0.00      0.00      0.00      0.00      0.00
01:25:19 AM       1    100.00      0.00      0.00      0.00      0.00      0.00
01:25:20 AM       1    100.00      0.00      0.00      0.00      0.00      0.00
01:25:21 AM       1    100.00      0.00      0.00      0.00      0.00      0.00
01:25:22 AM       1    100.00      0.00      0.00      0.00      0.00      0.00
01:25:23 AM       1    100.00      0.00      0.00      0.00      0.00      0.00
01:25:24 AM       1    100.00      0.00      0.00      0.00      0.00      0.00
01:25:25 AM       1    100.00      0.00      0.00      0.00      0.00      0.00
01:25:26 AM       1    100.00      0.00      0.00      0.00      0.00      0.00
01:25:27 AM       1    100.00      0.00      0.00      0.00      0.00      0.00
01:25:28 AM       1    100.00      0.00      0.00      0.00      0.00      0.00
01:25:29 AM       1    100.00      0.00      0.00      0.00      0.00      0.00
01:25:30 AM       1    100.00      0.00      0.00      0.00      0.00      0.00
Average:          1    100.00      0.00      0.00      0.00      0.00      0.00
