Linux 3.14.33-regular (node220-2) 	01/06/2017 	_x86_64_	(8 CPU)

01:16:16 AM     CPU     %user     %nice   %system   %iowait    %steal     %idle
01:16:17 AM       1    100.00      0.00      0.00      0.00      0.00      0.00
01:16:18 AM       1    100.00      0.00      0.00      0.00      0.00      0.00
01:16:19 AM       1    100.00      0.00      0.00      0.00      0.00      0.00
01:16:20 AM       1    100.00      0.00      0.00      0.00      0.00      0.00
01:16:21 AM       1    100.00      0.00      0.00      0.00      0.00      0.00
01:16:22 AM       1    100.00      0.00      0.00      0.00      0.00      0.00
01:16:23 AM       1    100.00      0.00      0.00      0.00      0.00      0.00
01:16:24 AM       1    100.00      0.00      0.00      0.00      0.00      0.00
01:16:25 AM       1    100.00      0.00      0.00      0.00      0.00      0.00
01:16:26 AM       1    100.00      0.00      0.00      0.00      0.00      0.00
01:16:27 AM       1    100.00      0.00      0.00      0.00      0.00      0.00
01:16:28 AM       1    100.00      0.00      0.00      0.00      0.00      0.00
01:16:29 AM       1    100.00      0.00      0.00      0.00      0.00      0.00
01:16:30 AM       1    100.00      0.00      0.00      0.00      0.00      0.00
01:16:31 AM       1    100.00      0.00      0.00      0.00      0.00      0.00
01:16:32 AM       1    100.00      0.00      0.00      0.00      0.00      0.00
01:16:33 AM       1    100.00      0.00      0.00      0.00      0.00      0.00
01:16:34 AM       1    100.00      0.00      0.00      0.00      0.00      0.00
01:16:35 AM       1    100.00      0.00      0.00      0.00      0.00      0.00
01:16:36 AM       1    100.00      0.00      0.00      0.00      0.00      0.00
Average:          1    100.00      0.00      0.00      0.00      0.00      0.00
