Linux 3.14.33-regular (node220-2) 	01/05/2017 	_x86_64_	(8 CPU)

04:32:14 PM     CPU     %user     %nice   %system   %iowait    %steal     %idle
04:32:15 PM       1    100.00      0.00      0.00      0.00      0.00      0.00
04:32:16 PM       1    100.00      0.00      0.00      0.00      0.00      0.00
04:32:17 PM       1    100.00      0.00      0.00      0.00      0.00      0.00
04:32:18 PM       1    100.00      0.00      0.00      0.00      0.00      0.00
04:32:19 PM       1    100.00      0.00      0.00      0.00      0.00      0.00
04:32:20 PM       1    100.00      0.00      0.00      0.00      0.00      0.00
04:32:21 PM       1    100.00      0.00      0.00      0.00      0.00      0.00
04:32:22 PM       1    100.00      0.00      0.00      0.00      0.00      0.00
04:32:23 PM       1    100.00      0.00      0.00      0.00      0.00      0.00
04:32:24 PM       1    100.00      0.00      0.00      0.00      0.00      0.00
04:32:25 PM       1    100.00      0.00      0.00      0.00      0.00      0.00
04:32:26 PM       1    100.00      0.00      0.00      0.00      0.00      0.00
04:32:27 PM       1    100.00      0.00      0.00      0.00      0.00      0.00
04:32:28 PM       1    100.00      0.00      0.00      0.00      0.00      0.00
04:32:29 PM       1    100.00      0.00      0.00      0.00      0.00      0.00
04:32:30 PM       1    100.00      0.00      0.00      0.00      0.00      0.00
04:32:31 PM       1    100.00      0.00      0.00      0.00      0.00      0.00
04:32:32 PM       1    100.00      0.00      0.00      0.00      0.00      0.00
04:32:33 PM       1    100.00      0.00      0.00      0.00      0.00      0.00
04:32:34 PM       1    100.00      0.00      0.00      0.00      0.00      0.00
Average:          1    100.00      0.00      0.00      0.00      0.00      0.00
