Linux 3.14.33-regular (node220-2) 	01/05/2017 	_x86_64_	(8 CPU)

11:37:04 PM     CPU     %user     %nice   %system   %iowait    %steal     %idle
11:37:05 PM       1    100.00      0.00      0.00      0.00      0.00      0.00
11:37:06 PM       1    100.00      0.00      0.00      0.00      0.00      0.00
11:37:07 PM       1    100.00      0.00      0.00      0.00      0.00      0.00
11:37:08 PM       1    100.00      0.00      0.00      0.00      0.00      0.00
11:37:09 PM       1    100.00      0.00      0.00      0.00      0.00      0.00
11:37:10 PM       1    100.00      0.00      0.00      0.00      0.00      0.00
11:37:11 PM       1    100.00      0.00      0.00      0.00      0.00      0.00
11:37:12 PM       1    100.00      0.00      0.00      0.00      0.00      0.00
11:37:13 PM       1    100.00      0.00      0.00      0.00      0.00      0.00
11:37:14 PM       1    100.00      0.00      0.00      0.00      0.00      0.00
11:37:15 PM       1    100.00      0.00      0.00      0.00      0.00      0.00
11:37:16 PM       1    100.00      0.00      0.00      0.00      0.00      0.00
11:37:17 PM       1    100.00      0.00      0.00      0.00      0.00      0.00
11:37:18 PM       1    100.00      0.00      0.00      0.00      0.00      0.00
11:37:19 PM       1    100.00      0.00      0.00      0.00      0.00      0.00
11:37:20 PM       1    100.00      0.00      0.00      0.00      0.00      0.00
11:37:21 PM       1    100.00      0.00      0.00      0.00      0.00      0.00
11:37:22 PM       1    100.00      0.00      0.00      0.00      0.00      0.00
11:37:23 PM       1    100.00      0.00      0.00      0.00      0.00      0.00
11:37:24 PM       1    100.00      0.00      0.00      0.00      0.00      0.00
Average:          1    100.00      0.00      0.00      0.00      0.00      0.00
