Linux 3.14.33-regular (node220-2) 	01/06/2017 	_x86_64_	(8 CPU)

01:03:14 AM     CPU     %user     %nice   %system   %iowait    %steal     %idle
01:03:15 AM       1    100.00      0.00      0.00      0.00      0.00      0.00
01:03:16 AM       1    100.00      0.00      0.00      0.00      0.00      0.00
01:03:17 AM       1    100.00      0.00      0.00      0.00      0.00      0.00
01:03:18 AM       1    100.00      0.00      0.00      0.00      0.00      0.00
01:03:19 AM       1    100.00      0.00      0.00      0.00      0.00      0.00
01:03:20 AM       1    100.00      0.00      0.00      0.00      0.00      0.00
01:03:21 AM       1    100.00      0.00      0.00      0.00      0.00      0.00
01:03:22 AM       1    100.00      0.00      0.00      0.00      0.00      0.00
01:03:23 AM       1    100.00      0.00      0.00      0.00      0.00      0.00
01:03:24 AM       1    100.00      0.00      0.00      0.00      0.00      0.00
01:03:25 AM       1    100.00      0.00      0.00      0.00      0.00      0.00
01:03:26 AM       1    100.00      0.00      0.00      0.00      0.00      0.00
01:03:27 AM       1    100.00      0.00      0.00      0.00      0.00      0.00
01:03:28 AM       1    100.00      0.00      0.00      0.00      0.00      0.00
01:03:29 AM       1    100.00      0.00      0.00      0.00      0.00      0.00
01:03:30 AM       1    100.00      0.00      0.00      0.00      0.00      0.00
01:03:31 AM       1    100.00      0.00      0.00      0.00      0.00      0.00
01:03:32 AM       1    100.00      0.00      0.00      0.00      0.00      0.00
01:03:33 AM       1    100.00      0.00      0.00      0.00      0.00      0.00
01:03:34 AM       1    100.00      0.00      0.00      0.00      0.00      0.00
Average:          1    100.00      0.00      0.00      0.00      0.00      0.00
