Linux 3.14.33-regular (node220-2) 	01/05/2017 	_x86_64_	(8 CPU)

11:47:22 PM     CPU     %user     %nice   %system   %iowait    %steal     %idle
11:47:23 PM       1    100.00      0.00      0.00      0.00      0.00      0.00
11:47:24 PM       1    100.00      0.00      0.00      0.00      0.00      0.00
11:47:25 PM       1    100.00      0.00      0.00      0.00      0.00      0.00
11:47:26 PM       1    100.00      0.00      0.00      0.00      0.00      0.00
11:47:27 PM       1    100.00      0.00      0.00      0.00      0.00      0.00
11:47:28 PM       1    100.00      0.00      0.00      0.00      0.00      0.00
11:47:29 PM       1    100.00      0.00      0.00      0.00      0.00      0.00
11:47:30 PM       1    100.00      0.00      0.00      0.00      0.00      0.00
11:47:31 PM       1    100.00      0.00      0.00      0.00      0.00      0.00
11:47:32 PM       1    100.00      0.00      0.00      0.00      0.00      0.00
11:47:33 PM       1    100.00      0.00      0.00      0.00      0.00      0.00
11:47:34 PM       1    100.00      0.00      0.00      0.00      0.00      0.00
11:47:35 PM       1    100.00      0.00      0.00      0.00      0.00      0.00
11:47:36 PM       1    100.00      0.00      0.00      0.00      0.00      0.00
11:47:37 PM       1    100.00      0.00      0.00      0.00      0.00      0.00
11:47:38 PM       1    100.00      0.00      0.00      0.00      0.00      0.00
11:47:39 PM       1    100.00      0.00      0.00      0.00      0.00      0.00
11:47:40 PM       1    100.00      0.00      0.00      0.00      0.00      0.00
11:47:41 PM       1    100.00      0.00      0.00      0.00      0.00      0.00
11:47:42 PM       1    100.00      0.00      0.00      0.00      0.00      0.00
Average:          1    100.00      0.00      0.00      0.00      0.00      0.00
