Linux 3.14.33-regular (node220-2) 	01/05/2017 	_x86_64_	(8 CPU)

11:19:01 PM     CPU     %user     %nice   %system   %iowait    %steal     %idle
11:19:02 PM       1    100.00      0.00      0.00      0.00      0.00      0.00
11:19:03 PM       1    100.00      0.00      0.00      0.00      0.00      0.00
11:19:04 PM       1    100.00      0.00      0.00      0.00      0.00      0.00
11:19:05 PM       1    100.00      0.00      0.00      0.00      0.00      0.00
11:19:06 PM       1    100.00      0.00      0.00      0.00      0.00      0.00
11:19:07 PM       1    100.00      0.00      0.00      0.00      0.00      0.00
11:19:08 PM       1    100.00      0.00      0.00      0.00      0.00      0.00
11:19:09 PM       1    100.00      0.00      0.00      0.00      0.00      0.00
11:19:10 PM       1    100.00      0.00      0.00      0.00      0.00      0.00
11:19:11 PM       1    100.00      0.00      0.00      0.00      0.00      0.00
11:19:12 PM       1    100.00      0.00      0.00      0.00      0.00      0.00
11:19:13 PM       1    100.00      0.00      0.00      0.00      0.00      0.00
11:19:14 PM       1    100.00      0.00      0.00      0.00      0.00      0.00
11:19:15 PM       1    100.00      0.00      0.00      0.00      0.00      0.00
11:19:16 PM       1    100.00      0.00      0.00      0.00      0.00      0.00
11:19:17 PM       1    100.00      0.00      0.00      0.00      0.00      0.00
11:19:18 PM       1    100.00      0.00      0.00      0.00      0.00      0.00
11:19:19 PM       1    100.00      0.00      0.00      0.00      0.00      0.00
11:19:20 PM       1    100.00      0.00      0.00      0.00      0.00      0.00
11:19:21 PM       1    100.00      0.00      0.00      0.00      0.00      0.00
Average:          1    100.00      0.00      0.00      0.00      0.00      0.00
