Linux 3.14.33-regular (node220-2) 	01/05/2017 	_x86_64_	(8 CPU)

10:40:28 PM     CPU     %user     %nice   %system   %iowait    %steal     %idle
10:40:29 PM       1    100.00      0.00      0.00      0.00      0.00      0.00
10:40:30 PM       1    100.00      0.00      0.00      0.00      0.00      0.00
10:40:31 PM       1    100.00      0.00      0.00      0.00      0.00      0.00
10:40:32 PM       1    100.00      0.00      0.00      0.00      0.00      0.00
10:40:33 PM       1    100.00      0.00      0.00      0.00      0.00      0.00
10:40:34 PM       1    100.00      0.00      0.00      0.00      0.00      0.00
10:40:35 PM       1    100.00      0.00      0.00      0.00      0.00      0.00
10:40:36 PM       1    100.00      0.00      0.00      0.00      0.00      0.00
10:40:37 PM       1    100.00      0.00      0.00      0.00      0.00      0.00
10:40:38 PM       1    100.00      0.00      0.00      0.00      0.00      0.00
10:40:39 PM       1    100.00      0.00      0.00      0.00      0.00      0.00
10:40:40 PM       1    100.00      0.00      0.00      0.00      0.00      0.00
10:40:41 PM       1    100.00      0.00      0.00      0.00      0.00      0.00
10:40:42 PM       1    100.00      0.00      0.00      0.00      0.00      0.00
10:40:43 PM       1    100.00      0.00      0.00      0.00      0.00      0.00
10:40:44 PM       1    100.00      0.00      0.00      0.00      0.00      0.00
10:40:45 PM       1    100.00      0.00      0.00      0.00      0.00      0.00
10:40:46 PM       1    100.00      0.00      0.00      0.00      0.00      0.00
10:40:47 PM       1    100.00      0.00      0.00      0.00      0.00      0.00
10:40:48 PM       1     99.00      0.00      1.00      0.00      0.00      0.00
Average:          1     99.95      0.00      0.05      0.00      0.00      0.00
