Linux 3.14.33-regular (node220-2) 	01/05/2017 	_x86_64_	(8 CPU)

10:59:43 PM     CPU     %user     %nice   %system   %iowait    %steal     %idle
10:59:44 PM       1    100.00      0.00      0.00      0.00      0.00      0.00
10:59:45 PM       1    100.00      0.00      0.00      0.00      0.00      0.00
10:59:46 PM       1    100.00      0.00      0.00      0.00      0.00      0.00
10:59:47 PM       1    100.00      0.00      0.00      0.00      0.00      0.00
10:59:48 PM       1    100.00      0.00      0.00      0.00      0.00      0.00
10:59:49 PM       1    100.00      0.00      0.00      0.00      0.00      0.00
10:59:50 PM       1    100.00      0.00      0.00      0.00      0.00      0.00
10:59:51 PM       1    100.00      0.00      0.00      0.00      0.00      0.00
10:59:52 PM       1    100.00      0.00      0.00      0.00      0.00      0.00
10:59:53 PM       1    100.00      0.00      0.00      0.00      0.00      0.00
10:59:54 PM       1    100.00      0.00      0.00      0.00      0.00      0.00
10:59:55 PM       1    100.00      0.00      0.00      0.00      0.00      0.00
10:59:56 PM       1    100.00      0.00      0.00      0.00      0.00      0.00
10:59:57 PM       1    100.00      0.00      0.00      0.00      0.00      0.00
10:59:58 PM       1    100.00      0.00      0.00      0.00      0.00      0.00
10:59:59 PM       1    100.00      0.00      0.00      0.00      0.00      0.00
11:00:00 PM       1    100.00      0.00      0.00      0.00      0.00      0.00
11:00:01 PM       1    100.00      0.00      0.00      0.00      0.00      0.00
11:00:02 PM       1    100.00      0.00      0.00      0.00      0.00      0.00
11:00:03 PM       1    100.00      0.00      0.00      0.00      0.00      0.00
Average:          1    100.00      0.00      0.00      0.00      0.00      0.00
