Linux 3.14.33-regular (node220-2) 	01/05/2017 	_x86_64_	(8 CPU)

07:47:10 PM     CPU     %user     %nice   %system   %iowait    %steal     %idle
07:47:11 PM       1    100.00      0.00      0.00      0.00      0.00      0.00
07:47:12 PM       1    100.00      0.00      0.00      0.00      0.00      0.00
07:47:13 PM       1    100.00      0.00      0.00      0.00      0.00      0.00
07:47:14 PM       1    100.00      0.00      0.00      0.00      0.00      0.00
07:47:15 PM       1    100.00      0.00      0.00      0.00      0.00      0.00
07:47:16 PM       1    100.00      0.00      0.00      0.00      0.00      0.00
07:47:17 PM       1    100.00      0.00      0.00      0.00      0.00      0.00
07:47:18 PM       1    100.00      0.00      0.00      0.00      0.00      0.00
07:47:19 PM       1    100.00      0.00      0.00      0.00      0.00      0.00
07:47:20 PM       1    100.00      0.00      0.00      0.00      0.00      0.00
07:47:21 PM       1    100.00      0.00      0.00      0.00      0.00      0.00
07:47:22 PM       1    100.00      0.00      0.00      0.00      0.00      0.00
07:47:23 PM       1    100.00      0.00      0.00      0.00      0.00      0.00
07:47:24 PM       1    100.00      0.00      0.00      0.00      0.00      0.00
07:47:25 PM       1    100.00      0.00      0.00      0.00      0.00      0.00
07:47:26 PM       1    100.00      0.00      0.00      0.00      0.00      0.00
07:47:27 PM       1    100.00      0.00      0.00      0.00      0.00      0.00
07:47:28 PM       1    100.00      0.00      0.00      0.00      0.00      0.00
07:47:29 PM       1    100.00      0.00      0.00      0.00      0.00      0.00
07:47:30 PM       1    100.00      0.00      0.00      0.00      0.00      0.00
Average:          1    100.00      0.00      0.00      0.00      0.00      0.00
