Linux 3.14.33-regular (node220-2) 	01/06/2017 	_x86_64_	(8 CPU)

01:15:34 AM     CPU     %user     %nice   %system   %iowait    %steal     %idle
01:15:35 AM       1    100.00      0.00      0.00      0.00      0.00      0.00
01:15:36 AM       1    100.00      0.00      0.00      0.00      0.00      0.00
01:15:37 AM       1    100.00      0.00      0.00      0.00      0.00      0.00
01:15:38 AM       1    100.00      0.00      0.00      0.00      0.00      0.00
01:15:39 AM       1    100.00      0.00      0.00      0.00      0.00      0.00
01:15:40 AM       1    100.00      0.00      0.00      0.00      0.00      0.00
01:15:41 AM       1    100.00      0.00      0.00      0.00      0.00      0.00
01:15:42 AM       1    100.00      0.00      0.00      0.00      0.00      0.00
01:15:43 AM       1    100.00      0.00      0.00      0.00      0.00      0.00
01:15:44 AM       1    100.00      0.00      0.00      0.00      0.00      0.00
01:15:45 AM       1    100.00      0.00      0.00      0.00      0.00      0.00
01:15:46 AM       1    100.00      0.00      0.00      0.00      0.00      0.00
01:15:47 AM       1    100.00      0.00      0.00      0.00      0.00      0.00
01:15:48 AM       1    100.00      0.00      0.00      0.00      0.00      0.00
01:15:49 AM       1    100.00      0.00      0.00      0.00      0.00      0.00
01:15:50 AM       1    100.00      0.00      0.00      0.00      0.00      0.00
01:15:51 AM       1    100.00      0.00      0.00      0.00      0.00      0.00
01:15:52 AM       1    100.00      0.00      0.00      0.00      0.00      0.00
01:15:53 AM       1    100.00      0.00      0.00      0.00      0.00      0.00
01:15:54 AM       1    100.00      0.00      0.00      0.00      0.00      0.00
Average:          1    100.00      0.00      0.00      0.00      0.00      0.00
