Linux 3.14.33-regular (node220-2) 	01/05/2017 	_x86_64_	(8 CPU)

04:54:50 PM     CPU     %user     %nice   %system   %iowait    %steal     %idle
04:54:51 PM       1    100.00      0.00      0.00      0.00      0.00      0.00
04:54:52 PM       1    100.00      0.00      0.00      0.00      0.00      0.00
04:54:53 PM       1    100.00      0.00      0.00      0.00      0.00      0.00
04:54:54 PM       1    100.00      0.00      0.00      0.00      0.00      0.00
04:54:55 PM       1    100.00      0.00      0.00      0.00      0.00      0.00
04:54:56 PM       1    100.00      0.00      0.00      0.00      0.00      0.00
04:54:57 PM       1    100.00      0.00      0.00      0.00      0.00      0.00
04:54:58 PM       1    100.00      0.00      0.00      0.00      0.00      0.00
04:54:59 PM       1    100.00      0.00      0.00      0.00      0.00      0.00
04:55:00 PM       1    100.00      0.00      0.00      0.00      0.00      0.00
04:55:01 PM       1    100.00      0.00      0.00      0.00      0.00      0.00
04:55:02 PM       1    100.00      0.00      0.00      0.00      0.00      0.00
04:55:03 PM       1    100.00      0.00      0.00      0.00      0.00      0.00
04:55:04 PM       1    100.00      0.00      0.00      0.00      0.00      0.00
04:55:05 PM       1    100.00      0.00      0.00      0.00      0.00      0.00
04:55:06 PM       1    100.00      0.00      0.00      0.00      0.00      0.00
04:55:07 PM       1    100.00      0.00      0.00      0.00      0.00      0.00
04:55:08 PM       1    100.00      0.00      0.00      0.00      0.00      0.00
04:55:09 PM       1    100.00      0.00      0.00      0.00      0.00      0.00
04:55:10 PM       1    100.00      0.00      0.00      0.00      0.00      0.00
Average:          1    100.00      0.00      0.00      0.00      0.00      0.00
