Linux 3.14.33-regular (node220-2) 	01/05/2017 	_x86_64_	(8 CPU)

09:22:31 PM     CPU     %user     %nice   %system   %iowait    %steal     %idle
09:22:32 PM       1    100.00      0.00      0.00      0.00      0.00      0.00
09:22:33 PM       1    100.00      0.00      0.00      0.00      0.00      0.00
09:22:34 PM       1    100.00      0.00      0.00      0.00      0.00      0.00
09:22:35 PM       1    100.00      0.00      0.00      0.00      0.00      0.00
09:22:36 PM       1    100.00      0.00      0.00      0.00      0.00      0.00
09:22:37 PM       1    100.00      0.00      0.00      0.00      0.00      0.00
09:22:38 PM       1    100.00      0.00      0.00      0.00      0.00      0.00
09:22:39 PM       1    100.00      0.00      0.00      0.00      0.00      0.00
09:22:40 PM       1    100.00      0.00      0.00      0.00      0.00      0.00
09:22:41 PM       1    100.00      0.00      0.00      0.00      0.00      0.00
09:22:42 PM       1    100.00      0.00      0.00      0.00      0.00      0.00
09:22:43 PM       1    100.00      0.00      0.00      0.00      0.00      0.00
09:22:44 PM       1    100.00      0.00      0.00      0.00      0.00      0.00
09:22:45 PM       1    100.00      0.00      0.00      0.00      0.00      0.00
09:22:46 PM       1    100.00      0.00      0.00      0.00      0.00      0.00
09:22:47 PM       1    100.00      0.00      0.00      0.00      0.00      0.00
09:22:48 PM       1    100.00      0.00      0.00      0.00      0.00      0.00
09:22:49 PM       1    100.00      0.00      0.00      0.00      0.00      0.00
09:22:50 PM       1    100.00      0.00      0.00      0.00      0.00      0.00
09:22:51 PM       1    100.00      0.00      0.00      0.00      0.00      0.00
Average:          1    100.00      0.00      0.00      0.00      0.00      0.00
