Linux 3.14.33-regular (node220-2) 	01/05/2017 	_x86_64_	(8 CPU)

03:43:27 PM     CPU     %user     %nice   %system   %iowait    %steal     %idle
03:43:28 PM       1    100.00      0.00      0.00      0.00      0.00      0.00
03:43:29 PM       1    100.00      0.00      0.00      0.00      0.00      0.00
03:43:30 PM       1    100.00      0.00      0.00      0.00      0.00      0.00
03:43:31 PM       1    100.00      0.00      0.00      0.00      0.00      0.00
03:43:32 PM       1    100.00      0.00      0.00      0.00      0.00      0.00
03:43:33 PM       1    100.00      0.00      0.00      0.00      0.00      0.00
03:43:34 PM       1    100.00      0.00      0.00      0.00      0.00      0.00
03:43:35 PM       1    100.00      0.00      0.00      0.00      0.00      0.00
03:43:36 PM       1    100.00      0.00      0.00      0.00      0.00      0.00
03:43:37 PM       1    100.00      0.00      0.00      0.00      0.00      0.00
03:43:38 PM       1    100.00      0.00      0.00      0.00      0.00      0.00
03:43:39 PM       1    100.00      0.00      0.00      0.00      0.00      0.00
03:43:40 PM       1    100.00      0.00      0.00      0.00      0.00      0.00
03:43:41 PM       1    100.00      0.00      0.00      0.00      0.00      0.00
03:43:42 PM       1    100.00      0.00      0.00      0.00      0.00      0.00
03:43:43 PM       1    100.00      0.00      0.00      0.00      0.00      0.00
03:43:44 PM       1    100.00      0.00      0.00      0.00      0.00      0.00
03:43:45 PM       1    100.00      0.00      0.00      0.00      0.00      0.00
03:43:46 PM       1    100.00      0.00      0.00      0.00      0.00      0.00
03:43:47 PM       1    100.00      0.00      0.00      0.00      0.00      0.00
Average:          1    100.00      0.00      0.00      0.00      0.00      0.00
