Linux 3.14.33-regular (node220-2) 	01/05/2017 	_x86_64_	(8 CPU)

07:25:57 PM     CPU     %user     %nice   %system   %iowait    %steal     %idle
07:25:58 PM       1    100.00      0.00      0.00      0.00      0.00      0.00
07:25:59 PM       1    100.00      0.00      0.00      0.00      0.00      0.00
07:26:00 PM       1    100.00      0.00      0.00      0.00      0.00      0.00
07:26:01 PM       1    100.00      0.00      0.00      0.00      0.00      0.00
07:26:02 PM       1    100.00      0.00      0.00      0.00      0.00      0.00
07:26:03 PM       1    100.00      0.00      0.00      0.00      0.00      0.00
07:26:04 PM       1    100.00      0.00      0.00      0.00      0.00      0.00
07:26:05 PM       1    100.00      0.00      0.00      0.00      0.00      0.00
07:26:06 PM       1    100.00      0.00      0.00      0.00      0.00      0.00
07:26:07 PM       1    100.00      0.00      0.00      0.00      0.00      0.00
07:26:08 PM       1    100.00      0.00      0.00      0.00      0.00      0.00
07:26:09 PM       1    100.00      0.00      0.00      0.00      0.00      0.00
07:26:10 PM       1    100.00      0.00      0.00      0.00      0.00      0.00
07:26:11 PM       1    100.00      0.00      0.00      0.00      0.00      0.00
07:26:12 PM       1    100.00      0.00      0.00      0.00      0.00      0.00
07:26:13 PM       1    100.00      0.00      0.00      0.00      0.00      0.00
07:26:14 PM       1    100.00      0.00      0.00      0.00      0.00      0.00
07:26:15 PM       1    100.00      0.00      0.00      0.00      0.00      0.00
07:26:16 PM       1    100.00      0.00      0.00      0.00      0.00      0.00
07:26:17 PM       1    100.00      0.00      0.00      0.00      0.00      0.00
Average:          1    100.00      0.00      0.00      0.00      0.00      0.00
