Linux 3.14.33-regular (node220-2) 	01/05/2017 	_x86_64_	(8 CPU)

03:50:30 PM     CPU     %user     %nice   %system   %iowait    %steal     %idle
03:50:31 PM       1    100.00      0.00      0.00      0.00      0.00      0.00
03:50:32 PM       1    100.00      0.00      0.00      0.00      0.00      0.00
03:50:33 PM       1    100.00      0.00      0.00      0.00      0.00      0.00
03:50:34 PM       1    100.00      0.00      0.00      0.00      0.00      0.00
03:50:35 PM       1    100.00      0.00      0.00      0.00      0.00      0.00
03:50:36 PM       1    100.00      0.00      0.00      0.00      0.00      0.00
03:50:37 PM       1    100.00      0.00      0.00      0.00      0.00      0.00
03:50:38 PM       1    100.00      0.00      0.00      0.00      0.00      0.00
03:50:39 PM       1    100.00      0.00      0.00      0.00      0.00      0.00
03:50:40 PM       1    100.00      0.00      0.00      0.00      0.00      0.00
03:50:41 PM       1    100.00      0.00      0.00      0.00      0.00      0.00
03:50:42 PM       1    100.00      0.00      0.00      0.00      0.00      0.00
03:50:43 PM       1    100.00      0.00      0.00      0.00      0.00      0.00
03:50:44 PM       1    100.00      0.00      0.00      0.00      0.00      0.00
03:50:45 PM       1    100.00      0.00      0.00      0.00      0.00      0.00
03:50:46 PM       1    100.00      0.00      0.00      0.00      0.00      0.00
03:50:47 PM       1    100.00      0.00      0.00      0.00      0.00      0.00
03:50:48 PM       1    100.00      0.00      0.00      0.00      0.00      0.00
03:50:49 PM       1    100.00      0.00      0.00      0.00      0.00      0.00
03:50:50 PM       1    100.00      0.00      0.00      0.00      0.00      0.00
Average:          1    100.00      0.00      0.00      0.00      0.00      0.00
