Linux 3.14.33-regular (node220-2) 	01/06/2017 	_x86_64_	(8 CPU)

01:50:20 AM     CPU     %user     %nice   %system   %iowait    %steal     %idle
01:50:21 AM       1    100.00      0.00      0.00      0.00      0.00      0.00
01:50:22 AM       1    100.00      0.00      0.00      0.00      0.00      0.00
01:50:23 AM       1    100.00      0.00      0.00      0.00      0.00      0.00
01:50:24 AM       1    100.00      0.00      0.00      0.00      0.00      0.00
01:50:25 AM       1    100.00      0.00      0.00      0.00      0.00      0.00
01:50:26 AM       1    100.00      0.00      0.00      0.00      0.00      0.00
01:50:27 AM       1    100.00      0.00      0.00      0.00      0.00      0.00
01:50:28 AM       1    100.00      0.00      0.00      0.00      0.00      0.00
01:50:29 AM       1    100.00      0.00      0.00      0.00      0.00      0.00
01:50:30 AM       1    100.00      0.00      0.00      0.00      0.00      0.00
01:50:31 AM       1    100.00      0.00      0.00      0.00      0.00      0.00
01:50:32 AM       1    100.00      0.00      0.00      0.00      0.00      0.00
01:50:33 AM       1    100.00      0.00      0.00      0.00      0.00      0.00
01:50:34 AM       1    100.00      0.00      0.00      0.00      0.00      0.00
01:50:35 AM       1    100.00      0.00      0.00      0.00      0.00      0.00
01:50:36 AM       1    100.00      0.00      0.00      0.00      0.00      0.00
01:50:37 AM       1    100.00      0.00      0.00      0.00      0.00      0.00
01:50:38 AM       1    100.00      0.00      0.00      0.00      0.00      0.00
01:50:39 AM       1    100.00      0.00      0.00      0.00      0.00      0.00
01:50:40 AM       1    100.00      0.00      0.00      0.00      0.00      0.00
Average:          1    100.00      0.00      0.00      0.00      0.00      0.00
