Linux 3.14.33-regular (node220-2) 	01/06/2017 	_x86_64_	(8 CPU)

01:58:40 AM     CPU     %user     %nice   %system   %iowait    %steal     %idle
01:58:41 AM       1    100.00      0.00      0.00      0.00      0.00      0.00
01:58:42 AM       1    100.00      0.00      0.00      0.00      0.00      0.00
01:58:43 AM       1    100.00      0.00      0.00      0.00      0.00      0.00
01:58:44 AM       1    100.00      0.00      0.00      0.00      0.00      0.00
01:58:45 AM       1    100.00      0.00      0.00      0.00      0.00      0.00
01:58:46 AM       1    100.00      0.00      0.00      0.00      0.00      0.00
01:58:47 AM       1    100.00      0.00      0.00      0.00      0.00      0.00
01:58:48 AM       1    100.00      0.00      0.00      0.00      0.00      0.00
01:58:49 AM       1    100.00      0.00      0.00      0.00      0.00      0.00
01:58:50 AM       1    100.00      0.00      0.00      0.00      0.00      0.00
01:58:51 AM       1    100.00      0.00      0.00      0.00      0.00      0.00
01:58:52 AM       1    100.00      0.00      0.00      0.00      0.00      0.00
01:58:53 AM       1    100.00      0.00      0.00      0.00      0.00      0.00
01:58:54 AM       1    100.00      0.00      0.00      0.00      0.00      0.00
01:58:55 AM       1    100.00      0.00      0.00      0.00      0.00      0.00
01:58:56 AM       1    100.00      0.00      0.00      0.00      0.00      0.00
01:58:57 AM       1    100.00      0.00      0.00      0.00      0.00      0.00
01:58:58 AM       1    100.00      0.00      0.00      0.00      0.00      0.00
01:58:59 AM       1    100.00      0.00      0.00      0.00      0.00      0.00
01:59:00 AM       1    100.00      0.00      0.00      0.00      0.00      0.00
Average:          1    100.00      0.00      0.00      0.00      0.00      0.00
