Linux 3.14.33-regular (node220-2) 	01/05/2017 	_x86_64_	(8 CPU)

11:30:00 PM     CPU     %user     %nice   %system   %iowait    %steal     %idle
11:30:01 PM       1    100.00      0.00      0.00      0.00      0.00      0.00
11:30:02 PM       1    100.00      0.00      0.00      0.00      0.00      0.00
11:30:03 PM       1    100.00      0.00      0.00      0.00      0.00      0.00
11:30:04 PM       1    100.00      0.00      0.00      0.00      0.00      0.00
11:30:05 PM       1    100.00      0.00      0.00      0.00      0.00      0.00
11:30:06 PM       1    100.00      0.00      0.00      0.00      0.00      0.00
11:30:07 PM       1    100.00      0.00      0.00      0.00      0.00      0.00
11:30:08 PM       1    100.00      0.00      0.00      0.00      0.00      0.00
11:30:09 PM       1    100.00      0.00      0.00      0.00      0.00      0.00
11:30:10 PM       1    100.00      0.00      0.00      0.00      0.00      0.00
11:30:11 PM       1    100.00      0.00      0.00      0.00      0.00      0.00
11:30:12 PM       1    100.00      0.00      0.00      0.00      0.00      0.00
11:30:13 PM       1    100.00      0.00      0.00      0.00      0.00      0.00
11:30:14 PM       1    100.00      0.00      0.00      0.00      0.00      0.00
11:30:15 PM       1    100.00      0.00      0.00      0.00      0.00      0.00
11:30:16 PM       1    100.00      0.00      0.00      0.00      0.00      0.00
11:30:17 PM       1    100.00      0.00      0.00      0.00      0.00      0.00
11:30:18 PM       1    100.00      0.00      0.00      0.00      0.00      0.00
11:30:19 PM       1    100.00      0.00      0.00      0.00      0.00      0.00
11:30:20 PM       1    100.00      0.00      0.00      0.00      0.00      0.00
Average:          1    100.00      0.00      0.00      0.00      0.00      0.00
