Linux 3.14.33-regular (node220-2) 	01/05/2017 	_x86_64_	(8 CPU)

05:53:20 PM     CPU     %user     %nice   %system   %iowait    %steal     %idle
05:53:21 PM       1    100.00      0.00      0.00      0.00      0.00      0.00
05:53:22 PM       1    100.00      0.00      0.00      0.00      0.00      0.00
05:53:23 PM       1    100.00      0.00      0.00      0.00      0.00      0.00
05:53:24 PM       1    100.00      0.00      0.00      0.00      0.00      0.00
05:53:25 PM       1    100.00      0.00      0.00      0.00      0.00      0.00
05:53:26 PM       1    100.00      0.00      0.00      0.00      0.00      0.00
05:53:27 PM       1    100.00      0.00      0.00      0.00      0.00      0.00
05:53:28 PM       1    100.00      0.00      0.00      0.00      0.00      0.00
05:53:29 PM       1    100.00      0.00      0.00      0.00      0.00      0.00
05:53:30 PM       1    100.00      0.00      0.00      0.00      0.00      0.00
05:53:31 PM       1    100.00      0.00      0.00      0.00      0.00      0.00
05:53:32 PM       1    100.00      0.00      0.00      0.00      0.00      0.00
05:53:33 PM       1    100.00      0.00      0.00      0.00      0.00      0.00
05:53:34 PM       1    100.00      0.00      0.00      0.00      0.00      0.00
05:53:35 PM       1    100.00      0.00      0.00      0.00      0.00      0.00
05:53:36 PM       1    100.00      0.00      0.00      0.00      0.00      0.00
05:53:37 PM       1    100.00      0.00      0.00      0.00      0.00      0.00
05:53:38 PM       1    100.00      0.00      0.00      0.00      0.00      0.00
05:53:39 PM       1    100.00      0.00      0.00      0.00      0.00      0.00
05:53:40 PM       1    100.00      0.00      0.00      0.00      0.00      0.00
Average:          1    100.00      0.00      0.00      0.00      0.00      0.00
