Linux 3.14.33-regular (node220-2) 	01/05/2017 	_x86_64_	(8 CPU)

05:19:56 PM     CPU     %user     %nice   %system   %iowait    %steal     %idle
05:19:57 PM       1    100.00      0.00      0.00      0.00      0.00      0.00
05:19:58 PM       1    100.00      0.00      0.00      0.00      0.00      0.00
05:19:59 PM       1    100.00      0.00      0.00      0.00      0.00      0.00
05:20:00 PM       1    100.00      0.00      0.00      0.00      0.00      0.00
05:20:01 PM       1    100.00      0.00      0.00      0.00      0.00      0.00
05:20:02 PM       1    100.00      0.00      0.00      0.00      0.00      0.00
05:20:03 PM       1    100.00      0.00      0.00      0.00      0.00      0.00
05:20:04 PM       1    100.00      0.00      0.00      0.00      0.00      0.00
05:20:05 PM       1    100.00      0.00      0.00      0.00      0.00      0.00
05:20:06 PM       1    100.00      0.00      0.00      0.00      0.00      0.00
05:20:07 PM       1    100.00      0.00      0.00      0.00      0.00      0.00
05:20:08 PM       1    100.00      0.00      0.00      0.00      0.00      0.00
05:20:09 PM       1     99.00      0.00      1.00      0.00      0.00      0.00
05:20:10 PM       1    100.00      0.00      0.00      0.00      0.00      0.00
05:20:11 PM       1    100.00      0.00      0.00      0.00      0.00      0.00
05:20:12 PM       1    100.00      0.00      0.00      0.00      0.00      0.00
05:20:13 PM       1    100.00      0.00      0.00      0.00      0.00      0.00
05:20:14 PM       1    100.00      0.00      0.00      0.00      0.00      0.00
05:20:15 PM       1     99.00      0.00      1.00      0.00      0.00      0.00
05:20:16 PM       1     99.00      0.00      1.00      0.00      0.00      0.00
Average:          1     99.85      0.00      0.15      0.00      0.00      0.00
