Linux 3.14.33-regular (node220-2) 	01/05/2017 	_x86_64_	(8 CPU)

10:37:12 PM     CPU     %user     %nice   %system   %iowait    %steal     %idle
10:37:13 PM       1    100.00      0.00      0.00      0.00      0.00      0.00
10:37:14 PM       1    100.00      0.00      0.00      0.00      0.00      0.00
10:37:15 PM       1    100.00      0.00      0.00      0.00      0.00      0.00
10:37:16 PM       1    100.00      0.00      0.00      0.00      0.00      0.00
10:37:17 PM       1    100.00      0.00      0.00      0.00      0.00      0.00
10:37:18 PM       1    100.00      0.00      0.00      0.00      0.00      0.00
10:37:19 PM       1    100.00      0.00      0.00      0.00      0.00      0.00
10:37:20 PM       1    100.00      0.00      0.00      0.00      0.00      0.00
10:37:21 PM       1    100.00      0.00      0.00      0.00      0.00      0.00
10:37:22 PM       1    100.00      0.00      0.00      0.00      0.00      0.00
10:37:23 PM       1    100.00      0.00      0.00      0.00      0.00      0.00
10:37:24 PM       1    100.00      0.00      0.00      0.00      0.00      0.00
10:37:25 PM       1    100.00      0.00      0.00      0.00      0.00      0.00
10:37:26 PM       1    100.00      0.00      0.00      0.00      0.00      0.00
10:37:27 PM       1    100.00      0.00      0.00      0.00      0.00      0.00
10:37:28 PM       1    100.00      0.00      0.00      0.00      0.00      0.00
10:37:29 PM       1    100.00      0.00      0.00      0.00      0.00      0.00
10:37:30 PM       1    100.00      0.00      0.00      0.00      0.00      0.00
10:37:31 PM       1    100.00      0.00      0.00      0.00      0.00      0.00
10:37:32 PM       1    100.00      0.00      0.00      0.00      0.00      0.00
Average:          1    100.00      0.00      0.00      0.00      0.00      0.00
