Linux 3.14.33-regular (node220-2) 	01/06/2017 	_x86_64_	(8 CPU)

12:04:08 AM     CPU     %user     %nice   %system   %iowait    %steal     %idle
12:04:09 AM       1    100.00      0.00      0.00      0.00      0.00      0.00
12:04:10 AM       1    100.00      0.00      0.00      0.00      0.00      0.00
12:04:11 AM       1    100.00      0.00      0.00      0.00      0.00      0.00
12:04:12 AM       1    100.00      0.00      0.00      0.00      0.00      0.00
12:04:13 AM       1    100.00      0.00      0.00      0.00      0.00      0.00
12:04:14 AM       1    100.00      0.00      0.00      0.00      0.00      0.00
12:04:15 AM       1    100.00      0.00      0.00      0.00      0.00      0.00
12:04:16 AM       1    100.00      0.00      0.00      0.00      0.00      0.00
12:04:17 AM       1    100.00      0.00      0.00      0.00      0.00      0.00
12:04:18 AM       1    100.00      0.00      0.00      0.00      0.00      0.00
12:04:19 AM       1    100.00      0.00      0.00      0.00      0.00      0.00
12:04:20 AM       1    100.00      0.00      0.00      0.00      0.00      0.00
12:04:21 AM       1    100.00      0.00      0.00      0.00      0.00      0.00
12:04:22 AM       1    100.00      0.00      0.00      0.00      0.00      0.00
12:04:23 AM       1    100.00      0.00      0.00      0.00      0.00      0.00
12:04:24 AM       1    100.00      0.00      0.00      0.00      0.00      0.00
12:04:25 AM       1    100.00      0.00      0.00      0.00      0.00      0.00
12:04:26 AM       1    100.00      0.00      0.00      0.00      0.00      0.00
12:04:27 AM       1    100.00      0.00      0.00      0.00      0.00      0.00
12:04:28 AM       1    100.00      0.00      0.00      0.00      0.00      0.00
Average:          1    100.00      0.00      0.00      0.00      0.00      0.00
