Linux 3.14.33-regular (node220-2) 	01/05/2017 	_x86_64_	(8 CPU)

07:34:19 PM     CPU     %user     %nice   %system   %iowait    %steal     %idle
07:34:20 PM       1    100.00      0.00      0.00      0.00      0.00      0.00
07:34:21 PM       1    100.00      0.00      0.00      0.00      0.00      0.00
07:34:22 PM       1    100.00      0.00      0.00      0.00      0.00      0.00
07:34:23 PM       1    100.00      0.00      0.00      0.00      0.00      0.00
07:34:24 PM       1    100.00      0.00      0.00      0.00      0.00      0.00
07:34:25 PM       1    100.00      0.00      0.00      0.00      0.00      0.00
07:34:26 PM       1    100.00      0.00      0.00      0.00      0.00      0.00
07:34:27 PM       1    100.00      0.00      0.00      0.00      0.00      0.00
07:34:28 PM       1    100.00      0.00      0.00      0.00      0.00      0.00
07:34:29 PM       1    100.00      0.00      0.00      0.00      0.00      0.00
07:34:30 PM       1    100.00      0.00      0.00      0.00      0.00      0.00
07:34:31 PM       1    100.00      0.00      0.00      0.00      0.00      0.00
07:34:32 PM       1    100.00      0.00      0.00      0.00      0.00      0.00
07:34:33 PM       1    100.00      0.00      0.00      0.00      0.00      0.00
07:34:34 PM       1    100.00      0.00      0.00      0.00      0.00      0.00
07:34:35 PM       1    100.00      0.00      0.00      0.00      0.00      0.00
07:34:36 PM       1    100.00      0.00      0.00      0.00      0.00      0.00
07:34:37 PM       1    100.00      0.00      0.00      0.00      0.00      0.00
07:34:38 PM       1    100.00      0.00      0.00      0.00      0.00      0.00
07:34:39 PM       1    100.00      0.00      0.00      0.00      0.00      0.00
Average:          1    100.00      0.00      0.00      0.00      0.00      0.00
