Linux 3.14.33-regular (node220-2) 	01/05/2017 	_x86_64_	(8 CPU)

07:12:26 PM     CPU     %user     %nice   %system   %iowait    %steal     %idle
07:12:27 PM       1    100.00      0.00      0.00      0.00      0.00      0.00
07:12:28 PM       1    100.00      0.00      0.00      0.00      0.00      0.00
07:12:29 PM       1    100.00      0.00      0.00      0.00      0.00      0.00
07:12:30 PM       1    100.00      0.00      0.00      0.00      0.00      0.00
07:12:31 PM       1    100.00      0.00      0.00      0.00      0.00      0.00
07:12:32 PM       1    100.00      0.00      0.00      0.00      0.00      0.00
07:12:33 PM       1    100.00      0.00      0.00      0.00      0.00      0.00
07:12:34 PM       1    100.00      0.00      0.00      0.00      0.00      0.00
07:12:35 PM       1    100.00      0.00      0.00      0.00      0.00      0.00
07:12:36 PM       1    100.00      0.00      0.00      0.00      0.00      0.00
07:12:37 PM       1    100.00      0.00      0.00      0.00      0.00      0.00
07:12:38 PM       1    100.00      0.00      0.00      0.00      0.00      0.00
07:12:39 PM       1    100.00      0.00      0.00      0.00      0.00      0.00
07:12:40 PM       1    100.00      0.00      0.00      0.00      0.00      0.00
07:12:41 PM       1    100.00      0.00      0.00      0.00      0.00      0.00
07:12:42 PM       1    100.00      0.00      0.00      0.00      0.00      0.00
07:12:43 PM       1    100.00      0.00      0.00      0.00      0.00      0.00
07:12:44 PM       1    100.00      0.00      0.00      0.00      0.00      0.00
07:12:45 PM       1    100.00      0.00      0.00      0.00      0.00      0.00
07:12:46 PM       1    100.00      0.00      0.00      0.00      0.00      0.00
Average:          1    100.00      0.00      0.00      0.00      0.00      0.00
