Linux 3.14.33-regular (node220-2) 	01/05/2017 	_x86_64_	(8 CPU)

04:14:18 PM     CPU     %user     %nice   %system   %iowait    %steal     %idle
04:14:19 PM       1    100.00      0.00      0.00      0.00      0.00      0.00
04:14:20 PM       1    100.00      0.00      0.00      0.00      0.00      0.00
04:14:21 PM       1    100.00      0.00      0.00      0.00      0.00      0.00
04:14:22 PM       1    100.00      0.00      0.00      0.00      0.00      0.00
04:14:23 PM       1    100.00      0.00      0.00      0.00      0.00      0.00
04:14:24 PM       1    100.00      0.00      0.00      0.00      0.00      0.00
04:14:25 PM       1    100.00      0.00      0.00      0.00      0.00      0.00
04:14:26 PM       1    100.00      0.00      0.00      0.00      0.00      0.00
04:14:27 PM       1    100.00      0.00      0.00      0.00      0.00      0.00
04:14:28 PM       1    100.00      0.00      0.00      0.00      0.00      0.00
04:14:29 PM       1    100.00      0.00      0.00      0.00      0.00      0.00
04:14:30 PM       1    100.00      0.00      0.00      0.00      0.00      0.00
04:14:31 PM       1    100.00      0.00      0.00      0.00      0.00      0.00
04:14:32 PM       1    100.00      0.00      0.00      0.00      0.00      0.00
04:14:33 PM       1    100.00      0.00      0.00      0.00      0.00      0.00
04:14:34 PM       1    100.00      0.00      0.00      0.00      0.00      0.00
04:14:35 PM       1    100.00      0.00      0.00      0.00      0.00      0.00
04:14:36 PM       1    100.00      0.00      0.00      0.00      0.00      0.00
04:14:37 PM       1    100.00      0.00      0.00      0.00      0.00      0.00
04:14:38 PM       1    100.00      0.00      0.00      0.00      0.00      0.00
Average:          1    100.00      0.00      0.00      0.00      0.00      0.00
