Linux 3.14.33-regular (node220-2) 	01/05/2017 	_x86_64_	(8 CPU)

06:17:11 PM     CPU     %user     %nice   %system   %iowait    %steal     %idle
06:17:12 PM       1    100.00      0.00      0.00      0.00      0.00      0.00
06:17:13 PM       1    100.00      0.00      0.00      0.00      0.00      0.00
06:17:14 PM       1    100.00      0.00      0.00      0.00      0.00      0.00
06:17:15 PM       1    100.00      0.00      0.00      0.00      0.00      0.00
06:17:16 PM       1    100.00      0.00      0.00      0.00      0.00      0.00
06:17:17 PM       1    100.00      0.00      0.00      0.00      0.00      0.00
06:17:18 PM       1    100.00      0.00      0.00      0.00      0.00      0.00
06:17:19 PM       1    100.00      0.00      0.00      0.00      0.00      0.00
06:17:20 PM       1    100.00      0.00      0.00      0.00      0.00      0.00
06:17:21 PM       1    100.00      0.00      0.00      0.00      0.00      0.00
06:17:22 PM       1    100.00      0.00      0.00      0.00      0.00      0.00
06:17:23 PM       1    100.00      0.00      0.00      0.00      0.00      0.00
06:17:24 PM       1    100.00      0.00      0.00      0.00      0.00      0.00
06:17:25 PM       1    100.00      0.00      0.00      0.00      0.00      0.00
06:17:26 PM       1    100.00      0.00      0.00      0.00      0.00      0.00
06:17:27 PM       1    100.00      0.00      0.00      0.00      0.00      0.00
06:17:28 PM       1    100.00      0.00      0.00      0.00      0.00      0.00
06:17:29 PM       1    100.00      0.00      0.00      0.00      0.00      0.00
06:17:30 PM       1    100.00      0.00      0.00      0.00      0.00      0.00
06:17:31 PM       1    100.00      0.00      0.00      0.00      0.00      0.00
Average:          1    100.00      0.00      0.00      0.00      0.00      0.00
