Linux 3.14.33-regular (node220-2) 	01/05/2017 	_x86_64_	(8 CPU)

06:26:52 PM     CPU     %user     %nice   %system   %iowait    %steal     %idle
06:26:53 PM       1    100.00      0.00      0.00      0.00      0.00      0.00
06:26:54 PM       1    100.00      0.00      0.00      0.00      0.00      0.00
06:26:55 PM       1    100.00      0.00      0.00      0.00      0.00      0.00
06:26:56 PM       1    100.00      0.00      0.00      0.00      0.00      0.00
06:26:57 PM       1    100.00      0.00      0.00      0.00      0.00      0.00
06:26:58 PM       1    100.00      0.00      0.00      0.00      0.00      0.00
06:26:59 PM       1    100.00      0.00      0.00      0.00      0.00      0.00
06:27:00 PM       1    100.00      0.00      0.00      0.00      0.00      0.00
06:27:01 PM       1    100.00      0.00      0.00      0.00      0.00      0.00
06:27:02 PM       1    100.00      0.00      0.00      0.00      0.00      0.00
06:27:03 PM       1    100.00      0.00      0.00      0.00      0.00      0.00
06:27:04 PM       1    100.00      0.00      0.00      0.00      0.00      0.00
06:27:05 PM       1    100.00      0.00      0.00      0.00      0.00      0.00
06:27:06 PM       1    100.00      0.00      0.00      0.00      0.00      0.00
06:27:07 PM       1    100.00      0.00      0.00      0.00      0.00      0.00
06:27:08 PM       1    100.00      0.00      0.00      0.00      0.00      0.00
06:27:09 PM       1    100.00      0.00      0.00      0.00      0.00      0.00
06:27:10 PM       1    100.00      0.00      0.00      0.00      0.00      0.00
06:27:11 PM       1    100.00      0.00      0.00      0.00      0.00      0.00
06:27:12 PM       1    100.00      0.00      0.00      0.00      0.00      0.00
Average:          1    100.00      0.00      0.00      0.00      0.00      0.00
