Linux 3.14.33-regular (node220-2) 	01/05/2017 	_x86_64_	(8 CPU)

08:27:44 PM     CPU     %user     %nice   %system   %iowait    %steal     %idle
08:27:45 PM       1     99.01      0.00      0.99      0.00      0.00      0.00
08:27:46 PM       1    100.00      0.00      0.00      0.00      0.00      0.00
08:27:47 PM       1    100.00      0.00      0.00      0.00      0.00      0.00
08:27:48 PM       1    100.00      0.00      0.00      0.00      0.00      0.00
08:27:49 PM       1    100.00      0.00      0.00      0.00      0.00      0.00
08:27:50 PM       1    100.00      0.00      0.00      0.00      0.00      0.00
08:27:51 PM       1    100.00      0.00      0.00      0.00      0.00      0.00
08:27:52 PM       1    100.00      0.00      0.00      0.00      0.00      0.00
08:27:53 PM       1    100.00      0.00      0.00      0.00      0.00      0.00
08:27:54 PM       1    100.00      0.00      0.00      0.00      0.00      0.00
08:27:55 PM       1    100.00      0.00      0.00      0.00      0.00      0.00
08:27:56 PM       1    100.00      0.00      0.00      0.00      0.00      0.00
08:27:57 PM       1    100.00      0.00      0.00      0.00      0.00      0.00
08:27:58 PM       1    100.00      0.00      0.00      0.00      0.00      0.00
08:27:59 PM       1    100.00      0.00      0.00      0.00      0.00      0.00
08:28:00 PM       1    100.00      0.00      0.00      0.00      0.00      0.00
08:28:01 PM       1    100.00      0.00      0.00      0.00      0.00      0.00
08:28:02 PM       1    100.00      0.00      0.00      0.00      0.00      0.00
08:28:03 PM       1    100.00      0.00      0.00      0.00      0.00      0.00
08:28:04 PM       1    100.00      0.00      0.00      0.00      0.00      0.00
Average:          1     99.95      0.00      0.05      0.00      0.00      0.00
