Linux 3.14.33-regular (node220-2) 	01/05/2017 	_x86_64_	(8 CPU)

10:24:20 PM     CPU     %user     %nice   %system   %iowait    %steal     %idle
10:24:21 PM       1    100.00      0.00      0.00      0.00      0.00      0.00
10:24:22 PM       1    100.00      0.00      0.00      0.00      0.00      0.00
10:24:23 PM       1    100.00      0.00      0.00      0.00      0.00      0.00
10:24:24 PM       1    100.00      0.00      0.00      0.00      0.00      0.00
10:24:25 PM       1    100.00      0.00      0.00      0.00      0.00      0.00
10:24:26 PM       1    100.00      0.00      0.00      0.00      0.00      0.00
10:24:27 PM       1     99.01      0.00      0.99      0.00      0.00      0.00
10:24:28 PM       1    100.00      0.00      0.00      0.00      0.00      0.00
10:24:29 PM       1    100.00      0.00      0.00      0.00      0.00      0.00
10:24:30 PM       1    100.00      0.00      0.00      0.00      0.00      0.00
10:24:31 PM       1    100.00      0.00      0.00      0.00      0.00      0.00
10:24:32 PM       1    100.00      0.00      0.00      0.00      0.00      0.00
10:24:33 PM       1    100.00      0.00      0.00      0.00      0.00      0.00
10:24:34 PM       1    100.00      0.00      0.00      0.00      0.00      0.00
10:24:35 PM       1    100.00      0.00      0.00      0.00      0.00      0.00
10:24:36 PM       1    100.00      0.00      0.00      0.00      0.00      0.00
10:24:37 PM       1    100.00      0.00      0.00      0.00      0.00      0.00
10:24:38 PM       1    100.00      0.00      0.00      0.00      0.00      0.00
10:24:39 PM       1    100.00      0.00      0.00      0.00      0.00      0.00
10:24:40 PM       1    100.00      0.00      0.00      0.00      0.00      0.00
Average:          1     99.95      0.00      0.05      0.00      0.00      0.00
