Linux 3.14.33-regular (node220-2) 	01/05/2017 	_x86_64_	(8 CPU)

08:17:22 PM     CPU     %user     %nice   %system   %iowait    %steal     %idle
08:17:23 PM       1    100.00      0.00      0.00      0.00      0.00      0.00
08:17:24 PM       1    100.00      0.00      0.00      0.00      0.00      0.00
08:17:25 PM       1    100.00      0.00      0.00      0.00      0.00      0.00
08:17:26 PM       1    100.00      0.00      0.00      0.00      0.00      0.00
08:17:27 PM       1    100.00      0.00      0.00      0.00      0.00      0.00
08:17:28 PM       1    100.00      0.00      0.00      0.00      0.00      0.00
08:17:29 PM       1    100.00      0.00      0.00      0.00      0.00      0.00
08:17:30 PM       1    100.00      0.00      0.00      0.00      0.00      0.00
08:17:31 PM       1    100.00      0.00      0.00      0.00      0.00      0.00
08:17:32 PM       1    100.00      0.00      0.00      0.00      0.00      0.00
08:17:33 PM       1    100.00      0.00      0.00      0.00      0.00      0.00
08:17:34 PM       1    100.00      0.00      0.00      0.00      0.00      0.00
08:17:35 PM       1    100.00      0.00      0.00      0.00      0.00      0.00
08:17:36 PM       1    100.00      0.00      0.00      0.00      0.00      0.00
08:17:37 PM       1    100.00      0.00      0.00      0.00      0.00      0.00
08:17:38 PM       1    100.00      0.00      0.00      0.00      0.00      0.00
08:17:39 PM       1    100.00      0.00      0.00      0.00      0.00      0.00
08:17:40 PM       1    100.00      0.00      0.00      0.00      0.00      0.00
08:17:41 PM       1    100.00      0.00      0.00      0.00      0.00      0.00
08:17:42 PM       1    100.00      0.00      0.00      0.00      0.00      0.00
Average:          1    100.00      0.00      0.00      0.00      0.00      0.00
