Linux 3.14.33-regular (node220-2) 	01/05/2017 	_x86_64_	(8 CPU)

04:10:24 PM     CPU     %user     %nice   %system   %iowait    %steal     %idle
04:10:25 PM       1    100.00      0.00      0.00      0.00      0.00      0.00
04:10:26 PM       1    100.00      0.00      0.00      0.00      0.00      0.00
04:10:27 PM       1    100.00      0.00      0.00      0.00      0.00      0.00
04:10:28 PM       1    100.00      0.00      0.00      0.00      0.00      0.00
04:10:29 PM       1    100.00      0.00      0.00      0.00      0.00      0.00
04:10:30 PM       1    100.00      0.00      0.00      0.00      0.00      0.00
04:10:31 PM       1    100.00      0.00      0.00      0.00      0.00      0.00
04:10:32 PM       1    100.00      0.00      0.00      0.00      0.00      0.00
04:10:33 PM       1    100.00      0.00      0.00      0.00      0.00      0.00
04:10:34 PM       1    100.00      0.00      0.00      0.00      0.00      0.00
04:10:35 PM       1    100.00      0.00      0.00      0.00      0.00      0.00
04:10:36 PM       1    100.00      0.00      0.00      0.00      0.00      0.00
04:10:37 PM       1    100.00      0.00      0.00      0.00      0.00      0.00
04:10:38 PM       1    100.00      0.00      0.00      0.00      0.00      0.00
04:10:39 PM       1    100.00      0.00      0.00      0.00      0.00      0.00
04:10:40 PM       1    100.00      0.00      0.00      0.00      0.00      0.00
04:10:41 PM       1    100.00      0.00      0.00      0.00      0.00      0.00
04:10:42 PM       1    100.00      0.00      0.00      0.00      0.00      0.00
04:10:43 PM       1    100.00      0.00      0.00      0.00      0.00      0.00
04:10:44 PM       1    100.00      0.00      0.00      0.00      0.00      0.00
Average:          1    100.00      0.00      0.00      0.00      0.00      0.00
