Linux 3.14.33-regular (node220-2) 	01/06/2017 	_x86_64_	(8 CPU)

01:14:55 AM     CPU     %user     %nice   %system   %iowait    %steal     %idle
01:14:56 AM       1    100.00      0.00      0.00      0.00      0.00      0.00
01:14:57 AM       1    100.00      0.00      0.00      0.00      0.00      0.00
01:14:58 AM       1    100.00      0.00      0.00      0.00      0.00      0.00
01:14:59 AM       1    100.00      0.00      0.00      0.00      0.00      0.00
01:15:00 AM       1    100.00      0.00      0.00      0.00      0.00      0.00
01:15:01 AM       1    100.00      0.00      0.00      0.00      0.00      0.00
01:15:02 AM       1    100.00      0.00      0.00      0.00      0.00      0.00
01:15:03 AM       1    100.00      0.00      0.00      0.00      0.00      0.00
01:15:04 AM       1    100.00      0.00      0.00      0.00      0.00      0.00
01:15:05 AM       1    100.00      0.00      0.00      0.00      0.00      0.00
01:15:06 AM       1    100.00      0.00      0.00      0.00      0.00      0.00
01:15:07 AM       1    100.00      0.00      0.00      0.00      0.00      0.00
01:15:08 AM       1    100.00      0.00      0.00      0.00      0.00      0.00
01:15:09 AM       1    100.00      0.00      0.00      0.00      0.00      0.00
01:15:10 AM       1    100.00      0.00      0.00      0.00      0.00      0.00
01:15:11 AM       1    100.00      0.00      0.00      0.00      0.00      0.00
01:15:12 AM       1    100.00      0.00      0.00      0.00      0.00      0.00
01:15:13 AM       1    100.00      0.00      0.00      0.00      0.00      0.00
01:15:14 AM       1    100.00      0.00      0.00      0.00      0.00      0.00
01:15:15 AM       1    100.00      0.00      0.00      0.00      0.00      0.00
Average:          1    100.00      0.00      0.00      0.00      0.00      0.00
