Linux 3.14.33-regular (node220-2) 	01/06/2017 	_x86_64_	(8 CPU)

12:21:34 AM     CPU     %user     %nice   %system   %iowait    %steal     %idle
12:21:35 AM       1    100.00      0.00      0.00      0.00      0.00      0.00
12:21:36 AM       1    100.00      0.00      0.00      0.00      0.00      0.00
12:21:37 AM       1    100.00      0.00      0.00      0.00      0.00      0.00
12:21:38 AM       1    100.00      0.00      0.00      0.00      0.00      0.00
12:21:39 AM       1    100.00      0.00      0.00      0.00      0.00      0.00
12:21:40 AM       1    100.00      0.00      0.00      0.00      0.00      0.00
12:21:41 AM       1    100.00      0.00      0.00      0.00      0.00      0.00
12:21:42 AM       1    100.00      0.00      0.00      0.00      0.00      0.00
12:21:43 AM       1    100.00      0.00      0.00      0.00      0.00      0.00
12:21:44 AM       1    100.00      0.00      0.00      0.00      0.00      0.00
12:21:45 AM       1    100.00      0.00      0.00      0.00      0.00      0.00
12:21:46 AM       1    100.00      0.00      0.00      0.00      0.00      0.00
12:21:47 AM       1    100.00      0.00      0.00      0.00      0.00      0.00
12:21:48 AM       1    100.00      0.00      0.00      0.00      0.00      0.00
12:21:49 AM       1    100.00      0.00      0.00      0.00      0.00      0.00
12:21:50 AM       1    100.00      0.00      0.00      0.00      0.00      0.00
12:21:51 AM       1    100.00      0.00      0.00      0.00      0.00      0.00
12:21:52 AM       1    100.00      0.00      0.00      0.00      0.00      0.00
12:21:53 AM       1    100.00      0.00      0.00      0.00      0.00      0.00
12:21:54 AM       1    100.00      0.00      0.00      0.00      0.00      0.00
Average:          1    100.00      0.00      0.00      0.00      0.00      0.00
