Linux 3.14.33-regular (node220-2) 	01/06/2017 	_x86_64_	(8 CPU)

02:01:54 AM     CPU     %user     %nice   %system   %iowait    %steal     %idle
02:01:55 AM       1    100.00      0.00      0.00      0.00      0.00      0.00
02:01:56 AM       1    100.00      0.00      0.00      0.00      0.00      0.00
02:01:57 AM       1    100.00      0.00      0.00      0.00      0.00      0.00
02:01:58 AM       1    100.00      0.00      0.00      0.00      0.00      0.00
02:01:59 AM       1    100.00      0.00      0.00      0.00      0.00      0.00
02:02:00 AM       1    100.00      0.00      0.00      0.00      0.00      0.00
02:02:01 AM       1    100.00      0.00      0.00      0.00      0.00      0.00
02:02:02 AM       1    100.00      0.00      0.00      0.00      0.00      0.00
02:02:03 AM       1    100.00      0.00      0.00      0.00      0.00      0.00
02:02:04 AM       1    100.00      0.00      0.00      0.00      0.00      0.00
02:02:05 AM       1    100.00      0.00      0.00      0.00      0.00      0.00
02:02:06 AM       1    100.00      0.00      0.00      0.00      0.00      0.00
02:02:07 AM       1    100.00      0.00      0.00      0.00      0.00      0.00
02:02:08 AM       1    100.00      0.00      0.00      0.00      0.00      0.00
02:02:09 AM       1    100.00      0.00      0.00      0.00      0.00      0.00
02:02:10 AM       1    100.00      0.00      0.00      0.00      0.00      0.00
02:02:11 AM       1    100.00      0.00      0.00      0.00      0.00      0.00
02:02:12 AM       1    100.00      0.00      0.00      0.00      0.00      0.00
02:02:13 AM       1    100.00      0.00      0.00      0.00      0.00      0.00
02:02:14 AM       1    100.00      0.00      0.00      0.00      0.00      0.00
Average:          1    100.00      0.00      0.00      0.00      0.00      0.00
