Linux 3.14.33-regular (node220-2) 	01/05/2017 	_x86_64_	(8 CPU)

08:00:38 PM     CPU     %user     %nice   %system   %iowait    %steal     %idle
08:00:39 PM       1    100.00      0.00      0.00      0.00      0.00      0.00
08:00:40 PM       1    100.00      0.00      0.00      0.00      0.00      0.00
08:00:41 PM       1    100.00      0.00      0.00      0.00      0.00      0.00
08:00:42 PM       1    100.00      0.00      0.00      0.00      0.00      0.00
08:00:43 PM       1    100.00      0.00      0.00      0.00      0.00      0.00
08:00:44 PM       1    100.00      0.00      0.00      0.00      0.00      0.00
08:00:45 PM       1    100.00      0.00      0.00      0.00      0.00      0.00
08:00:46 PM       1    100.00      0.00      0.00      0.00      0.00      0.00
08:00:47 PM       1    100.00      0.00      0.00      0.00      0.00      0.00
08:00:48 PM       1    100.00      0.00      0.00      0.00      0.00      0.00
08:00:49 PM       1    100.00      0.00      0.00      0.00      0.00      0.00
08:00:50 PM       1    100.00      0.00      0.00      0.00      0.00      0.00
08:00:51 PM       1    100.00      0.00      0.00      0.00      0.00      0.00
08:00:52 PM       1    100.00      0.00      0.00      0.00      0.00      0.00
08:00:53 PM       1    100.00      0.00      0.00      0.00      0.00      0.00
08:00:54 PM       1    100.00      0.00      0.00      0.00      0.00      0.00
08:00:55 PM       1    100.00      0.00      0.00      0.00      0.00      0.00
08:00:56 PM       1    100.00      0.00      0.00      0.00      0.00      0.00
08:00:57 PM       1    100.00      0.00      0.00      0.00      0.00      0.00
08:00:58 PM       1    100.00      0.00      0.00      0.00      0.00      0.00
Average:          1    100.00      0.00      0.00      0.00      0.00      0.00
