Linux 3.14.33-regular (node220-2) 	01/05/2017 	_x86_64_	(8 CPU)

10:42:24 PM     CPU     %user     %nice   %system   %iowait    %steal     %idle
10:42:25 PM       1    100.00      0.00      0.00      0.00      0.00      0.00
10:42:26 PM       1    100.00      0.00      0.00      0.00      0.00      0.00
10:42:27 PM       1    100.00      0.00      0.00      0.00      0.00      0.00
10:42:28 PM       1    100.00      0.00      0.00      0.00      0.00      0.00
10:42:29 PM       1    100.00      0.00      0.00      0.00      0.00      0.00
10:42:30 PM       1    100.00      0.00      0.00      0.00      0.00      0.00
10:42:31 PM       1    100.00      0.00      0.00      0.00      0.00      0.00
10:42:32 PM       1    100.00      0.00      0.00      0.00      0.00      0.00
10:42:33 PM       1    100.00      0.00      0.00      0.00      0.00      0.00
10:42:34 PM       1    100.00      0.00      0.00      0.00      0.00      0.00
10:42:35 PM       1    100.00      0.00      0.00      0.00      0.00      0.00
10:42:36 PM       1    100.00      0.00      0.00      0.00      0.00      0.00
10:42:37 PM       1    100.00      0.00      0.00      0.00      0.00      0.00
10:42:38 PM       1    100.00      0.00      0.00      0.00      0.00      0.00
10:42:39 PM       1    100.00      0.00      0.00      0.00      0.00      0.00
10:42:40 PM       1    100.00      0.00      0.00      0.00      0.00      0.00
10:42:41 PM       1    100.00      0.00      0.00      0.00      0.00      0.00
10:42:42 PM       1    100.00      0.00      0.00      0.00      0.00      0.00
10:42:43 PM       1    100.00      0.00      0.00      0.00      0.00      0.00
10:42:44 PM       1    100.00      0.00      0.00      0.00      0.00      0.00
Average:          1    100.00      0.00      0.00      0.00      0.00      0.00
