Linux 3.14.33-regular (node220-2) 	01/06/2017 	_x86_64_	(8 CPU)

01:05:53 AM     CPU     %user     %nice   %system   %iowait    %steal     %idle
01:05:54 AM       1    100.00      0.00      0.00      0.00      0.00      0.00
01:05:55 AM       1    100.00      0.00      0.00      0.00      0.00      0.00
01:05:56 AM       1    100.00      0.00      0.00      0.00      0.00      0.00
01:05:57 AM       1    100.00      0.00      0.00      0.00      0.00      0.00
01:05:58 AM       1    100.00      0.00      0.00      0.00      0.00      0.00
01:05:59 AM       1    100.00      0.00      0.00      0.00      0.00      0.00
01:06:00 AM       1    100.00      0.00      0.00      0.00      0.00      0.00
01:06:01 AM       1    100.00      0.00      0.00      0.00      0.00      0.00
01:06:02 AM       1    100.00      0.00      0.00      0.00      0.00      0.00
01:06:03 AM       1    100.00      0.00      0.00      0.00      0.00      0.00
01:06:04 AM       1    100.00      0.00      0.00      0.00      0.00      0.00
01:06:05 AM       1    100.00      0.00      0.00      0.00      0.00      0.00
01:06:06 AM       1    100.00      0.00      0.00      0.00      0.00      0.00
01:06:07 AM       1    100.00      0.00      0.00      0.00      0.00      0.00
01:06:08 AM       1    100.00      0.00      0.00      0.00      0.00      0.00
01:06:09 AM       1    100.00      0.00      0.00      0.00      0.00      0.00
01:06:10 AM       1    100.00      0.00      0.00      0.00      0.00      0.00
01:06:11 AM       1    100.00      0.00      0.00      0.00      0.00      0.00
01:06:12 AM       1    100.00      0.00      0.00      0.00      0.00      0.00
01:06:13 AM       1    100.00      0.00      0.00      0.00      0.00      0.00
Average:          1    100.00      0.00      0.00      0.00      0.00      0.00
