Linux 3.14.33-regular (node220-2) 	01/05/2017 	_x86_64_	(8 CPU)

06:35:49 PM     CPU     %user     %nice   %system   %iowait    %steal     %idle
06:35:50 PM       1    100.00      0.00      0.00      0.00      0.00      0.00
06:35:51 PM       1    100.00      0.00      0.00      0.00      0.00      0.00
06:35:52 PM       1    100.00      0.00      0.00      0.00      0.00      0.00
06:35:53 PM       1    100.00      0.00      0.00      0.00      0.00      0.00
06:35:54 PM       1    100.00      0.00      0.00      0.00      0.00      0.00
06:35:55 PM       1    100.00      0.00      0.00      0.00      0.00      0.00
06:35:56 PM       1    100.00      0.00      0.00      0.00      0.00      0.00
06:35:57 PM       1    100.00      0.00      0.00      0.00      0.00      0.00
06:35:58 PM       1    100.00      0.00      0.00      0.00      0.00      0.00
06:35:59 PM       1    100.00      0.00      0.00      0.00      0.00      0.00
06:36:00 PM       1    100.00      0.00      0.00      0.00      0.00      0.00
06:36:01 PM       1    100.00      0.00      0.00      0.00      0.00      0.00
06:36:02 PM       1    100.00      0.00      0.00      0.00      0.00      0.00
06:36:03 PM       1    100.00      0.00      0.00      0.00      0.00      0.00
06:36:04 PM       1    100.00      0.00      0.00      0.00      0.00      0.00
06:36:05 PM       1    100.00      0.00      0.00      0.00      0.00      0.00
06:36:06 PM       1    100.00      0.00      0.00      0.00      0.00      0.00
06:36:07 PM       1    100.00      0.00      0.00      0.00      0.00      0.00
06:36:08 PM       1    100.00      0.00      0.00      0.00      0.00      0.00
06:36:09 PM       1    100.00      0.00      0.00      0.00      0.00      0.00
Average:          1    100.00      0.00      0.00      0.00      0.00      0.00
