Linux 3.14.33-regular (node220-2) 	01/05/2017 	_x86_64_	(8 CPU)

03:45:22 PM     CPU     %user     %nice   %system   %iowait    %steal     %idle
03:45:23 PM       1    100.00      0.00      0.00      0.00      0.00      0.00
03:45:24 PM       1    100.00      0.00      0.00      0.00      0.00      0.00
03:45:25 PM       1    100.00      0.00      0.00      0.00      0.00      0.00
03:45:26 PM       1    100.00      0.00      0.00      0.00      0.00      0.00
03:45:27 PM       1    100.00      0.00      0.00      0.00      0.00      0.00
03:45:28 PM       1    100.00      0.00      0.00      0.00      0.00      0.00
03:45:29 PM       1    100.00      0.00      0.00      0.00      0.00      0.00
03:45:30 PM       1    100.00      0.00      0.00      0.00      0.00      0.00
03:45:31 PM       1    100.00      0.00      0.00      0.00      0.00      0.00
03:45:32 PM       1    100.00      0.00      0.00      0.00      0.00      0.00
03:45:33 PM       1    100.00      0.00      0.00      0.00      0.00      0.00
03:45:34 PM       1    100.00      0.00      0.00      0.00      0.00      0.00
03:45:35 PM       1    100.00      0.00      0.00      0.00      0.00      0.00
03:45:36 PM       1    100.00      0.00      0.00      0.00      0.00      0.00
03:45:37 PM       1    100.00      0.00      0.00      0.00      0.00      0.00
03:45:38 PM       1    100.00      0.00      0.00      0.00      0.00      0.00
03:45:39 PM       1    100.00      0.00      0.00      0.00      0.00      0.00
03:45:40 PM       1    100.00      0.00      0.00      0.00      0.00      0.00
03:45:41 PM       1    100.00      0.00      0.00      0.00      0.00      0.00
03:45:42 PM       1    100.00      0.00      0.00      0.00      0.00      0.00
Average:          1    100.00      0.00      0.00      0.00      0.00      0.00
