Linux 3.14.33-regular (node220-2) 	01/06/2017 	_x86_64_	(8 CPU)

12:00:14 AM     CPU     %user     %nice   %system   %iowait    %steal     %idle
12:00:15 AM       1    100.00      0.00      0.00      0.00      0.00      0.00
12:00:16 AM       1    100.00      0.00      0.00      0.00      0.00      0.00
12:00:17 AM       1    100.00      0.00      0.00      0.00      0.00      0.00
12:00:18 AM       1    100.00      0.00      0.00      0.00      0.00      0.00
12:00:19 AM       1    100.00      0.00      0.00      0.00      0.00      0.00
12:00:20 AM       1    100.00      0.00      0.00      0.00      0.00      0.00
12:00:21 AM       1    100.00      0.00      0.00      0.00      0.00      0.00
12:00:22 AM       1    100.00      0.00      0.00      0.00      0.00      0.00
12:00:23 AM       1    100.00      0.00      0.00      0.00      0.00      0.00
12:00:24 AM       1    100.00      0.00      0.00      0.00      0.00      0.00
12:00:25 AM       1    100.00      0.00      0.00      0.00      0.00      0.00
12:00:26 AM       1    100.00      0.00      0.00      0.00      0.00      0.00
12:00:27 AM       1    100.00      0.00      0.00      0.00      0.00      0.00
12:00:28 AM       1    100.00      0.00      0.00      0.00      0.00      0.00
12:00:29 AM       1    100.00      0.00      0.00      0.00      0.00      0.00
12:00:30 AM       1    100.00      0.00      0.00      0.00      0.00      0.00
12:00:31 AM       1    100.00      0.00      0.00      0.00      0.00      0.00
12:00:32 AM       1    100.00      0.00      0.00      0.00      0.00      0.00
12:00:33 AM       1    100.00      0.00      0.00      0.00      0.00      0.00
12:00:34 AM       1    100.00      0.00      0.00      0.00      0.00      0.00
Average:          1    100.00      0.00      0.00      0.00      0.00      0.00
