Linux 3.14.33-regular (node220-2) 	01/05/2017 	_x86_64_	(8 CPU)

10:57:48 PM     CPU     %user     %nice   %system   %iowait    %steal     %idle
10:57:49 PM       1    100.00      0.00      0.00      0.00      0.00      0.00
10:57:50 PM       1    100.00      0.00      0.00      0.00      0.00      0.00
10:57:51 PM       1    100.00      0.00      0.00      0.00      0.00      0.00
10:57:52 PM       1    100.00      0.00      0.00      0.00      0.00      0.00
10:57:53 PM       1    100.00      0.00      0.00      0.00      0.00      0.00
10:57:54 PM       1    100.00      0.00      0.00      0.00      0.00      0.00
10:57:55 PM       1    100.00      0.00      0.00      0.00      0.00      0.00
10:57:56 PM       1    100.00      0.00      0.00      0.00      0.00      0.00
10:57:57 PM       1    100.00      0.00      0.00      0.00      0.00      0.00
10:57:58 PM       1    100.00      0.00      0.00      0.00      0.00      0.00
10:57:59 PM       1    100.00      0.00      0.00      0.00      0.00      0.00
10:58:00 PM       1    100.00      0.00      0.00      0.00      0.00      0.00
10:58:01 PM       1    100.00      0.00      0.00      0.00      0.00      0.00
10:58:02 PM       1    100.00      0.00      0.00      0.00      0.00      0.00
10:58:03 PM       1    100.00      0.00      0.00      0.00      0.00      0.00
10:58:04 PM       1    100.00      0.00      0.00      0.00      0.00      0.00
10:58:05 PM       1    100.00      0.00      0.00      0.00      0.00      0.00
10:58:06 PM       1    100.00      0.00      0.00      0.00      0.00      0.00
10:58:07 PM       1    100.00      0.00      0.00      0.00      0.00      0.00
10:58:08 PM       1    100.00      0.00      0.00      0.00      0.00      0.00
Average:          1    100.00      0.00      0.00      0.00      0.00      0.00
