Linux 3.14.33-regular (node220-2) 	01/05/2017 	_x86_64_	(8 CPU)

10:08:52 PM     CPU     %user     %nice   %system   %iowait    %steal     %idle
10:08:53 PM       1    100.00      0.00      0.00      0.00      0.00      0.00
10:08:54 PM       1    100.00      0.00      0.00      0.00      0.00      0.00
10:08:55 PM       1    100.00      0.00      0.00      0.00      0.00      0.00
10:08:56 PM       1    100.00      0.00      0.00      0.00      0.00      0.00
10:08:57 PM       1    100.00      0.00      0.00      0.00      0.00      0.00
10:08:58 PM       1    100.00      0.00      0.00      0.00      0.00      0.00
10:08:59 PM       1     99.01      0.00      0.99      0.00      0.00      0.00
10:09:00 PM       1    100.00      0.00      0.00      0.00      0.00      0.00
10:09:01 PM       1    100.00      0.00      0.00      0.00      0.00      0.00
10:09:02 PM       1    100.00      0.00      0.00      0.00      0.00      0.00
10:09:03 PM       1    100.00      0.00      0.00      0.00      0.00      0.00
10:09:04 PM       1    100.00      0.00      0.00      0.00      0.00      0.00
10:09:05 PM       1     99.01      0.00      0.99      0.00      0.00      0.00
10:09:06 PM       1     99.00      0.00      1.00      0.00      0.00      0.00
10:09:07 PM       1    100.00      0.00      0.00      0.00      0.00      0.00
10:09:08 PM       1    100.00      0.00      0.00      0.00      0.00      0.00
10:09:09 PM       1     99.01      0.00      0.99      0.00      0.00      0.00
10:09:10 PM       1    100.00      0.00      0.00      0.00      0.00      0.00
10:09:11 PM       1    100.00      0.00      0.00      0.00      0.00      0.00
10:09:12 PM       1    100.00      0.00      0.00      0.00      0.00      0.00
Average:          1     99.80      0.00      0.20      0.00      0.00      0.00
