Linux 3.14.33-regular (node220-2) 	01/05/2017 	_x86_64_	(8 CPU)

06:22:59 PM     CPU     %user     %nice   %system   %iowait    %steal     %idle
06:23:00 PM       1    100.00      0.00      0.00      0.00      0.00      0.00
06:23:01 PM       1    100.00      0.00      0.00      0.00      0.00      0.00
06:23:02 PM       1    100.00      0.00      0.00      0.00      0.00      0.00
06:23:03 PM       1    100.00      0.00      0.00      0.00      0.00      0.00
06:23:04 PM       1    100.00      0.00      0.00      0.00      0.00      0.00
06:23:05 PM       1    100.00      0.00      0.00      0.00      0.00      0.00
06:23:06 PM       1    100.00      0.00      0.00      0.00      0.00      0.00
06:23:07 PM       1    100.00      0.00      0.00      0.00      0.00      0.00
06:23:08 PM       1    100.00      0.00      0.00      0.00      0.00      0.00
06:23:09 PM       1    100.00      0.00      0.00      0.00      0.00      0.00
06:23:10 PM       1    100.00      0.00      0.00      0.00      0.00      0.00
06:23:11 PM       1    100.00      0.00      0.00      0.00      0.00      0.00
06:23:12 PM       1    100.00      0.00      0.00      0.00      0.00      0.00
06:23:13 PM       1    100.00      0.00      0.00      0.00      0.00      0.00
06:23:14 PM       1    100.00      0.00      0.00      0.00      0.00      0.00
06:23:15 PM       1    100.00      0.00      0.00      0.00      0.00      0.00
06:23:16 PM       1    100.00      0.00      0.00      0.00      0.00      0.00
06:23:17 PM       1    100.00      0.00      0.00      0.00      0.00      0.00
06:23:18 PM       1    100.00      0.00      0.00      0.00      0.00      0.00
06:23:19 PM       1    100.00      0.00      0.00      0.00      0.00      0.00
Average:          1    100.00      0.00      0.00      0.00      0.00      0.00
