Linux 3.14.33-regular (node220-2) 	01/05/2017 	_x86_64_	(8 CPU)

11:49:17 PM     CPU     %user     %nice   %system   %iowait    %steal     %idle
11:49:18 PM       1    100.00      0.00      0.00      0.00      0.00      0.00
11:49:19 PM       1    100.00      0.00      0.00      0.00      0.00      0.00
11:49:20 PM       1    100.00      0.00      0.00      0.00      0.00      0.00
11:49:21 PM       1    100.00      0.00      0.00      0.00      0.00      0.00
11:49:22 PM       1    100.00      0.00      0.00      0.00      0.00      0.00
11:49:23 PM       1    100.00      0.00      0.00      0.00      0.00      0.00
11:49:24 PM       1    100.00      0.00      0.00      0.00      0.00      0.00
11:49:25 PM       1    100.00      0.00      0.00      0.00      0.00      0.00
11:49:26 PM       1    100.00      0.00      0.00      0.00      0.00      0.00
11:49:27 PM       1    100.00      0.00      0.00      0.00      0.00      0.00
11:49:28 PM       1    100.00      0.00      0.00      0.00      0.00      0.00
11:49:29 PM       1    100.00      0.00      0.00      0.00      0.00      0.00
11:49:30 PM       1    100.00      0.00      0.00      0.00      0.00      0.00
11:49:31 PM       1    100.00      0.00      0.00      0.00      0.00      0.00
11:49:32 PM       1    100.00      0.00      0.00      0.00      0.00      0.00
11:49:33 PM       1    100.00      0.00      0.00      0.00      0.00      0.00
11:49:34 PM       1    100.00      0.00      0.00      0.00      0.00      0.00
11:49:35 PM       1    100.00      0.00      0.00      0.00      0.00      0.00
11:49:36 PM       1    100.00      0.00      0.00      0.00      0.00      0.00
11:49:37 PM       1    100.00      0.00      0.00      0.00      0.00      0.00
Average:          1    100.00      0.00      0.00      0.00      0.00      0.00
