Linux 3.14.33-regular (node220-2) 	01/05/2017 	_x86_64_	(8 CPU)

04:18:07 PM     CPU     %user     %nice   %system   %iowait    %steal     %idle
04:18:08 PM       1    100.00      0.00      0.00      0.00      0.00      0.00
04:18:09 PM       1    100.00      0.00      0.00      0.00      0.00      0.00
04:18:10 PM       1    100.00      0.00      0.00      0.00      0.00      0.00
04:18:11 PM       1    100.00      0.00      0.00      0.00      0.00      0.00
04:18:12 PM       1    100.00      0.00      0.00      0.00      0.00      0.00
04:18:13 PM       1    100.00      0.00      0.00      0.00      0.00      0.00
04:18:14 PM       1    100.00      0.00      0.00      0.00      0.00      0.00
04:18:15 PM       1    100.00      0.00      0.00      0.00      0.00      0.00
04:18:16 PM       1    100.00      0.00      0.00      0.00      0.00      0.00
04:18:17 PM       1    100.00      0.00      0.00      0.00      0.00      0.00
04:18:18 PM       1    100.00      0.00      0.00      0.00      0.00      0.00
04:18:19 PM       1    100.00      0.00      0.00      0.00      0.00      0.00
04:18:20 PM       1    100.00      0.00      0.00      0.00      0.00      0.00
04:18:21 PM       1    100.00      0.00      0.00      0.00      0.00      0.00
04:18:22 PM       1    100.00      0.00      0.00      0.00      0.00      0.00
04:18:23 PM       1    100.00      0.00      0.00      0.00      0.00      0.00
04:18:24 PM       1    100.00      0.00      0.00      0.00      0.00      0.00
04:18:25 PM       1    100.00      0.00      0.00      0.00      0.00      0.00
04:18:26 PM       1    100.00      0.00      0.00      0.00      0.00      0.00
04:18:27 PM       1    100.00      0.00      0.00      0.00      0.00      0.00
Average:          1    100.00      0.00      0.00      0.00      0.00      0.00
