Linux 3.14.33-regular (node220-2) 	01/05/2017 	_x86_64_	(8 CPU)

11:35:48 PM     CPU     %user     %nice   %system   %iowait    %steal     %idle
11:35:49 PM       1    100.00      0.00      0.00      0.00      0.00      0.00
11:35:50 PM       1    100.00      0.00      0.00      0.00      0.00      0.00
11:35:51 PM       1    100.00      0.00      0.00      0.00      0.00      0.00
11:35:52 PM       1    100.00      0.00      0.00      0.00      0.00      0.00
11:35:53 PM       1    100.00      0.00      0.00      0.00      0.00      0.00
11:35:54 PM       1    100.00      0.00      0.00      0.00      0.00      0.00
11:35:55 PM       1    100.00      0.00      0.00      0.00      0.00      0.00
11:35:56 PM       1    100.00      0.00      0.00      0.00      0.00      0.00
11:35:57 PM       1    100.00      0.00      0.00      0.00      0.00      0.00
11:35:58 PM       1    100.00      0.00      0.00      0.00      0.00      0.00
11:35:59 PM       1    100.00      0.00      0.00      0.00      0.00      0.00
11:36:00 PM       1    100.00      0.00      0.00      0.00      0.00      0.00
11:36:01 PM       1    100.00      0.00      0.00      0.00      0.00      0.00
11:36:02 PM       1    100.00      0.00      0.00      0.00      0.00      0.00
11:36:03 PM       1    100.00      0.00      0.00      0.00      0.00      0.00
11:36:04 PM       1    100.00      0.00      0.00      0.00      0.00      0.00
11:36:05 PM       1    100.00      0.00      0.00      0.00      0.00      0.00
11:36:06 PM       1    100.00      0.00      0.00      0.00      0.00      0.00
11:36:07 PM       1    100.00      0.00      0.00      0.00      0.00      0.00
11:36:08 PM       1    100.00      0.00      0.00      0.00      0.00      0.00
Average:          1    100.00      0.00      0.00      0.00      0.00      0.00
