Linux 3.14.33-regular (node220-2) 	01/05/2017 	_x86_64_	(8 CPU)

07:45:52 PM     CPU     %user     %nice   %system   %iowait    %steal     %idle
07:45:53 PM       1    100.00      0.00      0.00      0.00      0.00      0.00
07:45:54 PM       1    100.00      0.00      0.00      0.00      0.00      0.00
07:45:55 PM       1    100.00      0.00      0.00      0.00      0.00      0.00
07:45:56 PM       1    100.00      0.00      0.00      0.00      0.00      0.00
07:45:57 PM       1    100.00      0.00      0.00      0.00      0.00      0.00
07:45:58 PM       1    100.00      0.00      0.00      0.00      0.00      0.00
07:45:59 PM       1    100.00      0.00      0.00      0.00      0.00      0.00
07:46:00 PM       1    100.00      0.00      0.00      0.00      0.00      0.00
07:46:01 PM       1    100.00      0.00      0.00      0.00      0.00      0.00
07:46:02 PM       1    100.00      0.00      0.00      0.00      0.00      0.00
07:46:03 PM       1    100.00      0.00      0.00      0.00      0.00      0.00
07:46:04 PM       1    100.00      0.00      0.00      0.00      0.00      0.00
07:46:05 PM       1    100.00      0.00      0.00      0.00      0.00      0.00
07:46:06 PM       1    100.00      0.00      0.00      0.00      0.00      0.00
07:46:07 PM       1    100.00      0.00      0.00      0.00      0.00      0.00
07:46:08 PM       1    100.00      0.00      0.00      0.00      0.00      0.00
07:46:09 PM       1    100.00      0.00      0.00      0.00      0.00      0.00
07:46:10 PM       1    100.00      0.00      0.00      0.00      0.00      0.00
07:46:11 PM       1    100.00      0.00      0.00      0.00      0.00      0.00
07:46:12 PM       1     99.00      0.00      1.00      0.00      0.00      0.00
Average:          1     99.95      0.00      0.05      0.00      0.00      0.00
