Linux 3.14.33-regular (node220-2) 	01/06/2017 	_x86_64_	(8 CPU)

01:52:16 AM     CPU     %user     %nice   %system   %iowait    %steal     %idle
01:52:17 AM       1    100.00      0.00      0.00      0.00      0.00      0.00
01:52:18 AM       1    100.00      0.00      0.00      0.00      0.00      0.00
01:52:19 AM       1    100.00      0.00      0.00      0.00      0.00      0.00
01:52:20 AM       1    100.00      0.00      0.00      0.00      0.00      0.00
01:52:21 AM       1    100.00      0.00      0.00      0.00      0.00      0.00
01:52:22 AM       1    100.00      0.00      0.00      0.00      0.00      0.00
01:52:23 AM       1    100.00      0.00      0.00      0.00      0.00      0.00
01:52:24 AM       1    100.00      0.00      0.00      0.00      0.00      0.00
01:52:25 AM       1    100.00      0.00      0.00      0.00      0.00      0.00
01:52:26 AM       1    100.00      0.00      0.00      0.00      0.00      0.00
01:52:27 AM       1    100.00      0.00      0.00      0.00      0.00      0.00
01:52:28 AM       1    100.00      0.00      0.00      0.00      0.00      0.00
01:52:29 AM       1    100.00      0.00      0.00      0.00      0.00      0.00
01:52:30 AM       1    100.00      0.00      0.00      0.00      0.00      0.00
01:52:31 AM       1    100.00      0.00      0.00      0.00      0.00      0.00
01:52:32 AM       1    100.00      0.00      0.00      0.00      0.00      0.00
01:52:33 AM       1    100.00      0.00      0.00      0.00      0.00      0.00
01:52:34 AM       1    100.00      0.00      0.00      0.00      0.00      0.00
01:52:35 AM       1    100.00      0.00      0.00      0.00      0.00      0.00
01:52:36 AM       1    100.00      0.00      0.00      0.00      0.00      0.00
Average:          1    100.00      0.00      0.00      0.00      0.00      0.00
