Linux 3.14.33-regular (node220-2) 	01/05/2017 	_x86_64_	(8 CPU)

07:50:21 PM     CPU     %user     %nice   %system   %iowait    %steal     %idle
07:50:22 PM       1    100.00      0.00      0.00      0.00      0.00      0.00
07:50:23 PM       1    100.00      0.00      0.00      0.00      0.00      0.00
07:50:24 PM       1    100.00      0.00      0.00      0.00      0.00      0.00
07:50:25 PM       1    100.00      0.00      0.00      0.00      0.00      0.00
07:50:26 PM       1    100.00      0.00      0.00      0.00      0.00      0.00
07:50:27 PM       1    100.00      0.00      0.00      0.00      0.00      0.00
07:50:28 PM       1    100.00      0.00      0.00      0.00      0.00      0.00
07:50:29 PM       1    100.00      0.00      0.00      0.00      0.00      0.00
07:50:30 PM       1    100.00      0.00      0.00      0.00      0.00      0.00
07:50:31 PM       1    100.00      0.00      0.00      0.00      0.00      0.00
07:50:32 PM       1    100.00      0.00      0.00      0.00      0.00      0.00
07:50:33 PM       1    100.00      0.00      0.00      0.00      0.00      0.00
07:50:34 PM       1    100.00      0.00      0.00      0.00      0.00      0.00
07:50:35 PM       1    100.00      0.00      0.00      0.00      0.00      0.00
07:50:36 PM       1    100.00      0.00      0.00      0.00      0.00      0.00
07:50:37 PM       1    100.00      0.00      0.00      0.00      0.00      0.00
07:50:38 PM       1    100.00      0.00      0.00      0.00      0.00      0.00
07:50:39 PM       1    100.00      0.00      0.00      0.00      0.00      0.00
07:50:40 PM       1    100.00      0.00      0.00      0.00      0.00      0.00
07:50:41 PM       1    100.00      0.00      0.00      0.00      0.00      0.00
Average:          1    100.00      0.00      0.00      0.00      0.00      0.00
