Linux 3.14.33-regular (node220-2) 	01/05/2017 	_x86_64_	(8 CPU)

06:14:37 PM     CPU     %user     %nice   %system   %iowait    %steal     %idle
06:14:38 PM       1    100.00      0.00      0.00      0.00      0.00      0.00
06:14:39 PM       1    100.00      0.00      0.00      0.00      0.00      0.00
06:14:40 PM       1    100.00      0.00      0.00      0.00      0.00      0.00
06:14:41 PM       1    100.00      0.00      0.00      0.00      0.00      0.00
06:14:42 PM       1    100.00      0.00      0.00      0.00      0.00      0.00
06:14:43 PM       1    100.00      0.00      0.00      0.00      0.00      0.00
06:14:44 PM       1    100.00      0.00      0.00      0.00      0.00      0.00
06:14:45 PM       1    100.00      0.00      0.00      0.00      0.00      0.00
06:14:46 PM       1    100.00      0.00      0.00      0.00      0.00      0.00
06:14:47 PM       1    100.00      0.00      0.00      0.00      0.00      0.00
06:14:48 PM       1    100.00      0.00      0.00      0.00      0.00      0.00
06:14:49 PM       1    100.00      0.00      0.00      0.00      0.00      0.00
06:14:50 PM       1    100.00      0.00      0.00      0.00      0.00      0.00
06:14:51 PM       1    100.00      0.00      0.00      0.00      0.00      0.00
06:14:52 PM       1    100.00      0.00      0.00      0.00      0.00      0.00
06:14:53 PM       1    100.00      0.00      0.00      0.00      0.00      0.00
06:14:54 PM       1    100.00      0.00      0.00      0.00      0.00      0.00
06:14:55 PM       1    100.00      0.00      0.00      0.00      0.00      0.00
06:14:56 PM       1    100.00      0.00      0.00      0.00      0.00      0.00
06:14:57 PM       1    100.00      0.00      0.00      0.00      0.00      0.00
Average:          1    100.00      0.00      0.00      0.00      0.00      0.00
