Linux 3.14.33-regular (node220-2) 	01/05/2017 	_x86_64_	(8 CPU)

03:30:36 PM     CPU     %user     %nice   %system   %iowait    %steal     %idle
03:30:37 PM       1    100.00      0.00      0.00      0.00      0.00      0.00
03:30:38 PM       1    100.00      0.00      0.00      0.00      0.00      0.00
03:30:39 PM       1    100.00      0.00      0.00      0.00      0.00      0.00
03:30:40 PM       1    100.00      0.00      0.00      0.00      0.00      0.00
03:30:41 PM       1    100.00      0.00      0.00      0.00      0.00      0.00
03:30:42 PM       1    100.00      0.00      0.00      0.00      0.00      0.00
03:30:43 PM       1    100.00      0.00      0.00      0.00      0.00      0.00
03:30:44 PM       1    100.00      0.00      0.00      0.00      0.00      0.00
03:30:45 PM       1    100.00      0.00      0.00      0.00      0.00      0.00
03:30:46 PM       1    100.00      0.00      0.00      0.00      0.00      0.00
03:30:47 PM       1    100.00      0.00      0.00      0.00      0.00      0.00
03:30:48 PM       1    100.00      0.00      0.00      0.00      0.00      0.00
03:30:49 PM       1    100.00      0.00      0.00      0.00      0.00      0.00
03:30:50 PM       1    100.00      0.00      0.00      0.00      0.00      0.00
03:30:51 PM       1    100.00      0.00      0.00      0.00      0.00      0.00
03:30:52 PM       1    100.00      0.00      0.00      0.00      0.00      0.00
03:30:53 PM       1    100.00      0.00      0.00      0.00      0.00      0.00
03:30:54 PM       1    100.00      0.00      0.00      0.00      0.00      0.00
03:30:55 PM       1    100.00      0.00      0.00      0.00      0.00      0.00
03:30:56 PM       1    100.00      0.00      0.00      0.00      0.00      0.00
Average:          1    100.00      0.00      0.00      0.00      0.00      0.00
