Linux 3.14.33-regular (node220-2) 	01/06/2017 	_x86_64_	(8 CPU)

01:17:29 AM     CPU     %user     %nice   %system   %iowait    %steal     %idle
01:17:30 AM       1    100.00      0.00      0.00      0.00      0.00      0.00
01:17:31 AM       1    100.00      0.00      0.00      0.00      0.00      0.00
01:17:32 AM       1    100.00      0.00      0.00      0.00      0.00      0.00
01:17:33 AM       1    100.00      0.00      0.00      0.00      0.00      0.00
01:17:34 AM       1    100.00      0.00      0.00      0.00      0.00      0.00
01:17:35 AM       1    100.00      0.00      0.00      0.00      0.00      0.00
01:17:36 AM       1    100.00      0.00      0.00      0.00      0.00      0.00
01:17:37 AM       1    100.00      0.00      0.00      0.00      0.00      0.00
01:17:38 AM       1    100.00      0.00      0.00      0.00      0.00      0.00
01:17:39 AM       1    100.00      0.00      0.00      0.00      0.00      0.00
01:17:40 AM       1    100.00      0.00      0.00      0.00      0.00      0.00
01:17:41 AM       1    100.00      0.00      0.00      0.00      0.00      0.00
01:17:42 AM       1    100.00      0.00      0.00      0.00      0.00      0.00
01:17:43 AM       1    100.00      0.00      0.00      0.00      0.00      0.00
01:17:44 AM       1    100.00      0.00      0.00      0.00      0.00      0.00
01:17:45 AM       1    100.00      0.00      0.00      0.00      0.00      0.00
01:17:46 AM       1    100.00      0.00      0.00      0.00      0.00      0.00
01:17:47 AM       1    100.00      0.00      0.00      0.00      0.00      0.00
01:17:48 AM       1    100.00      0.00      0.00      0.00      0.00      0.00
01:17:49 AM       1    100.00      0.00      0.00      0.00      0.00      0.00
Average:          1    100.00      0.00      0.00      0.00      0.00      0.00
