Linux 3.14.33-regular (node220-2) 	01/06/2017 	_x86_64_	(8 CPU)

12:17:03 AM     CPU     %user     %nice   %system   %iowait    %steal     %idle
12:17:04 AM       1    100.00      0.00      0.00      0.00      0.00      0.00
12:17:05 AM       1    100.00      0.00      0.00      0.00      0.00      0.00
12:17:06 AM       1    100.00      0.00      0.00      0.00      0.00      0.00
12:17:07 AM       1    100.00      0.00      0.00      0.00      0.00      0.00
12:17:08 AM       1    100.00      0.00      0.00      0.00      0.00      0.00
12:17:09 AM       1    100.00      0.00      0.00      0.00      0.00      0.00
12:17:10 AM       1    100.00      0.00      0.00      0.00      0.00      0.00
12:17:11 AM       1    100.00      0.00      0.00      0.00      0.00      0.00
12:17:12 AM       1    100.00      0.00      0.00      0.00      0.00      0.00
12:17:13 AM       1    100.00      0.00      0.00      0.00      0.00      0.00
12:17:14 AM       1    100.00      0.00      0.00      0.00      0.00      0.00
12:17:15 AM       1    100.00      0.00      0.00      0.00      0.00      0.00
12:17:16 AM       1    100.00      0.00      0.00      0.00      0.00      0.00
12:17:17 AM       1    100.00      0.00      0.00      0.00      0.00      0.00
12:17:18 AM       1    100.00      0.00      0.00      0.00      0.00      0.00
12:17:19 AM       1    100.00      0.00      0.00      0.00      0.00      0.00
12:17:20 AM       1    100.00      0.00      0.00      0.00      0.00      0.00
12:17:21 AM       1    100.00      0.00      0.00      0.00      0.00      0.00
12:17:22 AM       1    100.00      0.00      0.00      0.00      0.00      0.00
12:17:23 AM       1    100.00      0.00      0.00      0.00      0.00      0.00
Average:          1    100.00      0.00      0.00      0.00      0.00      0.00
