Linux 3.14.33-regular (node220-2) 	01/06/2017 	_x86_64_	(8 CPU)

01:55:28 AM     CPU     %user     %nice   %system   %iowait    %steal     %idle
01:55:29 AM       1    100.00      0.00      0.00      0.00      0.00      0.00
01:55:30 AM       1    100.00      0.00      0.00      0.00      0.00      0.00
01:55:31 AM       1    100.00      0.00      0.00      0.00      0.00      0.00
01:55:32 AM       1    100.00      0.00      0.00      0.00      0.00      0.00
01:55:33 AM       1    100.00      0.00      0.00      0.00      0.00      0.00
01:55:34 AM       1    100.00      0.00      0.00      0.00      0.00      0.00
01:55:35 AM       1    100.00      0.00      0.00      0.00      0.00      0.00
01:55:36 AM       1    100.00      0.00      0.00      0.00      0.00      0.00
01:55:37 AM       1    100.00      0.00      0.00      0.00      0.00      0.00
01:55:38 AM       1    100.00      0.00      0.00      0.00      0.00      0.00
01:55:39 AM       1    100.00      0.00      0.00      0.00      0.00      0.00
01:55:40 AM       1    100.00      0.00      0.00      0.00      0.00      0.00
01:55:41 AM       1    100.00      0.00      0.00      0.00      0.00      0.00
01:55:42 AM       1    100.00      0.00      0.00      0.00      0.00      0.00
01:55:43 AM       1    100.00      0.00      0.00      0.00      0.00      0.00
01:55:44 AM       1    100.00      0.00      0.00      0.00      0.00      0.00
01:55:45 AM       1    100.00      0.00      0.00      0.00      0.00      0.00
01:55:46 AM       1    100.00      0.00      0.00      0.00      0.00      0.00
01:55:47 AM       1    100.00      0.00      0.00      0.00      0.00      0.00
01:55:48 AM       1    100.00      0.00      0.00      0.00      0.00      0.00
Average:          1    100.00      0.00      0.00      0.00      0.00      0.00
