Linux 3.14.33-regular (node220-2) 	01/06/2017 	_x86_64_	(8 CPU)

01:38:40 AM     CPU     %user     %nice   %system   %iowait    %steal     %idle
01:38:41 AM       1    100.00      0.00      0.00      0.00      0.00      0.00
01:38:42 AM       1    100.00      0.00      0.00      0.00      0.00      0.00
01:38:43 AM       1    100.00      0.00      0.00      0.00      0.00      0.00
01:38:44 AM       1    100.00      0.00      0.00      0.00      0.00      0.00
01:38:45 AM       1    100.00      0.00      0.00      0.00      0.00      0.00
01:38:46 AM       1    100.00      0.00      0.00      0.00      0.00      0.00
01:38:47 AM       1    100.00      0.00      0.00      0.00      0.00      0.00
01:38:48 AM       1    100.00      0.00      0.00      0.00      0.00      0.00
01:38:49 AM       1    100.00      0.00      0.00      0.00      0.00      0.00
01:38:50 AM       1    100.00      0.00      0.00      0.00      0.00      0.00
01:38:51 AM       1    100.00      0.00      0.00      0.00      0.00      0.00
01:38:52 AM       1    100.00      0.00      0.00      0.00      0.00      0.00
01:38:53 AM       1    100.00      0.00      0.00      0.00      0.00      0.00
01:38:54 AM       1    100.00      0.00      0.00      0.00      0.00      0.00
01:38:55 AM       1    100.00      0.00      0.00      0.00      0.00      0.00
01:38:56 AM       1    100.00      0.00      0.00      0.00      0.00      0.00
01:38:57 AM       1    100.00      0.00      0.00      0.00      0.00      0.00
01:38:58 AM       1    100.00      0.00      0.00      0.00      0.00      0.00
01:38:59 AM       1    100.00      0.00      0.00      0.00      0.00      0.00
01:39:00 AM       1    100.00      0.00      0.00      0.00      0.00      0.00
Average:          1    100.00      0.00      0.00      0.00      0.00      0.00
