Linux 3.14.33-regular (node220-2) 	01/06/2017 	_x86_64_	(8 CPU)

01:43:50 AM     CPU     %user     %nice   %system   %iowait    %steal     %idle
01:43:51 AM       1    100.00      0.00      0.00      0.00      0.00      0.00
01:43:52 AM       1    100.00      0.00      0.00      0.00      0.00      0.00
01:43:53 AM       1    100.00      0.00      0.00      0.00      0.00      0.00
01:43:54 AM       1    100.00      0.00      0.00      0.00      0.00      0.00
01:43:55 AM       1    100.00      0.00      0.00      0.00      0.00      0.00
01:43:56 AM       1    100.00      0.00      0.00      0.00      0.00      0.00
01:43:57 AM       1    100.00      0.00      0.00      0.00      0.00      0.00
01:43:58 AM       1    100.00      0.00      0.00      0.00      0.00      0.00
01:43:59 AM       1    100.00      0.00      0.00      0.00      0.00      0.00
01:44:00 AM       1    100.00      0.00      0.00      0.00      0.00      0.00
01:44:01 AM       1    100.00      0.00      0.00      0.00      0.00      0.00
01:44:02 AM       1    100.00      0.00      0.00      0.00      0.00      0.00
01:44:03 AM       1    100.00      0.00      0.00      0.00      0.00      0.00
01:44:04 AM       1    100.00      0.00      0.00      0.00      0.00      0.00
01:44:05 AM       1    100.00      0.00      0.00      0.00      0.00      0.00
01:44:06 AM       1    100.00      0.00      0.00      0.00      0.00      0.00
01:44:07 AM       1    100.00      0.00      0.00      0.00      0.00      0.00
01:44:08 AM       1    100.00      0.00      0.00      0.00      0.00      0.00
01:44:09 AM       1    100.00      0.00      0.00      0.00      0.00      0.00
01:44:10 AM       1    100.00      0.00      0.00      0.00      0.00      0.00
Average:          1    100.00      0.00      0.00      0.00      0.00      0.00
