Linux 3.14.33-regular (node220-2) 	01/05/2017 	_x86_64_	(8 CPU)

05:01:16 PM     CPU     %user     %nice   %system   %iowait    %steal     %idle
05:01:17 PM       1    100.00      0.00      0.00      0.00      0.00      0.00
05:01:18 PM       1    100.00      0.00      0.00      0.00      0.00      0.00
05:01:19 PM       1    100.00      0.00      0.00      0.00      0.00      0.00
05:01:20 PM       1    100.00      0.00      0.00      0.00      0.00      0.00
05:01:21 PM       1    100.00      0.00      0.00      0.00      0.00      0.00
05:01:22 PM       1    100.00      0.00      0.00      0.00      0.00      0.00
05:01:23 PM       1    100.00      0.00      0.00      0.00      0.00      0.00
05:01:24 PM       1    100.00      0.00      0.00      0.00      0.00      0.00
05:01:25 PM       1    100.00      0.00      0.00      0.00      0.00      0.00
05:01:26 PM       1    100.00      0.00      0.00      0.00      0.00      0.00
05:01:27 PM       1    100.00      0.00      0.00      0.00      0.00      0.00
05:01:28 PM       1    100.00      0.00      0.00      0.00      0.00      0.00
05:01:29 PM       1    100.00      0.00      0.00      0.00      0.00      0.00
05:01:30 PM       1    100.00      0.00      0.00      0.00      0.00      0.00
05:01:31 PM       1    100.00      0.00      0.00      0.00      0.00      0.00
05:01:32 PM       1    100.00      0.00      0.00      0.00      0.00      0.00
05:01:33 PM       1    100.00      0.00      0.00      0.00      0.00      0.00
05:01:34 PM       1    100.00      0.00      0.00      0.00      0.00      0.00
05:01:35 PM       1    100.00      0.00      0.00      0.00      0.00      0.00
05:01:36 PM       1    100.00      0.00      0.00      0.00      0.00      0.00
Average:          1    100.00      0.00      0.00      0.00      0.00      0.00
