Linux 3.14.33-regular (node220-2) 	01/05/2017 	_x86_64_	(8 CPU)

05:50:06 PM     CPU     %user     %nice   %system   %iowait    %steal     %idle
05:50:07 PM       1    100.00      0.00      0.00      0.00      0.00      0.00
05:50:08 PM       1    100.00      0.00      0.00      0.00      0.00      0.00
05:50:09 PM       1    100.00      0.00      0.00      0.00      0.00      0.00
05:50:10 PM       1    100.00      0.00      0.00      0.00      0.00      0.00
05:50:11 PM       1    100.00      0.00      0.00      0.00      0.00      0.00
05:50:12 PM       1    100.00      0.00      0.00      0.00      0.00      0.00
05:50:13 PM       1    100.00      0.00      0.00      0.00      0.00      0.00
05:50:14 PM       1    100.00      0.00      0.00      0.00      0.00      0.00
05:50:15 PM       1    100.00      0.00      0.00      0.00      0.00      0.00
05:50:16 PM       1    100.00      0.00      0.00      0.00      0.00      0.00
05:50:17 PM       1    100.00      0.00      0.00      0.00      0.00      0.00
05:50:18 PM       1    100.00      0.00      0.00      0.00      0.00      0.00
05:50:19 PM       1    100.00      0.00      0.00      0.00      0.00      0.00
05:50:20 PM       1    100.00      0.00      0.00      0.00      0.00      0.00
05:50:21 PM       1    100.00      0.00      0.00      0.00      0.00      0.00
05:50:22 PM       1    100.00      0.00      0.00      0.00      0.00      0.00
05:50:23 PM       1    100.00      0.00      0.00      0.00      0.00      0.00
05:50:24 PM       1    100.00      0.00      0.00      0.00      0.00      0.00
05:50:25 PM       1    100.00      0.00      0.00      0.00      0.00      0.00
05:50:26 PM       1    100.00      0.00      0.00      0.00      0.00      0.00
Average:          1    100.00      0.00      0.00      0.00      0.00      0.00
