Linux 3.14.33-regular (node220-2) 	01/05/2017 	_x86_64_	(8 CPU)

06:07:32 PM     CPU     %user     %nice   %system   %iowait    %steal     %idle
06:07:33 PM       1    100.00      0.00      0.00      0.00      0.00      0.00
06:07:34 PM       1    100.00      0.00      0.00      0.00      0.00      0.00
06:07:35 PM       1    100.00      0.00      0.00      0.00      0.00      0.00
06:07:36 PM       1    100.00      0.00      0.00      0.00      0.00      0.00
06:07:37 PM       1    100.00      0.00      0.00      0.00      0.00      0.00
06:07:38 PM       1    100.00      0.00      0.00      0.00      0.00      0.00
06:07:39 PM       1    100.00      0.00      0.00      0.00      0.00      0.00
06:07:40 PM       1    100.00      0.00      0.00      0.00      0.00      0.00
06:07:41 PM       1    100.00      0.00      0.00      0.00      0.00      0.00
06:07:42 PM       1    100.00      0.00      0.00      0.00      0.00      0.00
06:07:43 PM       1    100.00      0.00      0.00      0.00      0.00      0.00
06:07:44 PM       1    100.00      0.00      0.00      0.00      0.00      0.00
06:07:45 PM       1    100.00      0.00      0.00      0.00      0.00      0.00
06:07:46 PM       1    100.00      0.00      0.00      0.00      0.00      0.00
06:07:47 PM       1    100.00      0.00      0.00      0.00      0.00      0.00
06:07:48 PM       1    100.00      0.00      0.00      0.00      0.00      0.00
06:07:49 PM       1    100.00      0.00      0.00      0.00      0.00      0.00
06:07:50 PM       1    100.00      0.00      0.00      0.00      0.00      0.00
06:07:51 PM       1    100.00      0.00      0.00      0.00      0.00      0.00
06:07:52 PM       1     99.01      0.00      0.99      0.00      0.00      0.00
Average:          1     99.95      0.00      0.05      0.00      0.00      0.00
