Linux 3.14.33-regular (node220-2) 	01/05/2017 	_x86_64_	(8 CPU)

09:30:14 PM     CPU     %user     %nice   %system   %iowait    %steal     %idle
09:30:15 PM       1    100.00      0.00      0.00      0.00      0.00      0.00
09:30:16 PM       1    100.00      0.00      0.00      0.00      0.00      0.00
09:30:17 PM       1    100.00      0.00      0.00      0.00      0.00      0.00
09:30:18 PM       1    100.00      0.00      0.00      0.00      0.00      0.00
09:30:19 PM       1    100.00      0.00      0.00      0.00      0.00      0.00
09:30:20 PM       1    100.00      0.00      0.00      0.00      0.00      0.00
09:30:21 PM       1    100.00      0.00      0.00      0.00      0.00      0.00
09:30:22 PM       1    100.00      0.00      0.00      0.00      0.00      0.00
09:30:23 PM       1    100.00      0.00      0.00      0.00      0.00      0.00
09:30:24 PM       1    100.00      0.00      0.00      0.00      0.00      0.00
09:30:25 PM       1    100.00      0.00      0.00      0.00      0.00      0.00
09:30:26 PM       1    100.00      0.00      0.00      0.00      0.00      0.00
09:30:27 PM       1    100.00      0.00      0.00      0.00      0.00      0.00
09:30:28 PM       1    100.00      0.00      0.00      0.00      0.00      0.00
09:30:29 PM       1    100.00      0.00      0.00      0.00      0.00      0.00
09:30:30 PM       1    100.00      0.00      0.00      0.00      0.00      0.00
09:30:31 PM       1    100.00      0.00      0.00      0.00      0.00      0.00
09:30:32 PM       1    100.00      0.00      0.00      0.00      0.00      0.00
09:30:33 PM       1    100.00      0.00      0.00      0.00      0.00      0.00
09:30:34 PM       1    100.00      0.00      0.00      0.00      0.00      0.00
Average:          1    100.00      0.00      0.00      0.00      0.00      0.00
