Linux 3.14.33-regular (node220-2) 	01/05/2017 	_x86_64_	(8 CPU)

07:42:04 PM     CPU     %user     %nice   %system   %iowait    %steal     %idle
07:42:05 PM       1    100.00      0.00      0.00      0.00      0.00      0.00
07:42:06 PM       1    100.00      0.00      0.00      0.00      0.00      0.00
07:42:07 PM       1    100.00      0.00      0.00      0.00      0.00      0.00
07:42:08 PM       1    100.00      0.00      0.00      0.00      0.00      0.00
07:42:09 PM       1    100.00      0.00      0.00      0.00      0.00      0.00
07:42:10 PM       1    100.00      0.00      0.00      0.00      0.00      0.00
07:42:11 PM       1    100.00      0.00      0.00      0.00      0.00      0.00
07:42:12 PM       1    100.00      0.00      0.00      0.00      0.00      0.00
07:42:13 PM       1    100.00      0.00      0.00      0.00      0.00      0.00
07:42:14 PM       1    100.00      0.00      0.00      0.00      0.00      0.00
07:42:15 PM       1    100.00      0.00      0.00      0.00      0.00      0.00
07:42:16 PM       1    100.00      0.00      0.00      0.00      0.00      0.00
07:42:17 PM       1    100.00      0.00      0.00      0.00      0.00      0.00
07:42:18 PM       1    100.00      0.00      0.00      0.00      0.00      0.00
07:42:19 PM       1    100.00      0.00      0.00      0.00      0.00      0.00
07:42:20 PM       1    100.00      0.00      0.00      0.00      0.00      0.00
07:42:21 PM       1    100.00      0.00      0.00      0.00      0.00      0.00
07:42:22 PM       1    100.00      0.00      0.00      0.00      0.00      0.00
07:42:23 PM       1    100.00      0.00      0.00      0.00      0.00      0.00
07:42:24 PM       1    100.00      0.00      0.00      0.00      0.00      0.00
Average:          1    100.00      0.00      0.00      0.00      0.00      0.00
