Linux 3.14.33-regular (node220-2) 	01/05/2017 	_x86_64_	(8 CPU)

03:33:49 PM     CPU     %user     %nice   %system   %iowait    %steal     %idle
03:33:50 PM       1    100.00      0.00      0.00      0.00      0.00      0.00
03:33:51 PM       1    100.00      0.00      0.00      0.00      0.00      0.00
03:33:52 PM       1    100.00      0.00      0.00      0.00      0.00      0.00
03:33:53 PM       1    100.00      0.00      0.00      0.00      0.00      0.00
03:33:54 PM       1    100.00      0.00      0.00      0.00      0.00      0.00
03:33:55 PM       1    100.00      0.00      0.00      0.00      0.00      0.00
03:33:56 PM       1    100.00      0.00      0.00      0.00      0.00      0.00
03:33:57 PM       1    100.00      0.00      0.00      0.00      0.00      0.00
03:33:58 PM       1    100.00      0.00      0.00      0.00      0.00      0.00
03:33:59 PM       1    100.00      0.00      0.00      0.00      0.00      0.00
03:34:00 PM       1    100.00      0.00      0.00      0.00      0.00      0.00
03:34:01 PM       1    100.00      0.00      0.00      0.00      0.00      0.00
03:34:02 PM       1    100.00      0.00      0.00      0.00      0.00      0.00
03:34:03 PM       1    100.00      0.00      0.00      0.00      0.00      0.00
03:34:04 PM       1    100.00      0.00      0.00      0.00      0.00      0.00
03:34:05 PM       1    100.00      0.00      0.00      0.00      0.00      0.00
03:34:06 PM       1    100.00      0.00      0.00      0.00      0.00      0.00
03:34:07 PM       1    100.00      0.00      0.00      0.00      0.00      0.00
03:34:08 PM       1    100.00      0.00      0.00      0.00      0.00      0.00
03:34:09 PM       1    100.00      0.00      0.00      0.00      0.00      0.00
Average:          1    100.00      0.00      0.00      0.00      0.00      0.00
