Linux 3.14.33-regular (node220-2) 	01/06/2017 	_x86_64_	(8 CPU)

12:47:51 AM     CPU     %user     %nice   %system   %iowait    %steal     %idle
12:47:52 AM       1    100.00      0.00      0.00      0.00      0.00      0.00
12:47:53 AM       1    100.00      0.00      0.00      0.00      0.00      0.00
12:47:54 AM       1    100.00      0.00      0.00      0.00      0.00      0.00
12:47:55 AM       1    100.00      0.00      0.00      0.00      0.00      0.00
12:47:56 AM       1    100.00      0.00      0.00      0.00      0.00      0.00
12:47:57 AM       1    100.00      0.00      0.00      0.00      0.00      0.00
12:47:58 AM       1    100.00      0.00      0.00      0.00      0.00      0.00
12:47:59 AM       1    100.00      0.00      0.00      0.00      0.00      0.00
12:48:00 AM       1    100.00      0.00      0.00      0.00      0.00      0.00
12:48:01 AM       1    100.00      0.00      0.00      0.00      0.00      0.00
12:48:02 AM       1    100.00      0.00      0.00      0.00      0.00      0.00
12:48:03 AM       1    100.00      0.00      0.00      0.00      0.00      0.00
12:48:04 AM       1    100.00      0.00      0.00      0.00      0.00      0.00
12:48:05 AM       1    100.00      0.00      0.00      0.00      0.00      0.00
12:48:06 AM       1    100.00      0.00      0.00      0.00      0.00      0.00
12:48:07 AM       1    100.00      0.00      0.00      0.00      0.00      0.00
12:48:08 AM       1    100.00      0.00      0.00      0.00      0.00      0.00
12:48:09 AM       1    100.00      0.00      0.00      0.00      0.00      0.00
12:48:10 AM       1    100.00      0.00      0.00      0.00      0.00      0.00
12:48:11 AM       1    100.00      0.00      0.00      0.00      0.00      0.00
Average:          1    100.00      0.00      0.00      0.00      0.00      0.00
