Linux 3.14.33-regular (node220-2) 	01/05/2017 	_x86_64_	(8 CPU)

07:56:10 PM     CPU     %user     %nice   %system   %iowait    %steal     %idle
07:56:11 PM       1    100.00      0.00      0.00      0.00      0.00      0.00
07:56:12 PM       1    100.00      0.00      0.00      0.00      0.00      0.00
07:56:13 PM       1    100.00      0.00      0.00      0.00      0.00      0.00
07:56:14 PM       1    100.00      0.00      0.00      0.00      0.00      0.00
07:56:15 PM       1    100.00      0.00      0.00      0.00      0.00      0.00
07:56:16 PM       1    100.00      0.00      0.00      0.00      0.00      0.00
07:56:17 PM       1    100.00      0.00      0.00      0.00      0.00      0.00
07:56:18 PM       1    100.00      0.00      0.00      0.00      0.00      0.00
07:56:19 PM       1    100.00      0.00      0.00      0.00      0.00      0.00
07:56:20 PM       1    100.00      0.00      0.00      0.00      0.00      0.00
07:56:21 PM       1    100.00      0.00      0.00      0.00      0.00      0.00
07:56:22 PM       1    100.00      0.00      0.00      0.00      0.00      0.00
07:56:23 PM       1    100.00      0.00      0.00      0.00      0.00      0.00
07:56:24 PM       1    100.00      0.00      0.00      0.00      0.00      0.00
07:56:25 PM       1    100.00      0.00      0.00      0.00      0.00      0.00
07:56:26 PM       1    100.00      0.00      0.00      0.00      0.00      0.00
07:56:27 PM       1    100.00      0.00      0.00      0.00      0.00      0.00
07:56:28 PM       1    100.00      0.00      0.00      0.00      0.00      0.00
07:56:29 PM       1    100.00      0.00      0.00      0.00      0.00      0.00
07:56:30 PM       1    100.00      0.00      0.00      0.00      0.00      0.00
Average:          1    100.00      0.00      0.00      0.00      0.00      0.00
