Linux 3.14.33-regular (node220-2) 	01/06/2017 	_x86_64_	(8 CPU)

12:19:37 AM     CPU     %user     %nice   %system   %iowait    %steal     %idle
12:19:38 AM       1    100.00      0.00      0.00      0.00      0.00      0.00
12:19:39 AM       1    100.00      0.00      0.00      0.00      0.00      0.00
12:19:40 AM       1    100.00      0.00      0.00      0.00      0.00      0.00
12:19:41 AM       1    100.00      0.00      0.00      0.00      0.00      0.00
12:19:42 AM       1    100.00      0.00      0.00      0.00      0.00      0.00
12:19:43 AM       1    100.00      0.00      0.00      0.00      0.00      0.00
12:19:44 AM       1    100.00      0.00      0.00      0.00      0.00      0.00
12:19:45 AM       1    100.00      0.00      0.00      0.00      0.00      0.00
12:19:46 AM       1    100.00      0.00      0.00      0.00      0.00      0.00
12:19:47 AM       1    100.00      0.00      0.00      0.00      0.00      0.00
12:19:48 AM       1    100.00      0.00      0.00      0.00      0.00      0.00
12:19:49 AM       1    100.00      0.00      0.00      0.00      0.00      0.00
12:19:50 AM       1    100.00      0.00      0.00      0.00      0.00      0.00
12:19:51 AM       1    100.00      0.00      0.00      0.00      0.00      0.00
12:19:52 AM       1    100.00      0.00      0.00      0.00      0.00      0.00
12:19:53 AM       1    100.00      0.00      0.00      0.00      0.00      0.00
12:19:54 AM       1    100.00      0.00      0.00      0.00      0.00      0.00
12:19:55 AM       1    100.00      0.00      0.00      0.00      0.00      0.00
12:19:56 AM       1    100.00      0.00      0.00      0.00      0.00      0.00
12:19:57 AM       1    100.00      0.00      0.00      0.00      0.00      0.00
Average:          1    100.00      0.00      0.00      0.00      0.00      0.00
