Linux 3.14.33-regular (node220-2) 	01/05/2017 	_x86_64_	(8 CPU)

10:23:39 PM     CPU     %user     %nice   %system   %iowait    %steal     %idle
10:23:40 PM       1    100.00      0.00      0.00      0.00      0.00      0.00
10:23:41 PM       1    100.00      0.00      0.00      0.00      0.00      0.00
10:23:42 PM       1    100.00      0.00      0.00      0.00      0.00      0.00
10:23:43 PM       1    100.00      0.00      0.00      0.00      0.00      0.00
10:23:44 PM       1    100.00      0.00      0.00      0.00      0.00      0.00
10:23:45 PM       1    100.00      0.00      0.00      0.00      0.00      0.00
10:23:46 PM       1    100.00      0.00      0.00      0.00      0.00      0.00
10:23:47 PM       1    100.00      0.00      0.00      0.00      0.00      0.00
10:23:48 PM       1    100.00      0.00      0.00      0.00      0.00      0.00
10:23:49 PM       1    100.00      0.00      0.00      0.00      0.00      0.00
10:23:50 PM       1    100.00      0.00      0.00      0.00      0.00      0.00
10:23:51 PM       1    100.00      0.00      0.00      0.00      0.00      0.00
10:23:52 PM       1    100.00      0.00      0.00      0.00      0.00      0.00
10:23:53 PM       1    100.00      0.00      0.00      0.00      0.00      0.00
10:23:54 PM       1    100.00      0.00      0.00      0.00      0.00      0.00
10:23:55 PM       1    100.00      0.00      0.00      0.00      0.00      0.00
10:23:56 PM       1    100.00      0.00      0.00      0.00      0.00      0.00
10:23:57 PM       1    100.00      0.00      0.00      0.00      0.00      0.00
10:23:58 PM       1    100.00      0.00      0.00      0.00      0.00      0.00
10:23:59 PM       1    100.00      0.00      0.00      0.00      0.00      0.00
Average:          1    100.00      0.00      0.00      0.00      0.00      0.00
