Linux 3.14.33-regular (node220-2) 	01/05/2017 	_x86_64_	(8 CPU)

08:29:40 PM     CPU     %user     %nice   %system   %iowait    %steal     %idle
08:29:41 PM       1    100.00      0.00      0.00      0.00      0.00      0.00
08:29:42 PM       1    100.00      0.00      0.00      0.00      0.00      0.00
08:29:43 PM       1    100.00      0.00      0.00      0.00      0.00      0.00
08:29:44 PM       1    100.00      0.00      0.00      0.00      0.00      0.00
08:29:45 PM       1    100.00      0.00      0.00      0.00      0.00      0.00
08:29:46 PM       1    100.00      0.00      0.00      0.00      0.00      0.00
08:29:47 PM       1    100.00      0.00      0.00      0.00      0.00      0.00
08:29:48 PM       1    100.00      0.00      0.00      0.00      0.00      0.00
08:29:49 PM       1    100.00      0.00      0.00      0.00      0.00      0.00
08:29:50 PM       1    100.00      0.00      0.00      0.00      0.00      0.00
08:29:51 PM       1    100.00      0.00      0.00      0.00      0.00      0.00
08:29:52 PM       1    100.00      0.00      0.00      0.00      0.00      0.00
08:29:53 PM       1    100.00      0.00      0.00      0.00      0.00      0.00
08:29:54 PM       1    100.00      0.00      0.00      0.00      0.00      0.00
08:29:55 PM       1    100.00      0.00      0.00      0.00      0.00      0.00
08:29:56 PM       1    100.00      0.00      0.00      0.00      0.00      0.00
08:29:57 PM       1    100.00      0.00      0.00      0.00      0.00      0.00
08:29:58 PM       1    100.00      0.00      0.00      0.00      0.00      0.00
08:29:59 PM       1    100.00      0.00      0.00      0.00      0.00      0.00
08:30:00 PM       1    100.00      0.00      0.00      0.00      0.00      0.00
Average:          1    100.00      0.00      0.00      0.00      0.00      0.00
