Linux 3.14.33-regular (node220-2) 	01/05/2017 	_x86_64_	(8 CPU)

10:30:44 PM     CPU     %user     %nice   %system   %iowait    %steal     %idle
10:30:45 PM       1    100.00      0.00      0.00      0.00      0.00      0.00
10:30:46 PM       1    100.00      0.00      0.00      0.00      0.00      0.00
10:30:47 PM       1    100.00      0.00      0.00      0.00      0.00      0.00
10:30:48 PM       1    100.00      0.00      0.00      0.00      0.00      0.00
10:30:49 PM       1    100.00      0.00      0.00      0.00      0.00      0.00
10:30:50 PM       1    100.00      0.00      0.00      0.00      0.00      0.00
10:30:51 PM       1    100.00      0.00      0.00      0.00      0.00      0.00
10:30:52 PM       1    100.00      0.00      0.00      0.00      0.00      0.00
10:30:53 PM       1    100.00      0.00      0.00      0.00      0.00      0.00
10:30:54 PM       1    100.00      0.00      0.00      0.00      0.00      0.00
10:30:55 PM       1    100.00      0.00      0.00      0.00      0.00      0.00
10:30:56 PM       1    100.00      0.00      0.00      0.00      0.00      0.00
10:30:57 PM       1    100.00      0.00      0.00      0.00      0.00      0.00
10:30:58 PM       1    100.00      0.00      0.00      0.00      0.00      0.00
10:30:59 PM       1    100.00      0.00      0.00      0.00      0.00      0.00
10:31:00 PM       1    100.00      0.00      0.00      0.00      0.00      0.00
10:31:01 PM       1    100.00      0.00      0.00      0.00      0.00      0.00
10:31:02 PM       1    100.00      0.00      0.00      0.00      0.00      0.00
10:31:03 PM       1    100.00      0.00      0.00      0.00      0.00      0.00
10:31:04 PM       1    100.00      0.00      0.00      0.00      0.00      0.00
Average:          1    100.00      0.00      0.00      0.00      0.00      0.00
