Linux 3.14.33-regular (node220-2) 	01/05/2017 	_x86_64_	(8 CPU)

04:47:09 PM     CPU     %user     %nice   %system   %iowait    %steal     %idle
04:47:10 PM       1    100.00      0.00      0.00      0.00      0.00      0.00
04:47:11 PM       1    100.00      0.00      0.00      0.00      0.00      0.00
04:47:12 PM       1    100.00      0.00      0.00      0.00      0.00      0.00
04:47:13 PM       1    100.00      0.00      0.00      0.00      0.00      0.00
04:47:14 PM       1    100.00      0.00      0.00      0.00      0.00      0.00
04:47:15 PM       1    100.00      0.00      0.00      0.00      0.00      0.00
04:47:16 PM       1    100.00      0.00      0.00      0.00      0.00      0.00
04:47:17 PM       1    100.00      0.00      0.00      0.00      0.00      0.00
04:47:18 PM       1    100.00      0.00      0.00      0.00      0.00      0.00
04:47:19 PM       1    100.00      0.00      0.00      0.00      0.00      0.00
04:47:20 PM       1    100.00      0.00      0.00      0.00      0.00      0.00
04:47:21 PM       1    100.00      0.00      0.00      0.00      0.00      0.00
04:47:22 PM       1    100.00      0.00      0.00      0.00      0.00      0.00
04:47:23 PM       1    100.00      0.00      0.00      0.00      0.00      0.00
04:47:24 PM       1    100.00      0.00      0.00      0.00      0.00      0.00
04:47:25 PM       1    100.00      0.00      0.00      0.00      0.00      0.00
04:47:26 PM       1    100.00      0.00      0.00      0.00      0.00      0.00
04:47:27 PM       1    100.00      0.00      0.00      0.00      0.00      0.00
04:47:28 PM       1    100.00      0.00      0.00      0.00      0.00      0.00
04:47:29 PM       1    100.00      0.00      0.00      0.00      0.00      0.00
Average:          1    100.00      0.00      0.00      0.00      0.00      0.00
