Linux 3.14.33-regular (node220-2) 	01/05/2017 	_x86_64_	(8 CPU)

07:49:05 PM     CPU     %user     %nice   %system   %iowait    %steal     %idle
07:49:06 PM       1    100.00      0.00      0.00      0.00      0.00      0.00
07:49:07 PM       1    100.00      0.00      0.00      0.00      0.00      0.00
07:49:08 PM       1    100.00      0.00      0.00      0.00      0.00      0.00
07:49:09 PM       1    100.00      0.00      0.00      0.00      0.00      0.00
07:49:10 PM       1    100.00      0.00      0.00      0.00      0.00      0.00
07:49:11 PM       1    100.00      0.00      0.00      0.00      0.00      0.00
07:49:12 PM       1    100.00      0.00      0.00      0.00      0.00      0.00
07:49:13 PM       1    100.00      0.00      0.00      0.00      0.00      0.00
07:49:14 PM       1    100.00      0.00      0.00      0.00      0.00      0.00
07:49:15 PM       1    100.00      0.00      0.00      0.00      0.00      0.00
07:49:16 PM       1    100.00      0.00      0.00      0.00      0.00      0.00
07:49:17 PM       1    100.00      0.00      0.00      0.00      0.00      0.00
07:49:18 PM       1    100.00      0.00      0.00      0.00      0.00      0.00
07:49:19 PM       1    100.00      0.00      0.00      0.00      0.00      0.00
07:49:20 PM       1    100.00      0.00      0.00      0.00      0.00      0.00
07:49:21 PM       1    100.00      0.00      0.00      0.00      0.00      0.00
07:49:22 PM       1    100.00      0.00      0.00      0.00      0.00      0.00
07:49:23 PM       1    100.00      0.00      0.00      0.00      0.00      0.00
07:49:24 PM       1    100.00      0.00      0.00      0.00      0.00      0.00
07:49:25 PM       1    100.00      0.00      0.00      0.00      0.00      0.00
Average:          1    100.00      0.00      0.00      0.00      0.00      0.00
