Linux 3.14.33-regular (node220-2) 	01/05/2017 	_x86_64_	(8 CPU)

05:07:03 PM     CPU     %user     %nice   %system   %iowait    %steal     %idle
05:07:04 PM       1    100.00      0.00      0.00      0.00      0.00      0.00
05:07:05 PM       1    100.00      0.00      0.00      0.00      0.00      0.00
05:07:06 PM       1    100.00      0.00      0.00      0.00      0.00      0.00
05:07:07 PM       1    100.00      0.00      0.00      0.00      0.00      0.00
05:07:08 PM       1    100.00      0.00      0.00      0.00      0.00      0.00
05:07:09 PM       1    100.00      0.00      0.00      0.00      0.00      0.00
05:07:10 PM       1    100.00      0.00      0.00      0.00      0.00      0.00
05:07:11 PM       1    100.00      0.00      0.00      0.00      0.00      0.00
05:07:12 PM       1    100.00      0.00      0.00      0.00      0.00      0.00
05:07:13 PM       1    100.00      0.00      0.00      0.00      0.00      0.00
05:07:14 PM       1    100.00      0.00      0.00      0.00      0.00      0.00
05:07:15 PM       1    100.00      0.00      0.00      0.00      0.00      0.00
05:07:16 PM       1    100.00      0.00      0.00      0.00      0.00      0.00
05:07:17 PM       1    100.00      0.00      0.00      0.00      0.00      0.00
05:07:18 PM       1    100.00      0.00      0.00      0.00      0.00      0.00
05:07:19 PM       1    100.00      0.00      0.00      0.00      0.00      0.00
05:07:20 PM       1    100.00      0.00      0.00      0.00      0.00      0.00
05:07:21 PM       1    100.00      0.00      0.00      0.00      0.00      0.00
05:07:22 PM       1    100.00      0.00      0.00      0.00      0.00      0.00
05:07:23 PM       1    100.00      0.00      0.00      0.00      0.00      0.00
Average:          1    100.00      0.00      0.00      0.00      0.00      0.00
