Linux 3.14.33-regular (node220-2) 	01/05/2017 	_x86_64_	(8 CPU)

08:54:07 PM     CPU     %user     %nice   %system   %iowait    %steal     %idle
08:54:08 PM       1    100.00      0.00      0.00      0.00      0.00      0.00
08:54:09 PM       1    100.00      0.00      0.00      0.00      0.00      0.00
08:54:10 PM       1    100.00      0.00      0.00      0.00      0.00      0.00
08:54:11 PM       1    100.00      0.00      0.00      0.00      0.00      0.00
08:54:12 PM       1    100.00      0.00      0.00      0.00      0.00      0.00
08:54:13 PM       1    100.00      0.00      0.00      0.00      0.00      0.00
08:54:14 PM       1    100.00      0.00      0.00      0.00      0.00      0.00
08:54:15 PM       1    100.00      0.00      0.00      0.00      0.00      0.00
08:54:16 PM       1    100.00      0.00      0.00      0.00      0.00      0.00
08:54:17 PM       1    100.00      0.00      0.00      0.00      0.00      0.00
08:54:18 PM       1    100.00      0.00      0.00      0.00      0.00      0.00
08:54:19 PM       1    100.00      0.00      0.00      0.00      0.00      0.00
08:54:20 PM       1    100.00      0.00      0.00      0.00      0.00      0.00
08:54:21 PM       1    100.00      0.00      0.00      0.00      0.00      0.00
08:54:22 PM       1    100.00      0.00      0.00      0.00      0.00      0.00
08:54:23 PM       1    100.00      0.00      0.00      0.00      0.00      0.00
08:54:24 PM       1    100.00      0.00      0.00      0.00      0.00      0.00
08:54:25 PM       1    100.00      0.00      0.00      0.00      0.00      0.00
08:54:26 PM       1    100.00      0.00      0.00      0.00      0.00      0.00
08:54:27 PM       1    100.00      0.00      0.00      0.00      0.00      0.00
Average:          1    100.00      0.00      0.00      0.00      0.00      0.00
