Linux 3.14.33-regular (node220-2) 	01/05/2017 	_x86_64_	(8 CPU)

03:59:28 PM     CPU     %user     %nice   %system   %iowait    %steal     %idle
03:59:29 PM       1    100.00      0.00      0.00      0.00      0.00      0.00
03:59:30 PM       1    100.00      0.00      0.00      0.00      0.00      0.00
03:59:31 PM       1    100.00      0.00      0.00      0.00      0.00      0.00
03:59:32 PM       1    100.00      0.00      0.00      0.00      0.00      0.00
03:59:33 PM       1    100.00      0.00      0.00      0.00      0.00      0.00
03:59:34 PM       1    100.00      0.00      0.00      0.00      0.00      0.00
03:59:35 PM       1    100.00      0.00      0.00      0.00      0.00      0.00
03:59:36 PM       1    100.00      0.00      0.00      0.00      0.00      0.00
03:59:37 PM       1    100.00      0.00      0.00      0.00      0.00      0.00
03:59:38 PM       1    100.00      0.00      0.00      0.00      0.00      0.00
03:59:39 PM       1    100.00      0.00      0.00      0.00      0.00      0.00
03:59:40 PM       1    100.00      0.00      0.00      0.00      0.00      0.00
03:59:41 PM       1    100.00      0.00      0.00      0.00      0.00      0.00
03:59:42 PM       1    100.00      0.00      0.00      0.00      0.00      0.00
03:59:43 PM       1    100.00      0.00      0.00      0.00      0.00      0.00
03:59:44 PM       1    100.00      0.00      0.00      0.00      0.00      0.00
03:59:45 PM       1    100.00      0.00      0.00      0.00      0.00      0.00
03:59:46 PM       1    100.00      0.00      0.00      0.00      0.00      0.00
03:59:47 PM       1    100.00      0.00      0.00      0.00      0.00      0.00
03:59:48 PM       1    100.00      0.00      0.00      0.00      0.00      0.00
Average:          1    100.00      0.00      0.00      0.00      0.00      0.00
