Linux 3.14.33-regular (node220-2) 	01/05/2017 	_x86_64_	(8 CPU)

03:56:54 PM     CPU     %user     %nice   %system   %iowait    %steal     %idle
03:56:55 PM       1    100.00      0.00      0.00      0.00      0.00      0.00
03:56:56 PM       1    100.00      0.00      0.00      0.00      0.00      0.00
03:56:57 PM       1    100.00      0.00      0.00      0.00      0.00      0.00
03:56:58 PM       1    100.00      0.00      0.00      0.00      0.00      0.00
03:56:59 PM       1    100.00      0.00      0.00      0.00      0.00      0.00
03:57:00 PM       1    100.00      0.00      0.00      0.00      0.00      0.00
03:57:01 PM       1    100.00      0.00      0.00      0.00      0.00      0.00
03:57:02 PM       1    100.00      0.00      0.00      0.00      0.00      0.00
03:57:03 PM       1    100.00      0.00      0.00      0.00      0.00      0.00
03:57:04 PM       1    100.00      0.00      0.00      0.00      0.00      0.00
03:57:05 PM       1    100.00      0.00      0.00      0.00      0.00      0.00
03:57:06 PM       1    100.00      0.00      0.00      0.00      0.00      0.00
03:57:07 PM       1    100.00      0.00      0.00      0.00      0.00      0.00
03:57:08 PM       1    100.00      0.00      0.00      0.00      0.00      0.00
03:57:09 PM       1    100.00      0.00      0.00      0.00      0.00      0.00
03:57:10 PM       1    100.00      0.00      0.00      0.00      0.00      0.00
03:57:11 PM       1    100.00      0.00      0.00      0.00      0.00      0.00
03:57:12 PM       1    100.00      0.00      0.00      0.00      0.00      0.00
03:57:13 PM       1    100.00      0.00      0.00      0.00      0.00      0.00
03:57:14 PM       1    100.00      0.00      0.00      0.00      0.00      0.00
Average:          1    100.00      0.00      0.00      0.00      0.00      0.00
