Linux 3.14.33-regular (node220-2) 	01/05/2017 	_x86_64_	(8 CPU)

09:49:32 PM     CPU     %user     %nice   %system   %iowait    %steal     %idle
09:49:33 PM       1    100.00      0.00      0.00      0.00      0.00      0.00
09:49:34 PM       1    100.00      0.00      0.00      0.00      0.00      0.00
09:49:35 PM       1    100.00      0.00      0.00      0.00      0.00      0.00
09:49:36 PM       1    100.00      0.00      0.00      0.00      0.00      0.00
09:49:37 PM       1    100.00      0.00      0.00      0.00      0.00      0.00
09:49:38 PM       1    100.00      0.00      0.00      0.00      0.00      0.00
09:49:39 PM       1    100.00      0.00      0.00      0.00      0.00      0.00
09:49:40 PM       1    100.00      0.00      0.00      0.00      0.00      0.00
09:49:41 PM       1    100.00      0.00      0.00      0.00      0.00      0.00
09:49:42 PM       1    100.00      0.00      0.00      0.00      0.00      0.00
09:49:43 PM       1    100.00      0.00      0.00      0.00      0.00      0.00
09:49:44 PM       1    100.00      0.00      0.00      0.00      0.00      0.00
09:49:45 PM       1    100.00      0.00      0.00      0.00      0.00      0.00
09:49:46 PM       1    100.00      0.00      0.00      0.00      0.00      0.00
09:49:47 PM       1    100.00      0.00      0.00      0.00      0.00      0.00
09:49:48 PM       1    100.00      0.00      0.00      0.00      0.00      0.00
09:49:49 PM       1    100.00      0.00      0.00      0.00      0.00      0.00
09:49:50 PM       1    100.00      0.00      0.00      0.00      0.00      0.00
09:49:51 PM       1    100.00      0.00      0.00      0.00      0.00      0.00
09:49:52 PM       1    100.00      0.00      0.00      0.00      0.00      0.00
Average:          1    100.00      0.00      0.00      0.00      0.00      0.00
