Linux 3.14.33-regular (node220-2) 	01/05/2017 	_x86_64_	(8 CPU)

06:52:30 PM     CPU     %user     %nice   %system   %iowait    %steal     %idle
06:52:31 PM       1    100.00      0.00      0.00      0.00      0.00      0.00
06:52:32 PM       1    100.00      0.00      0.00      0.00      0.00      0.00
06:52:33 PM       1    100.00      0.00      0.00      0.00      0.00      0.00
06:52:34 PM       1    100.00      0.00      0.00      0.00      0.00      0.00
06:52:35 PM       1    100.00      0.00      0.00      0.00      0.00      0.00
06:52:36 PM       1    100.00      0.00      0.00      0.00      0.00      0.00
06:52:37 PM       1    100.00      0.00      0.00      0.00      0.00      0.00
06:52:38 PM       1    100.00      0.00      0.00      0.00      0.00      0.00
06:52:39 PM       1    100.00      0.00      0.00      0.00      0.00      0.00
06:52:40 PM       1    100.00      0.00      0.00      0.00      0.00      0.00
06:52:41 PM       1    100.00      0.00      0.00      0.00      0.00      0.00
06:52:42 PM       1    100.00      0.00      0.00      0.00      0.00      0.00
06:52:43 PM       1    100.00      0.00      0.00      0.00      0.00      0.00
06:52:44 PM       1    100.00      0.00      0.00      0.00      0.00      0.00
06:52:45 PM       1    100.00      0.00      0.00      0.00      0.00      0.00
06:52:46 PM       1    100.00      0.00      0.00      0.00      0.00      0.00
06:52:47 PM       1    100.00      0.00      0.00      0.00      0.00      0.00
06:52:48 PM       1    100.00      0.00      0.00      0.00      0.00      0.00
06:52:49 PM       1    100.00      0.00      0.00      0.00      0.00      0.00
06:52:50 PM       1    100.00      0.00      0.00      0.00      0.00      0.00
Average:          1    100.00      0.00      0.00      0.00      0.00      0.00
