Linux 3.14.33-regular (node220-2) 	01/06/2017 	_x86_64_	(8 CPU)

01:41:55 AM     CPU     %user     %nice   %system   %iowait    %steal     %idle
01:41:56 AM       1    100.00      0.00      0.00      0.00      0.00      0.00
01:41:57 AM       1    100.00      0.00      0.00      0.00      0.00      0.00
01:41:58 AM       1    100.00      0.00      0.00      0.00      0.00      0.00
01:41:59 AM       1    100.00      0.00      0.00      0.00      0.00      0.00
01:42:00 AM       1    100.00      0.00      0.00      0.00      0.00      0.00
01:42:01 AM       1    100.00      0.00      0.00      0.00      0.00      0.00
01:42:02 AM       1    100.00      0.00      0.00      0.00      0.00      0.00
01:42:03 AM       1    100.00      0.00      0.00      0.00      0.00      0.00
01:42:04 AM       1    100.00      0.00      0.00      0.00      0.00      0.00
01:42:05 AM       1    100.00      0.00      0.00      0.00      0.00      0.00
01:42:06 AM       1    100.00      0.00      0.00      0.00      0.00      0.00
01:42:07 AM       1    100.00      0.00      0.00      0.00      0.00      0.00
01:42:08 AM       1    100.00      0.00      0.00      0.00      0.00      0.00
01:42:09 AM       1    100.00      0.00      0.00      0.00      0.00      0.00
01:42:10 AM       1    100.00      0.00      0.00      0.00      0.00      0.00
01:42:11 AM       1    100.00      0.00      0.00      0.00      0.00      0.00
01:42:12 AM       1    100.00      0.00      0.00      0.00      0.00      0.00
01:42:13 AM       1    100.00      0.00      0.00      0.00      0.00      0.00
01:42:14 AM       1    100.00      0.00      0.00      0.00      0.00      0.00
01:42:15 AM       1    100.00      0.00      0.00      0.00      0.00      0.00
Average:          1    100.00      0.00      0.00      0.00      0.00      0.00
