Linux 3.14.33-regular (node220-2) 	01/05/2017 	_x86_64_	(8 CPU)

07:06:40 PM     CPU     %user     %nice   %system   %iowait    %steal     %idle
07:06:41 PM       1    100.00      0.00      0.00      0.00      0.00      0.00
07:06:42 PM       1    100.00      0.00      0.00      0.00      0.00      0.00
07:06:43 PM       1    100.00      0.00      0.00      0.00      0.00      0.00
07:06:44 PM       1    100.00      0.00      0.00      0.00      0.00      0.00
07:06:45 PM       1    100.00      0.00      0.00      0.00      0.00      0.00
07:06:46 PM       1    100.00      0.00      0.00      0.00      0.00      0.00
07:06:47 PM       1    100.00      0.00      0.00      0.00      0.00      0.00
07:06:48 PM       1    100.00      0.00      0.00      0.00      0.00      0.00
07:06:49 PM       1    100.00      0.00      0.00      0.00      0.00      0.00
07:06:50 PM       1    100.00      0.00      0.00      0.00      0.00      0.00
07:06:51 PM       1    100.00      0.00      0.00      0.00      0.00      0.00
07:06:52 PM       1    100.00      0.00      0.00      0.00      0.00      0.00
07:06:53 PM       1    100.00      0.00      0.00      0.00      0.00      0.00
07:06:54 PM       1    100.00      0.00      0.00      0.00      0.00      0.00
07:06:55 PM       1    100.00      0.00      0.00      0.00      0.00      0.00
07:06:56 PM       1    100.00      0.00      0.00      0.00      0.00      0.00
07:06:57 PM       1    100.00      0.00      0.00      0.00      0.00      0.00
07:06:58 PM       1    100.00      0.00      0.00      0.00      0.00      0.00
07:06:59 PM       1    100.00      0.00      0.00      0.00      0.00      0.00
07:07:00 PM       1    100.00      0.00      0.00      0.00      0.00      0.00
Average:          1    100.00      0.00      0.00      0.00      0.00      0.00
