Linux 3.14.33-regular (node220-2) 	01/05/2017 	_x86_64_	(8 CPU)

08:34:49 PM     CPU     %user     %nice   %system   %iowait    %steal     %idle
08:34:50 PM       1    100.00      0.00      0.00      0.00      0.00      0.00
08:34:51 PM       1    100.00      0.00      0.00      0.00      0.00      0.00
08:34:52 PM       1    100.00      0.00      0.00      0.00      0.00      0.00
08:34:53 PM       1    100.00      0.00      0.00      0.00      0.00      0.00
08:34:54 PM       1    100.00      0.00      0.00      0.00      0.00      0.00
08:34:55 PM       1    100.00      0.00      0.00      0.00      0.00      0.00
08:34:56 PM       1    100.00      0.00      0.00      0.00      0.00      0.00
08:34:57 PM       1    100.00      0.00      0.00      0.00      0.00      0.00
08:34:58 PM       1    100.00      0.00      0.00      0.00      0.00      0.00
08:34:59 PM       1    100.00      0.00      0.00      0.00      0.00      0.00
08:35:00 PM       1    100.00      0.00      0.00      0.00      0.00      0.00
08:35:01 PM       1    100.00      0.00      0.00      0.00      0.00      0.00
08:35:02 PM       1    100.00      0.00      0.00      0.00      0.00      0.00
08:35:03 PM       1    100.00      0.00      0.00      0.00      0.00      0.00
08:35:04 PM       1    100.00      0.00      0.00      0.00      0.00      0.00
08:35:05 PM       1    100.00      0.00      0.00      0.00      0.00      0.00
08:35:06 PM       1    100.00      0.00      0.00      0.00      0.00      0.00
08:35:07 PM       1    100.00      0.00      0.00      0.00      0.00      0.00
08:35:08 PM       1    100.00      0.00      0.00      0.00      0.00      0.00
08:35:09 PM       1    100.00      0.00      0.00      0.00      0.00      0.00
Average:          1    100.00      0.00      0.00      0.00      0.00      0.00
