Linux 3.14.33-regular (node220-2) 	01/05/2017 	_x86_64_	(8 CPU)

03:38:19 PM     CPU     %user     %nice   %system   %iowait    %steal     %idle
03:38:20 PM       1    100.00      0.00      0.00      0.00      0.00      0.00
03:38:21 PM       1    100.00      0.00      0.00      0.00      0.00      0.00
03:38:22 PM       1    100.00      0.00      0.00      0.00      0.00      0.00
03:38:23 PM       1    100.00      0.00      0.00      0.00      0.00      0.00
03:38:24 PM       1    100.00      0.00      0.00      0.00      0.00      0.00
03:38:25 PM       1    100.00      0.00      0.00      0.00      0.00      0.00
03:38:26 PM       1    100.00      0.00      0.00      0.00      0.00      0.00
03:38:27 PM       1    100.00      0.00      0.00      0.00      0.00      0.00
03:38:28 PM       1    100.00      0.00      0.00      0.00      0.00      0.00
03:38:29 PM       1    100.00      0.00      0.00      0.00      0.00      0.00
03:38:30 PM       1    100.00      0.00      0.00      0.00      0.00      0.00
03:38:31 PM       1    100.00      0.00      0.00      0.00      0.00      0.00
03:38:32 PM       1    100.00      0.00      0.00      0.00      0.00      0.00
03:38:33 PM       1    100.00      0.00      0.00      0.00      0.00      0.00
03:38:34 PM       1    100.00      0.00      0.00      0.00      0.00      0.00
03:38:35 PM       1    100.00      0.00      0.00      0.00      0.00      0.00
03:38:36 PM       1    100.00      0.00      0.00      0.00      0.00      0.00
03:38:37 PM       1    100.00      0.00      0.00      0.00      0.00      0.00
03:38:38 PM       1    100.00      0.00      0.00      0.00      0.00      0.00
03:38:39 PM       1    100.00      0.00      0.00      0.00      0.00      0.00
Average:          1    100.00      0.00      0.00      0.00      0.00      0.00
