Linux 3.14.33-regular (node220-2) 	01/05/2017 	_x86_64_	(8 CPU)

11:18:20 PM     CPU     %user     %nice   %system   %iowait    %steal     %idle
11:18:21 PM       1    100.00      0.00      0.00      0.00      0.00      0.00
11:18:22 PM       1    100.00      0.00      0.00      0.00      0.00      0.00
11:18:23 PM       1    100.00      0.00      0.00      0.00      0.00      0.00
11:18:24 PM       1    100.00      0.00      0.00      0.00      0.00      0.00
11:18:25 PM       1    100.00      0.00      0.00      0.00      0.00      0.00
11:18:26 PM       1    100.00      0.00      0.00      0.00      0.00      0.00
11:18:27 PM       1    100.00      0.00      0.00      0.00      0.00      0.00
11:18:28 PM       1    100.00      0.00      0.00      0.00      0.00      0.00
11:18:29 PM       1    100.00      0.00      0.00      0.00      0.00      0.00
11:18:30 PM       1    100.00      0.00      0.00      0.00      0.00      0.00
11:18:31 PM       1    100.00      0.00      0.00      0.00      0.00      0.00
11:18:32 PM       1    100.00      0.00      0.00      0.00      0.00      0.00
11:18:33 PM       1    100.00      0.00      0.00      0.00      0.00      0.00
11:18:34 PM       1    100.00      0.00      0.00      0.00      0.00      0.00
11:18:35 PM       1    100.00      0.00      0.00      0.00      0.00      0.00
11:18:36 PM       1    100.00      0.00      0.00      0.00      0.00      0.00
11:18:37 PM       1    100.00      0.00      0.00      0.00      0.00      0.00
11:18:38 PM       1    100.00      0.00      0.00      0.00      0.00      0.00
11:18:39 PM       1    100.00      0.00      0.00      0.00      0.00      0.00
11:18:40 PM       1    100.00      0.00      0.00      0.00      0.00      0.00
Average:          1    100.00      0.00      0.00      0.00      0.00      0.00
