Linux 3.14.33-regular (node220-2) 	01/05/2017 	_x86_64_	(8 CPU)

11:15:46 PM     CPU     %user     %nice   %system   %iowait    %steal     %idle
11:15:47 PM       1    100.00      0.00      0.00      0.00      0.00      0.00
11:15:48 PM       1    100.00      0.00      0.00      0.00      0.00      0.00
11:15:49 PM       1    100.00      0.00      0.00      0.00      0.00      0.00
11:15:50 PM       1    100.00      0.00      0.00      0.00      0.00      0.00
11:15:51 PM       1    100.00      0.00      0.00      0.00      0.00      0.00
11:15:52 PM       1    100.00      0.00      0.00      0.00      0.00      0.00
11:15:53 PM       1    100.00      0.00      0.00      0.00      0.00      0.00
11:15:54 PM       1    100.00      0.00      0.00      0.00      0.00      0.00
11:15:55 PM       1    100.00      0.00      0.00      0.00      0.00      0.00
11:15:56 PM       1    100.00      0.00      0.00      0.00      0.00      0.00
11:15:57 PM       1    100.00      0.00      0.00      0.00      0.00      0.00
11:15:58 PM       1    100.00      0.00      0.00      0.00      0.00      0.00
11:15:59 PM       1    100.00      0.00      0.00      0.00      0.00      0.00
11:16:00 PM       1    100.00      0.00      0.00      0.00      0.00      0.00
11:16:01 PM       1    100.00      0.00      0.00      0.00      0.00      0.00
11:16:02 PM       1    100.00      0.00      0.00      0.00      0.00      0.00
11:16:03 PM       1    100.00      0.00      0.00      0.00      0.00      0.00
11:16:04 PM       1    100.00      0.00      0.00      0.00      0.00      0.00
11:16:05 PM       1    100.00      0.00      0.00      0.00      0.00      0.00
11:16:06 PM       1    100.00      0.00      0.00      0.00      0.00      0.00
Average:          1    100.00      0.00      0.00      0.00      0.00      0.00
