Linux 3.14.33-regular (node220-2) 	01/05/2017 	_x86_64_	(8 CPU)

10:51:23 PM     CPU     %user     %nice   %system   %iowait    %steal     %idle
10:51:24 PM       1    100.00      0.00      0.00      0.00      0.00      0.00
10:51:25 PM       1    100.00      0.00      0.00      0.00      0.00      0.00
10:51:26 PM       1    100.00      0.00      0.00      0.00      0.00      0.00
10:51:27 PM       1    100.00      0.00      0.00      0.00      0.00      0.00
10:51:28 PM       1    100.00      0.00      0.00      0.00      0.00      0.00
10:51:29 PM       1    100.00      0.00      0.00      0.00      0.00      0.00
10:51:30 PM       1    100.00      0.00      0.00      0.00      0.00      0.00
10:51:31 PM       1    100.00      0.00      0.00      0.00      0.00      0.00
10:51:32 PM       1    100.00      0.00      0.00      0.00      0.00      0.00
10:51:33 PM       1    100.00      0.00      0.00      0.00      0.00      0.00
10:51:34 PM       1    100.00      0.00      0.00      0.00      0.00      0.00
10:51:35 PM       1    100.00      0.00      0.00      0.00      0.00      0.00
10:51:36 PM       1    100.00      0.00      0.00      0.00      0.00      0.00
10:51:37 PM       1    100.00      0.00      0.00      0.00      0.00      0.00
10:51:38 PM       1    100.00      0.00      0.00      0.00      0.00      0.00
10:51:39 PM       1    100.00      0.00      0.00      0.00      0.00      0.00
10:51:40 PM       1    100.00      0.00      0.00      0.00      0.00      0.00
10:51:41 PM       1    100.00      0.00      0.00      0.00      0.00      0.00
10:51:42 PM       1    100.00      0.00      0.00      0.00      0.00      0.00
10:51:43 PM       1    100.00      0.00      0.00      0.00      0.00      0.00
Average:          1    100.00      0.00      0.00      0.00      0.00      0.00
