Linux 3.14.33-regular (node220-2) 	01/05/2017 	_x86_64_	(8 CPU)

03:52:25 PM     CPU     %user     %nice   %system   %iowait    %steal     %idle
03:52:26 PM       1    100.00      0.00      0.00      0.00      0.00      0.00
03:52:27 PM       1    100.00      0.00      0.00      0.00      0.00      0.00
03:52:28 PM       1    100.00      0.00      0.00      0.00      0.00      0.00
03:52:29 PM       1    100.00      0.00      0.00      0.00      0.00      0.00
03:52:30 PM       1    100.00      0.00      0.00      0.00      0.00      0.00
03:52:31 PM       1    100.00      0.00      0.00      0.00      0.00      0.00
03:52:32 PM       1    100.00      0.00      0.00      0.00      0.00      0.00
03:52:33 PM       1    100.00      0.00      0.00      0.00      0.00      0.00
03:52:34 PM       1    100.00      0.00      0.00      0.00      0.00      0.00
03:52:35 PM       1    100.00      0.00      0.00      0.00      0.00      0.00
03:52:36 PM       1    100.00      0.00      0.00      0.00      0.00      0.00
03:52:37 PM       1    100.00      0.00      0.00      0.00      0.00      0.00
03:52:38 PM       1    100.00      0.00      0.00      0.00      0.00      0.00
03:52:39 PM       1    100.00      0.00      0.00      0.00      0.00      0.00
03:52:40 PM       1    100.00      0.00      0.00      0.00      0.00      0.00
03:52:41 PM       1    100.00      0.00      0.00      0.00      0.00      0.00
03:52:42 PM       1    100.00      0.00      0.00      0.00      0.00      0.00
03:52:43 PM       1    100.00      0.00      0.00      0.00      0.00      0.00
03:52:44 PM       1    100.00      0.00      0.00      0.00      0.00      0.00
03:52:45 PM       1    100.00      0.00      0.00      0.00      0.00      0.00
Average:          1    100.00      0.00      0.00      0.00      0.00      0.00
