Linux 3.14.33-regular (node220-2) 	01/05/2017 	_x86_64_	(8 CPU)

10:48:48 PM     CPU     %user     %nice   %system   %iowait    %steal     %idle
10:48:49 PM       1    100.00      0.00      0.00      0.00      0.00      0.00
10:48:50 PM       1    100.00      0.00      0.00      0.00      0.00      0.00
10:48:51 PM       1    100.00      0.00      0.00      0.00      0.00      0.00
10:48:52 PM       1    100.00      0.00      0.00      0.00      0.00      0.00
10:48:53 PM       1    100.00      0.00      0.00      0.00      0.00      0.00
10:48:54 PM       1    100.00      0.00      0.00      0.00      0.00      0.00
10:48:55 PM       1    100.00      0.00      0.00      0.00      0.00      0.00
10:48:56 PM       1    100.00      0.00      0.00      0.00      0.00      0.00
10:48:57 PM       1    100.00      0.00      0.00      0.00      0.00      0.00
10:48:58 PM       1    100.00      0.00      0.00      0.00      0.00      0.00
10:48:59 PM       1    100.00      0.00      0.00      0.00      0.00      0.00
10:49:00 PM       1    100.00      0.00      0.00      0.00      0.00      0.00
10:49:01 PM       1    100.00      0.00      0.00      0.00      0.00      0.00
10:49:02 PM       1    100.00      0.00      0.00      0.00      0.00      0.00
10:49:03 PM       1    100.00      0.00      0.00      0.00      0.00      0.00
10:49:04 PM       1    100.00      0.00      0.00      0.00      0.00      0.00
10:49:05 PM       1    100.00      0.00      0.00      0.00      0.00      0.00
10:49:06 PM       1    100.00      0.00      0.00      0.00      0.00      0.00
10:49:07 PM       1    100.00      0.00      0.00      0.00      0.00      0.00
10:49:08 PM       1    100.00      0.00      0.00      0.00      0.00      0.00
Average:          1    100.00      0.00      0.00      0.00      0.00      0.00
