Linux 3.14.33-regular (node220-2) 	01/05/2017 	_x86_64_	(8 CPU)

08:19:19 PM     CPU     %user     %nice   %system   %iowait    %steal     %idle
08:19:20 PM       1    100.00      0.00      0.00      0.00      0.00      0.00
08:19:21 PM       1    100.00      0.00      0.00      0.00      0.00      0.00
08:19:22 PM       1    100.00      0.00      0.00      0.00      0.00      0.00
08:19:23 PM       1    100.00      0.00      0.00      0.00      0.00      0.00
08:19:24 PM       1    100.00      0.00      0.00      0.00      0.00      0.00
08:19:25 PM       1    100.00      0.00      0.00      0.00      0.00      0.00
08:19:26 PM       1    100.00      0.00      0.00      0.00      0.00      0.00
08:19:27 PM       1    100.00      0.00      0.00      0.00      0.00      0.00
08:19:28 PM       1    100.00      0.00      0.00      0.00      0.00      0.00
08:19:29 PM       1    100.00      0.00      0.00      0.00      0.00      0.00
08:19:30 PM       1    100.00      0.00      0.00      0.00      0.00      0.00
08:19:31 PM       1    100.00      0.00      0.00      0.00      0.00      0.00
08:19:32 PM       1    100.00      0.00      0.00      0.00      0.00      0.00
08:19:33 PM       1    100.00      0.00      0.00      0.00      0.00      0.00
08:19:34 PM       1    100.00      0.00      0.00      0.00      0.00      0.00
08:19:35 PM       1    100.00      0.00      0.00      0.00      0.00      0.00
08:19:36 PM       1    100.00      0.00      0.00      0.00      0.00      0.00
08:19:37 PM       1    100.00      0.00      0.00      0.00      0.00      0.00
08:19:38 PM       1    100.00      0.00      0.00      0.00      0.00      0.00
08:19:39 PM       1    100.00      0.00      0.00      0.00      0.00      0.00
Average:          1    100.00      0.00      0.00      0.00      0.00      0.00
