Linux 3.14.33-regular (node220-2) 	01/05/2017 	_x86_64_	(8 CPU)

10:01:46 PM     CPU     %user     %nice   %system   %iowait    %steal     %idle
10:01:47 PM       1    100.00      0.00      0.00      0.00      0.00      0.00
10:01:48 PM       1    100.00      0.00      0.00      0.00      0.00      0.00
10:01:49 PM       1    100.00      0.00      0.00      0.00      0.00      0.00
10:01:50 PM       1    100.00      0.00      0.00      0.00      0.00      0.00
10:01:51 PM       1    100.00      0.00      0.00      0.00      0.00      0.00
10:01:52 PM       1    100.00      0.00      0.00      0.00      0.00      0.00
10:01:53 PM       1    100.00      0.00      0.00      0.00      0.00      0.00
10:01:54 PM       1    100.00      0.00      0.00      0.00      0.00      0.00
10:01:55 PM       1    100.00      0.00      0.00      0.00      0.00      0.00
10:01:56 PM       1    100.00      0.00      0.00      0.00      0.00      0.00
10:01:57 PM       1    100.00      0.00      0.00      0.00      0.00      0.00
10:01:58 PM       1    100.00      0.00      0.00      0.00      0.00      0.00
10:01:59 PM       1    100.00      0.00      0.00      0.00      0.00      0.00
10:02:00 PM       1    100.00      0.00      0.00      0.00      0.00      0.00
10:02:01 PM       1    100.00      0.00      0.00      0.00      0.00      0.00
10:02:02 PM       1    100.00      0.00      0.00      0.00      0.00      0.00
10:02:03 PM       1    100.00      0.00      0.00      0.00      0.00      0.00
10:02:04 PM       1    100.00      0.00      0.00      0.00      0.00      0.00
10:02:05 PM       1    100.00      0.00      0.00      0.00      0.00      0.00
10:02:06 PM       1    100.00      0.00      0.00      0.00      0.00      0.00
Average:          1    100.00      0.00      0.00      0.00      0.00      0.00
