Linux 3.14.33-regular (node220-2) 	01/05/2017 	_x86_64_	(8 CPU)

07:33:02 PM     CPU     %user     %nice   %system   %iowait    %steal     %idle
07:33:03 PM       1    100.00      0.00      0.00      0.00      0.00      0.00
07:33:04 PM       1    100.00      0.00      0.00      0.00      0.00      0.00
07:33:05 PM       1    100.00      0.00      0.00      0.00      0.00      0.00
07:33:06 PM       1    100.00      0.00      0.00      0.00      0.00      0.00
07:33:07 PM       1    100.00      0.00      0.00      0.00      0.00      0.00
07:33:08 PM       1    100.00      0.00      0.00      0.00      0.00      0.00
07:33:09 PM       1    100.00      0.00      0.00      0.00      0.00      0.00
07:33:10 PM       1    100.00      0.00      0.00      0.00      0.00      0.00
07:33:11 PM       1    100.00      0.00      0.00      0.00      0.00      0.00
07:33:12 PM       1    100.00      0.00      0.00      0.00      0.00      0.00
07:33:13 PM       1    100.00      0.00      0.00      0.00      0.00      0.00
07:33:14 PM       1    100.00      0.00      0.00      0.00      0.00      0.00
07:33:15 PM       1    100.00      0.00      0.00      0.00      0.00      0.00
07:33:16 PM       1    100.00      0.00      0.00      0.00      0.00      0.00
07:33:17 PM       1    100.00      0.00      0.00      0.00      0.00      0.00
07:33:18 PM       1    100.00      0.00      0.00      0.00      0.00      0.00
07:33:19 PM       1    100.00      0.00      0.00      0.00      0.00      0.00
07:33:20 PM       1    100.00      0.00      0.00      0.00      0.00      0.00
07:33:21 PM       1    100.00      0.00      0.00      0.00      0.00      0.00
07:33:22 PM       1    100.00      0.00      0.00      0.00      0.00      0.00
Average:          1    100.00      0.00      0.00      0.00      0.00      0.00
