Linux 3.14.33-regular (node220-2) 	01/05/2017 	_x86_64_	(8 CPU)

07:29:09 PM     CPU     %user     %nice   %system   %iowait    %steal     %idle
07:29:10 PM       1    100.00      0.00      0.00      0.00      0.00      0.00
07:29:11 PM       1    100.00      0.00      0.00      0.00      0.00      0.00
07:29:12 PM       1    100.00      0.00      0.00      0.00      0.00      0.00
07:29:13 PM       1    100.00      0.00      0.00      0.00      0.00      0.00
07:29:14 PM       1    100.00      0.00      0.00      0.00      0.00      0.00
07:29:15 PM       1    100.00      0.00      0.00      0.00      0.00      0.00
07:29:16 PM       1    100.00      0.00      0.00      0.00      0.00      0.00
07:29:17 PM       1    100.00      0.00      0.00      0.00      0.00      0.00
07:29:18 PM       1    100.00      0.00      0.00      0.00      0.00      0.00
07:29:19 PM       1    100.00      0.00      0.00      0.00      0.00      0.00
07:29:20 PM       1    100.00      0.00      0.00      0.00      0.00      0.00
07:29:21 PM       1    100.00      0.00      0.00      0.00      0.00      0.00
07:29:22 PM       1    100.00      0.00      0.00      0.00      0.00      0.00
07:29:23 PM       1    100.00      0.00      0.00      0.00      0.00      0.00
07:29:24 PM       1    100.00      0.00      0.00      0.00      0.00      0.00
07:29:25 PM       1    100.00      0.00      0.00      0.00      0.00      0.00
07:29:26 PM       1    100.00      0.00      0.00      0.00      0.00      0.00
07:29:27 PM       1    100.00      0.00      0.00      0.00      0.00      0.00
07:29:28 PM       1    100.00      0.00      0.00      0.00      0.00      0.00
07:29:29 PM       1    100.00      0.00      0.00      0.00      0.00      0.00
Average:          1    100.00      0.00      0.00      0.00      0.00      0.00
