Linux 3.14.33-regular (node220-2) 	01/05/2017 	_x86_64_	(8 CPU)

11:03:34 PM     CPU     %user     %nice   %system   %iowait    %steal     %idle
11:03:35 PM       1    100.00      0.00      0.00      0.00      0.00      0.00
11:03:36 PM       1    100.00      0.00      0.00      0.00      0.00      0.00
11:03:37 PM       1    100.00      0.00      0.00      0.00      0.00      0.00
11:03:38 PM       1    100.00      0.00      0.00      0.00      0.00      0.00
11:03:39 PM       1    100.00      0.00      0.00      0.00      0.00      0.00
11:03:40 PM       1    100.00      0.00      0.00      0.00      0.00      0.00
11:03:41 PM       1    100.00      0.00      0.00      0.00      0.00      0.00
11:03:42 PM       1    100.00      0.00      0.00      0.00      0.00      0.00
11:03:43 PM       1    100.00      0.00      0.00      0.00      0.00      0.00
11:03:44 PM       1    100.00      0.00      0.00      0.00      0.00      0.00
11:03:45 PM       1    100.00      0.00      0.00      0.00      0.00      0.00
11:03:46 PM       1    100.00      0.00      0.00      0.00      0.00      0.00
11:03:47 PM       1    100.00      0.00      0.00      0.00      0.00      0.00
11:03:48 PM       1    100.00      0.00      0.00      0.00      0.00      0.00
11:03:49 PM       1    100.00      0.00      0.00      0.00      0.00      0.00
11:03:50 PM       1    100.00      0.00      0.00      0.00      0.00      0.00
11:03:51 PM       1    100.00      0.00      0.00      0.00      0.00      0.00
11:03:52 PM       1    100.00      0.00      0.00      0.00      0.00      0.00
11:03:53 PM       1    100.00      0.00      0.00      0.00      0.00      0.00
11:03:54 PM       1    100.00      0.00      0.00      0.00      0.00      0.00
Average:          1    100.00      0.00      0.00      0.00      0.00      0.00
