Linux 3.14.33-regular (node220-2) 	01/06/2017 	_x86_64_	(8 CPU)

12:33:06 AM     CPU     %user     %nice   %system   %iowait    %steal     %idle
12:33:07 AM       1    100.00      0.00      0.00      0.00      0.00      0.00
12:33:08 AM       1    100.00      0.00      0.00      0.00      0.00      0.00
12:33:09 AM       1    100.00      0.00      0.00      0.00      0.00      0.00
12:33:10 AM       1    100.00      0.00      0.00      0.00      0.00      0.00
12:33:11 AM       1    100.00      0.00      0.00      0.00      0.00      0.00
12:33:12 AM       1    100.00      0.00      0.00      0.00      0.00      0.00
12:33:13 AM       1    100.00      0.00      0.00      0.00      0.00      0.00
12:33:14 AM       1    100.00      0.00      0.00      0.00      0.00      0.00
12:33:15 AM       1    100.00      0.00      0.00      0.00      0.00      0.00
12:33:16 AM       1    100.00      0.00      0.00      0.00      0.00      0.00
12:33:17 AM       1    100.00      0.00      0.00      0.00      0.00      0.00
12:33:18 AM       1    100.00      0.00      0.00      0.00      0.00      0.00
12:33:19 AM       1    100.00      0.00      0.00      0.00      0.00      0.00
12:33:20 AM       1    100.00      0.00      0.00      0.00      0.00      0.00
12:33:21 AM       1    100.00      0.00      0.00      0.00      0.00      0.00
12:33:22 AM       1    100.00      0.00      0.00      0.00      0.00      0.00
12:33:23 AM       1    100.00      0.00      0.00      0.00      0.00      0.00
12:33:24 AM       1    100.00      0.00      0.00      0.00      0.00      0.00
12:33:25 AM       1    100.00      0.00      0.00      0.00      0.00      0.00
12:33:26 AM       1    100.00      0.00      0.00      0.00      0.00      0.00
Average:          1    100.00      0.00      0.00      0.00      0.00      0.00
