Linux 3.14.33-regular (node220-2) 	01/05/2017 	_x86_64_	(8 CPU)

04:56:07 PM     CPU     %user     %nice   %system   %iowait    %steal     %idle
04:56:08 PM       1    100.00      0.00      0.00      0.00      0.00      0.00
04:56:09 PM       1    100.00      0.00      0.00      0.00      0.00      0.00
04:56:10 PM       1    100.00      0.00      0.00      0.00      0.00      0.00
04:56:11 PM       1    100.00      0.00      0.00      0.00      0.00      0.00
04:56:12 PM       1    100.00      0.00      0.00      0.00      0.00      0.00
04:56:13 PM       1    100.00      0.00      0.00      0.00      0.00      0.00
04:56:14 PM       1    100.00      0.00      0.00      0.00      0.00      0.00
04:56:15 PM       1    100.00      0.00      0.00      0.00      0.00      0.00
04:56:16 PM       1    100.00      0.00      0.00      0.00      0.00      0.00
04:56:17 PM       1    100.00      0.00      0.00      0.00      0.00      0.00
04:56:18 PM       1    100.00      0.00      0.00      0.00      0.00      0.00
04:56:19 PM       1    100.00      0.00      0.00      0.00      0.00      0.00
04:56:20 PM       1    100.00      0.00      0.00      0.00      0.00      0.00
04:56:21 PM       1    100.00      0.00      0.00      0.00      0.00      0.00
04:56:22 PM       1    100.00      0.00      0.00      0.00      0.00      0.00
04:56:23 PM       1    100.00      0.00      0.00      0.00      0.00      0.00
04:56:24 PM       1    100.00      0.00      0.00      0.00      0.00      0.00
04:56:25 PM       1    100.00      0.00      0.00      0.00      0.00      0.00
04:56:26 PM       1    100.00      0.00      0.00      0.00      0.00      0.00
04:56:27 PM       1    100.00      0.00      0.00      0.00      0.00      0.00
Average:          1    100.00      0.00      0.00      0.00      0.00      0.00
