Linux 3.14.33-regular (node220-2) 	01/06/2017 	_x86_64_	(8 CPU)

01:20:41 AM     CPU     %user     %nice   %system   %iowait    %steal     %idle
01:20:42 AM       1    100.00      0.00      0.00      0.00      0.00      0.00
01:20:43 AM       1    100.00      0.00      0.00      0.00      0.00      0.00
01:20:44 AM       1    100.00      0.00      0.00      0.00      0.00      0.00
01:20:45 AM       1    100.00      0.00      0.00      0.00      0.00      0.00
01:20:46 AM       1    100.00      0.00      0.00      0.00      0.00      0.00
01:20:47 AM       1    100.00      0.00      0.00      0.00      0.00      0.00
01:20:48 AM       1    100.00      0.00      0.00      0.00      0.00      0.00
01:20:49 AM       1    100.00      0.00      0.00      0.00      0.00      0.00
01:20:50 AM       1    100.00      0.00      0.00      0.00      0.00      0.00
01:20:51 AM       1    100.00      0.00      0.00      0.00      0.00      0.00
01:20:52 AM       1    100.00      0.00      0.00      0.00      0.00      0.00
01:20:53 AM       1    100.00      0.00      0.00      0.00      0.00      0.00
01:20:54 AM       1    100.00      0.00      0.00      0.00      0.00      0.00
01:20:55 AM       1    100.00      0.00      0.00      0.00      0.00      0.00
01:20:56 AM       1    100.00      0.00      0.00      0.00      0.00      0.00
01:20:57 AM       1    100.00      0.00      0.00      0.00      0.00      0.00
01:20:58 AM       1    100.00      0.00      0.00      0.00      0.00      0.00
01:20:59 AM       1    100.00      0.00      0.00      0.00      0.00      0.00
01:21:00 AM       1    100.00      0.00      0.00      0.00      0.00      0.00
01:21:01 AM       1    100.00      0.00      0.00      0.00      0.00      0.00
Average:          1    100.00      0.00      0.00      0.00      0.00      0.00
