Linux 3.14.33-regular (node220-2) 	01/05/2017 	_x86_64_	(8 CPU)

07:25:19 PM     CPU     %user     %nice   %system   %iowait    %steal     %idle
07:25:20 PM       1    100.00      0.00      0.00      0.00      0.00      0.00
07:25:21 PM       1    100.00      0.00      0.00      0.00      0.00      0.00
07:25:22 PM       1    100.00      0.00      0.00      0.00      0.00      0.00
07:25:23 PM       1    100.00      0.00      0.00      0.00      0.00      0.00
07:25:24 PM       1    100.00      0.00      0.00      0.00      0.00      0.00
07:25:25 PM       1    100.00      0.00      0.00      0.00      0.00      0.00
07:25:26 PM       1    100.00      0.00      0.00      0.00      0.00      0.00
07:25:27 PM       1    100.00      0.00      0.00      0.00      0.00      0.00
07:25:28 PM       1    100.00      0.00      0.00      0.00      0.00      0.00
07:25:29 PM       1    100.00      0.00      0.00      0.00      0.00      0.00
07:25:30 PM       1    100.00      0.00      0.00      0.00      0.00      0.00
07:25:31 PM       1    100.00      0.00      0.00      0.00      0.00      0.00
07:25:32 PM       1    100.00      0.00      0.00      0.00      0.00      0.00
07:25:33 PM       1    100.00      0.00      0.00      0.00      0.00      0.00
07:25:34 PM       1    100.00      0.00      0.00      0.00      0.00      0.00
07:25:35 PM       1    100.00      0.00      0.00      0.00      0.00      0.00
07:25:36 PM       1    100.00      0.00      0.00      0.00      0.00      0.00
07:25:37 PM       1    100.00      0.00      0.00      0.00      0.00      0.00
07:25:38 PM       1    100.00      0.00      0.00      0.00      0.00      0.00
07:25:39 PM       1    100.00      0.00      0.00      0.00      0.00      0.00
Average:          1    100.00      0.00      0.00      0.00      0.00      0.00
