Linux 3.14.33-regular (node220-2) 	01/05/2017 	_x86_64_	(8 CPU)

03:34:28 PM     CPU     %user     %nice   %system   %iowait    %steal     %idle
03:34:29 PM       1    100.00      0.00      0.00      0.00      0.00      0.00
03:34:30 PM       1    100.00      0.00      0.00      0.00      0.00      0.00
03:34:31 PM       1    100.00      0.00      0.00      0.00      0.00      0.00
03:34:32 PM       1    100.00      0.00      0.00      0.00      0.00      0.00
03:34:33 PM       1    100.00      0.00      0.00      0.00      0.00      0.00
03:34:34 PM       1    100.00      0.00      0.00      0.00      0.00      0.00
03:34:35 PM       1    100.00      0.00      0.00      0.00      0.00      0.00
03:34:36 PM       1    100.00      0.00      0.00      0.00      0.00      0.00
03:34:37 PM       1    100.00      0.00      0.00      0.00      0.00      0.00
03:34:38 PM       1    100.00      0.00      0.00      0.00      0.00      0.00
03:34:39 PM       1    100.00      0.00      0.00      0.00      0.00      0.00
03:34:40 PM       1    100.00      0.00      0.00      0.00      0.00      0.00
03:34:41 PM       1    100.00      0.00      0.00      0.00      0.00      0.00
03:34:42 PM       1    100.00      0.00      0.00      0.00      0.00      0.00
03:34:43 PM       1    100.00      0.00      0.00      0.00      0.00      0.00
03:34:44 PM       1    100.00      0.00      0.00      0.00      0.00      0.00
03:34:45 PM       1    100.00      0.00      0.00      0.00      0.00      0.00
03:34:46 PM       1    100.00      0.00      0.00      0.00      0.00      0.00
03:34:47 PM       1    100.00      0.00      0.00      0.00      0.00      0.00
03:34:48 PM       1    100.00      0.00      0.00      0.00      0.00      0.00
Average:          1    100.00      0.00      0.00      0.00      0.00      0.00
