Linux 3.14.33-regular (node220-2) 	01/05/2017 	_x86_64_	(8 CPU)

10:31:22 PM     CPU     %user     %nice   %system   %iowait    %steal     %idle
10:31:23 PM       1    100.00      0.00      0.00      0.00      0.00      0.00
10:31:24 PM       1    100.00      0.00      0.00      0.00      0.00      0.00
10:31:25 PM       1    100.00      0.00      0.00      0.00      0.00      0.00
10:31:26 PM       1    100.00      0.00      0.00      0.00      0.00      0.00
10:31:27 PM       1    100.00      0.00      0.00      0.00      0.00      0.00
10:31:28 PM       1    100.00      0.00      0.00      0.00      0.00      0.00
10:31:29 PM       1    100.00      0.00      0.00      0.00      0.00      0.00
10:31:30 PM       1    100.00      0.00      0.00      0.00      0.00      0.00
10:31:31 PM       1    100.00      0.00      0.00      0.00      0.00      0.00
10:31:32 PM       1    100.00      0.00      0.00      0.00      0.00      0.00
10:31:33 PM       1    100.00      0.00      0.00      0.00      0.00      0.00
10:31:34 PM       1    100.00      0.00      0.00      0.00      0.00      0.00
10:31:35 PM       1    100.00      0.00      0.00      0.00      0.00      0.00
10:31:36 PM       1    100.00      0.00      0.00      0.00      0.00      0.00
10:31:37 PM       1    100.00      0.00      0.00      0.00      0.00      0.00
10:31:38 PM       1    100.00      0.00      0.00      0.00      0.00      0.00
10:31:39 PM       1    100.00      0.00      0.00      0.00      0.00      0.00
10:31:40 PM       1    100.00      0.00      0.00      0.00      0.00      0.00
10:31:41 PM       1    100.00      0.00      0.00      0.00      0.00      0.00
10:31:42 PM       1    100.00      0.00      0.00      0.00      0.00      0.00
Average:          1    100.00      0.00      0.00      0.00      0.00      0.00
