Linux 3.14.33-regular (node220-2) 	01/05/2017 	_x86_64_	(8 CPU)

09:46:20 PM     CPU     %user     %nice   %system   %iowait    %steal     %idle
09:46:21 PM       1    100.00      0.00      0.00      0.00      0.00      0.00
09:46:22 PM       1    100.00      0.00      0.00      0.00      0.00      0.00
09:46:23 PM       1    100.00      0.00      0.00      0.00      0.00      0.00
09:46:24 PM       1    100.00      0.00      0.00      0.00      0.00      0.00
09:46:25 PM       1    100.00      0.00      0.00      0.00      0.00      0.00
09:46:26 PM       1    100.00      0.00      0.00      0.00      0.00      0.00
09:46:27 PM       1    100.00      0.00      0.00      0.00      0.00      0.00
09:46:28 PM       1    100.00      0.00      0.00      0.00      0.00      0.00
09:46:29 PM       1    100.00      0.00      0.00      0.00      0.00      0.00
09:46:30 PM       1    100.00      0.00      0.00      0.00      0.00      0.00
09:46:31 PM       1    100.00      0.00      0.00      0.00      0.00      0.00
09:46:32 PM       1    100.00      0.00      0.00      0.00      0.00      0.00
09:46:33 PM       1    100.00      0.00      0.00      0.00      0.00      0.00
09:46:34 PM       1    100.00      0.00      0.00      0.00      0.00      0.00
09:46:35 PM       1    100.00      0.00      0.00      0.00      0.00      0.00
09:46:36 PM       1    100.00      0.00      0.00      0.00      0.00      0.00
09:46:37 PM       1    100.00      0.00      0.00      0.00      0.00      0.00
09:46:38 PM       1    100.00      0.00      0.00      0.00      0.00      0.00
09:46:39 PM       1    100.00      0.00      0.00      0.00      0.00      0.00
09:46:40 PM       1    100.00      0.00      0.00      0.00      0.00      0.00
Average:          1    100.00      0.00      0.00      0.00      0.00      0.00
