Linux 3.14.33-regular (node220-2) 	01/05/2017 	_x86_64_	(8 CPU)

09:56:00 PM     CPU     %user     %nice   %system   %iowait    %steal     %idle
09:56:01 PM       1    100.00      0.00      0.00      0.00      0.00      0.00
09:56:02 PM       1    100.00      0.00      0.00      0.00      0.00      0.00
09:56:03 PM       1    100.00      0.00      0.00      0.00      0.00      0.00
09:56:04 PM       1    100.00      0.00      0.00      0.00      0.00      0.00
09:56:05 PM       1    100.00      0.00      0.00      0.00      0.00      0.00
09:56:06 PM       1    100.00      0.00      0.00      0.00      0.00      0.00
09:56:07 PM       1    100.00      0.00      0.00      0.00      0.00      0.00
09:56:08 PM       1    100.00      0.00      0.00      0.00      0.00      0.00
09:56:09 PM       1    100.00      0.00      0.00      0.00      0.00      0.00
09:56:10 PM       1    100.00      0.00      0.00      0.00      0.00      0.00
09:56:11 PM       1    100.00      0.00      0.00      0.00      0.00      0.00
09:56:12 PM       1    100.00      0.00      0.00      0.00      0.00      0.00
09:56:13 PM       1    100.00      0.00      0.00      0.00      0.00      0.00
09:56:14 PM       1    100.00      0.00      0.00      0.00      0.00      0.00
09:56:15 PM       1    100.00      0.00      0.00      0.00      0.00      0.00
09:56:16 PM       1    100.00      0.00      0.00      0.00      0.00      0.00
09:56:17 PM       1    100.00      0.00      0.00      0.00      0.00      0.00
09:56:18 PM       1    100.00      0.00      0.00      0.00      0.00      0.00
09:56:19 PM       1    100.00      0.00      0.00      0.00      0.00      0.00
09:56:20 PM       1    100.00      0.00      0.00      0.00      0.00      0.00
Average:          1    100.00      0.00      0.00      0.00      0.00      0.00
