Linux 3.14.33-regular (node220-2) 	01/06/2017 	_x86_64_	(8 CPU)

02:02:34 AM     CPU     %user     %nice   %system   %iowait    %steal     %idle
02:02:35 AM       1     99.01      0.00      0.99      0.00      0.00      0.00
02:02:36 AM       1    100.00      0.00      0.00      0.00      0.00      0.00
02:02:37 AM       1    100.00      0.00      0.00      0.00      0.00      0.00
02:02:38 AM       1    100.00      0.00      0.00      0.00      0.00      0.00
02:02:39 AM       1    100.00      0.00      0.00      0.00      0.00      0.00
02:02:40 AM       1    100.00      0.00      0.00      0.00      0.00      0.00
02:02:41 AM       1    100.00      0.00      0.00      0.00      0.00      0.00
02:02:42 AM       1    100.00      0.00      0.00      0.00      0.00      0.00
02:02:43 AM       1    100.00      0.00      0.00      0.00      0.00      0.00
02:02:44 AM       1    100.00      0.00      0.00      0.00      0.00      0.00
02:02:45 AM       1    100.00      0.00      0.00      0.00      0.00      0.00
02:02:46 AM       1    100.00      0.00      0.00      0.00      0.00      0.00
02:02:47 AM       1    100.00      0.00      0.00      0.00      0.00      0.00
02:02:48 AM       1    100.00      0.00      0.00      0.00      0.00      0.00
02:02:49 AM       1    100.00      0.00      0.00      0.00      0.00      0.00
02:02:50 AM       1    100.00      0.00      0.00      0.00      0.00      0.00
02:02:51 AM       1    100.00      0.00      0.00      0.00      0.00      0.00
02:02:52 AM       1    100.00      0.00      0.00      0.00      0.00      0.00
02:02:53 AM       1    100.00      0.00      0.00      0.00      0.00      0.00
02:02:54 AM       1    100.00      0.00      0.00      0.00      0.00      0.00
Average:          1     99.95      0.00      0.05      0.00      0.00      0.00
