Linux 3.14.33-regular (node220-2) 	01/05/2017 	_x86_64_	(8 CPU)

07:57:26 PM     CPU     %user     %nice   %system   %iowait    %steal     %idle
07:57:27 PM       1    100.00      0.00      0.00      0.00      0.00      0.00
07:57:28 PM       1    100.00      0.00      0.00      0.00      0.00      0.00
07:57:29 PM       1    100.00      0.00      0.00      0.00      0.00      0.00
07:57:30 PM       1    100.00      0.00      0.00      0.00      0.00      0.00
07:57:31 PM       1    100.00      0.00      0.00      0.00      0.00      0.00
07:57:32 PM       1    100.00      0.00      0.00      0.00      0.00      0.00
07:57:33 PM       1    100.00      0.00      0.00      0.00      0.00      0.00
07:57:34 PM       1    100.00      0.00      0.00      0.00      0.00      0.00
07:57:35 PM       1    100.00      0.00      0.00      0.00      0.00      0.00
07:57:36 PM       1    100.00      0.00      0.00      0.00      0.00      0.00
07:57:37 PM       1    100.00      0.00      0.00      0.00      0.00      0.00
07:57:38 PM       1    100.00      0.00      0.00      0.00      0.00      0.00
07:57:39 PM       1    100.00      0.00      0.00      0.00      0.00      0.00
07:57:40 PM       1    100.00      0.00      0.00      0.00      0.00      0.00
07:57:41 PM       1    100.00      0.00      0.00      0.00      0.00      0.00
07:57:42 PM       1    100.00      0.00      0.00      0.00      0.00      0.00
07:57:43 PM       1    100.00      0.00      0.00      0.00      0.00      0.00
07:57:44 PM       1    100.00      0.00      0.00      0.00      0.00      0.00
07:57:45 PM       1    100.00      0.00      0.00      0.00      0.00      0.00
07:57:46 PM       1    100.00      0.00      0.00      0.00      0.00      0.00
Average:          1    100.00      0.00      0.00      0.00      0.00      0.00
