Linux 3.14.33-regular (node220-2) 	01/05/2017 	_x86_64_	(8 CPU)

08:33:32 PM     CPU     %user     %nice   %system   %iowait    %steal     %idle
08:33:33 PM       1    100.00      0.00      0.00      0.00      0.00      0.00
08:33:34 PM       1    100.00      0.00      0.00      0.00      0.00      0.00
08:33:35 PM       1    100.00      0.00      0.00      0.00      0.00      0.00
08:33:36 PM       1    100.00      0.00      0.00      0.00      0.00      0.00
08:33:37 PM       1    100.00      0.00      0.00      0.00      0.00      0.00
08:33:38 PM       1    100.00      0.00      0.00      0.00      0.00      0.00
08:33:39 PM       1    100.00      0.00      0.00      0.00      0.00      0.00
08:33:40 PM       1    100.00      0.00      0.00      0.00      0.00      0.00
08:33:41 PM       1    100.00      0.00      0.00      0.00      0.00      0.00
08:33:42 PM       1    100.00      0.00      0.00      0.00      0.00      0.00
08:33:43 PM       1    100.00      0.00      0.00      0.00      0.00      0.00
08:33:44 PM       1    100.00      0.00      0.00      0.00      0.00      0.00
08:33:45 PM       1    100.00      0.00      0.00      0.00      0.00      0.00
08:33:46 PM       1    100.00      0.00      0.00      0.00      0.00      0.00
08:33:47 PM       1    100.00      0.00      0.00      0.00      0.00      0.00
08:33:48 PM       1    100.00      0.00      0.00      0.00      0.00      0.00
08:33:49 PM       1    100.00      0.00      0.00      0.00      0.00      0.00
08:33:50 PM       1    100.00      0.00      0.00      0.00      0.00      0.00
08:33:51 PM       1    100.00      0.00      0.00      0.00      0.00      0.00
08:33:52 PM       1    100.00      0.00      0.00      0.00      0.00      0.00
Average:          1    100.00      0.00      0.00      0.00      0.00      0.00
