Linux 3.14.33-regular (node220-2) 	01/06/2017 	_x86_64_	(8 CPU)

12:52:21 AM     CPU     %user     %nice   %system   %iowait    %steal     %idle
12:52:22 AM       1    100.00      0.00      0.00      0.00      0.00      0.00
12:52:23 AM       1    100.00      0.00      0.00      0.00      0.00      0.00
12:52:24 AM       1    100.00      0.00      0.00      0.00      0.00      0.00
12:52:25 AM       1    100.00      0.00      0.00      0.00      0.00      0.00
12:52:26 AM       1    100.00      0.00      0.00      0.00      0.00      0.00
12:52:27 AM       1    100.00      0.00      0.00      0.00      0.00      0.00
12:52:28 AM       1    100.00      0.00      0.00      0.00      0.00      0.00
12:52:29 AM       1    100.00      0.00      0.00      0.00      0.00      0.00
12:52:30 AM       1    100.00      0.00      0.00      0.00      0.00      0.00
12:52:31 AM       1    100.00      0.00      0.00      0.00      0.00      0.00
12:52:32 AM       1    100.00      0.00      0.00      0.00      0.00      0.00
12:52:33 AM       1    100.00      0.00      0.00      0.00      0.00      0.00
12:52:34 AM       1    100.00      0.00      0.00      0.00      0.00      0.00
12:52:35 AM       1    100.00      0.00      0.00      0.00      0.00      0.00
12:52:36 AM       1    100.00      0.00      0.00      0.00      0.00      0.00
12:52:37 AM       1    100.00      0.00      0.00      0.00      0.00      0.00
12:52:38 AM       1    100.00      0.00      0.00      0.00      0.00      0.00
12:52:39 AM       1    100.00      0.00      0.00      0.00      0.00      0.00
12:52:40 AM       1    100.00      0.00      0.00      0.00      0.00      0.00
12:52:41 AM       1    100.00      0.00      0.00      0.00      0.00      0.00
Average:          1    100.00      0.00      0.00      0.00      0.00      0.00
