Linux 3.14.33-regular (node220-2) 	01/06/2017 	_x86_64_	(8 CPU)

12:58:08 AM     CPU     %user     %nice   %system   %iowait    %steal     %idle
12:58:09 AM       1    100.00      0.00      0.00      0.00      0.00      0.00
12:58:10 AM       1    100.00      0.00      0.00      0.00      0.00      0.00
12:58:11 AM       1    100.00      0.00      0.00      0.00      0.00      0.00
12:58:12 AM       1    100.00      0.00      0.00      0.00      0.00      0.00
12:58:13 AM       1    100.00      0.00      0.00      0.00      0.00      0.00
12:58:14 AM       1    100.00      0.00      0.00      0.00      0.00      0.00
12:58:15 AM       1    100.00      0.00      0.00      0.00      0.00      0.00
12:58:16 AM       1    100.00      0.00      0.00      0.00      0.00      0.00
12:58:17 AM       1    100.00      0.00      0.00      0.00      0.00      0.00
12:58:18 AM       1    100.00      0.00      0.00      0.00      0.00      0.00
12:58:19 AM       1    100.00      0.00      0.00      0.00      0.00      0.00
12:58:20 AM       1    100.00      0.00      0.00      0.00      0.00      0.00
12:58:21 AM       1    100.00      0.00      0.00      0.00      0.00      0.00
12:58:22 AM       1    100.00      0.00      0.00      0.00      0.00      0.00
12:58:23 AM       1    100.00      0.00      0.00      0.00      0.00      0.00
12:58:24 AM       1    100.00      0.00      0.00      0.00      0.00      0.00
12:58:25 AM       1    100.00      0.00      0.00      0.00      0.00      0.00
12:58:26 AM       1    100.00      0.00      0.00      0.00      0.00      0.00
12:58:27 AM       1    100.00      0.00      0.00      0.00      0.00      0.00
12:58:28 AM       1    100.00      0.00      0.00      0.00      0.00      0.00
Average:          1    100.00      0.00      0.00      0.00      0.00      0.00
