Linux 3.14.33-regular (node220-2) 	01/05/2017 	_x86_64_	(8 CPU)

03:39:36 PM     CPU     %user     %nice   %system   %iowait    %steal     %idle
03:39:37 PM       1    100.00      0.00      0.00      0.00      0.00      0.00
03:39:38 PM       1    100.00      0.00      0.00      0.00      0.00      0.00
03:39:39 PM       1    100.00      0.00      0.00      0.00      0.00      0.00
03:39:40 PM       1    100.00      0.00      0.00      0.00      0.00      0.00
03:39:41 PM       1    100.00      0.00      0.00      0.00      0.00      0.00
03:39:42 PM       1    100.00      0.00      0.00      0.00      0.00      0.00
03:39:43 PM       1    100.00      0.00      0.00      0.00      0.00      0.00
03:39:44 PM       1    100.00      0.00      0.00      0.00      0.00      0.00
03:39:45 PM       1    100.00      0.00      0.00      0.00      0.00      0.00
03:39:46 PM       1    100.00      0.00      0.00      0.00      0.00      0.00
03:39:47 PM       1    100.00      0.00      0.00      0.00      0.00      0.00
03:39:48 PM       1    100.00      0.00      0.00      0.00      0.00      0.00
03:39:49 PM       1    100.00      0.00      0.00      0.00      0.00      0.00
03:39:50 PM       1    100.00      0.00      0.00      0.00      0.00      0.00
03:39:51 PM       1    100.00      0.00      0.00      0.00      0.00      0.00
03:39:52 PM       1    100.00      0.00      0.00      0.00      0.00      0.00
03:39:53 PM       1    100.00      0.00      0.00      0.00      0.00      0.00
03:39:54 PM       1    100.00      0.00      0.00      0.00      0.00      0.00
03:39:55 PM       1    100.00      0.00      0.00      0.00      0.00      0.00
03:39:56 PM       1    100.00      0.00      0.00      0.00      0.00      0.00
Average:          1    100.00      0.00      0.00      0.00      0.00      0.00
