Linux 3.14.33-regular (node220-2) 	01/05/2017 	_x86_64_	(8 CPU)

10:13:22 PM     CPU     %user     %nice   %system   %iowait    %steal     %idle
10:13:23 PM       1    100.00      0.00      0.00      0.00      0.00      0.00
10:13:24 PM       1    100.00      0.00      0.00      0.00      0.00      0.00
10:13:25 PM       1    100.00      0.00      0.00      0.00      0.00      0.00
10:13:26 PM       1    100.00      0.00      0.00      0.00      0.00      0.00
10:13:27 PM       1    100.00      0.00      0.00      0.00      0.00      0.00
10:13:28 PM       1    100.00      0.00      0.00      0.00      0.00      0.00
10:13:29 PM       1    100.00      0.00      0.00      0.00      0.00      0.00
10:13:30 PM       1    100.00      0.00      0.00      0.00      0.00      0.00
10:13:31 PM       1    100.00      0.00      0.00      0.00      0.00      0.00
10:13:32 PM       1    100.00      0.00      0.00      0.00      0.00      0.00
10:13:33 PM       1    100.00      0.00      0.00      0.00      0.00      0.00
10:13:34 PM       1    100.00      0.00      0.00      0.00      0.00      0.00
10:13:35 PM       1    100.00      0.00      0.00      0.00      0.00      0.00
10:13:36 PM       1    100.00      0.00      0.00      0.00      0.00      0.00
10:13:37 PM       1    100.00      0.00      0.00      0.00      0.00      0.00
10:13:38 PM       1    100.00      0.00      0.00      0.00      0.00      0.00
10:13:39 PM       1    100.00      0.00      0.00      0.00      0.00      0.00
10:13:40 PM       1    100.00      0.00      0.00      0.00      0.00      0.00
10:13:41 PM       1    100.00      0.00      0.00      0.00      0.00      0.00
10:13:42 PM       1    100.00      0.00      0.00      0.00      0.00      0.00
Average:          1    100.00      0.00      0.00      0.00      0.00      0.00
