Linux 3.14.33-regular (node220-2) 	01/05/2017 	_x86_64_	(8 CPU)

10:44:19 PM     CPU     %user     %nice   %system   %iowait    %steal     %idle
10:44:20 PM       1    100.00      0.00      0.00      0.00      0.00      0.00
10:44:21 PM       1    100.00      0.00      0.00      0.00      0.00      0.00
10:44:22 PM       1    100.00      0.00      0.00      0.00      0.00      0.00
10:44:23 PM       1    100.00      0.00      0.00      0.00      0.00      0.00
10:44:24 PM       1    100.00      0.00      0.00      0.00      0.00      0.00
10:44:25 PM       1    100.00      0.00      0.00      0.00      0.00      0.00
10:44:26 PM       1    100.00      0.00      0.00      0.00      0.00      0.00
10:44:27 PM       1    100.00      0.00      0.00      0.00      0.00      0.00
10:44:28 PM       1    100.00      0.00      0.00      0.00      0.00      0.00
10:44:29 PM       1    100.00      0.00      0.00      0.00      0.00      0.00
10:44:30 PM       1    100.00      0.00      0.00      0.00      0.00      0.00
10:44:31 PM       1    100.00      0.00      0.00      0.00      0.00      0.00
10:44:32 PM       1    100.00      0.00      0.00      0.00      0.00      0.00
10:44:33 PM       1    100.00      0.00      0.00      0.00      0.00      0.00
10:44:34 PM       1    100.00      0.00      0.00      0.00      0.00      0.00
10:44:35 PM       1    100.00      0.00      0.00      0.00      0.00      0.00
10:44:36 PM       1    100.00      0.00      0.00      0.00      0.00      0.00
10:44:37 PM       1    100.00      0.00      0.00      0.00      0.00      0.00
10:44:38 PM       1    100.00      0.00      0.00      0.00      0.00      0.00
10:44:39 PM       1    100.00      0.00      0.00      0.00      0.00      0.00
Average:          1    100.00      0.00      0.00      0.00      0.00      0.00
