Linux 3.14.33-regular (node220-2) 	01/06/2017 	_x86_64_	(8 CPU)

12:00:52 AM     CPU     %user     %nice   %system   %iowait    %steal     %idle
12:00:53 AM       1    100.00      0.00      0.00      0.00      0.00      0.00
12:00:54 AM       1    100.00      0.00      0.00      0.00      0.00      0.00
12:00:55 AM       1    100.00      0.00      0.00      0.00      0.00      0.00
12:00:56 AM       1    100.00      0.00      0.00      0.00      0.00      0.00
12:00:57 AM       1    100.00      0.00      0.00      0.00      0.00      0.00
12:00:58 AM       1    100.00      0.00      0.00      0.00      0.00      0.00
12:00:59 AM       1    100.00      0.00      0.00      0.00      0.00      0.00
12:01:00 AM       1    100.00      0.00      0.00      0.00      0.00      0.00
12:01:01 AM       1    100.00      0.00      0.00      0.00      0.00      0.00
12:01:02 AM       1    100.00      0.00      0.00      0.00      0.00      0.00
12:01:03 AM       1    100.00      0.00      0.00      0.00      0.00      0.00
12:01:04 AM       1    100.00      0.00      0.00      0.00      0.00      0.00
12:01:05 AM       1    100.00      0.00      0.00      0.00      0.00      0.00
12:01:06 AM       1    100.00      0.00      0.00      0.00      0.00      0.00
12:01:07 AM       1    100.00      0.00      0.00      0.00      0.00      0.00
12:01:08 AM       1    100.00      0.00      0.00      0.00      0.00      0.00
12:01:09 AM       1    100.00      0.00      0.00      0.00      0.00      0.00
12:01:10 AM       1    100.00      0.00      0.00      0.00      0.00      0.00
12:01:11 AM       1    100.00      0.00      0.00      0.00      0.00      0.00
12:01:12 AM       1    100.00      0.00      0.00      0.00      0.00      0.00
Average:          1    100.00      0.00      0.00      0.00      0.00      0.00
