Linux 3.14.33-regular (node220-2) 	01/05/2017 	_x86_64_	(8 CPU)

10:27:32 PM     CPU     %user     %nice   %system   %iowait    %steal     %idle
10:27:33 PM       1    100.00      0.00      0.00      0.00      0.00      0.00
10:27:34 PM       1    100.00      0.00      0.00      0.00      0.00      0.00
10:27:35 PM       1    100.00      0.00      0.00      0.00      0.00      0.00
10:27:36 PM       1    100.00      0.00      0.00      0.00      0.00      0.00
10:27:37 PM       1    100.00      0.00      0.00      0.00      0.00      0.00
10:27:38 PM       1    100.00      0.00      0.00      0.00      0.00      0.00
10:27:39 PM       1    100.00      0.00      0.00      0.00      0.00      0.00
10:27:40 PM       1    100.00      0.00      0.00      0.00      0.00      0.00
10:27:41 PM       1    100.00      0.00      0.00      0.00      0.00      0.00
10:27:42 PM       1    100.00      0.00      0.00      0.00      0.00      0.00
10:27:43 PM       1    100.00      0.00      0.00      0.00      0.00      0.00
10:27:44 PM       1    100.00      0.00      0.00      0.00      0.00      0.00
10:27:45 PM       1    100.00      0.00      0.00      0.00      0.00      0.00
10:27:46 PM       1    100.00      0.00      0.00      0.00      0.00      0.00
10:27:47 PM       1    100.00      0.00      0.00      0.00      0.00      0.00
10:27:48 PM       1    100.00      0.00      0.00      0.00      0.00      0.00
10:27:49 PM       1    100.00      0.00      0.00      0.00      0.00      0.00
10:27:50 PM       1    100.00      0.00      0.00      0.00      0.00      0.00
10:27:51 PM       1    100.00      0.00      0.00      0.00      0.00      0.00
10:27:52 PM       1    100.00      0.00      0.00      0.00      0.00      0.00
Average:          1    100.00      0.00      0.00      0.00      0.00      0.00
