Linux 3.14.33-regular (node220-2) 	01/05/2017 	_x86_64_	(8 CPU)

06:40:20 PM     CPU     %user     %nice   %system   %iowait    %steal     %idle
06:40:21 PM       1    100.00      0.00      0.00      0.00      0.00      0.00
06:40:22 PM       1    100.00      0.00      0.00      0.00      0.00      0.00
06:40:23 PM       1    100.00      0.00      0.00      0.00      0.00      0.00
06:40:24 PM       1    100.00      0.00      0.00      0.00      0.00      0.00
06:40:25 PM       1    100.00      0.00      0.00      0.00      0.00      0.00
06:40:26 PM       1    100.00      0.00      0.00      0.00      0.00      0.00
06:40:27 PM       1    100.00      0.00      0.00      0.00      0.00      0.00
06:40:28 PM       1    100.00      0.00      0.00      0.00      0.00      0.00
06:40:29 PM       1    100.00      0.00      0.00      0.00      0.00      0.00
06:40:30 PM       1    100.00      0.00      0.00      0.00      0.00      0.00
06:40:31 PM       1    100.00      0.00      0.00      0.00      0.00      0.00
06:40:32 PM       1    100.00      0.00      0.00      0.00      0.00      0.00
06:40:33 PM       1    100.00      0.00      0.00      0.00      0.00      0.00
06:40:34 PM       1    100.00      0.00      0.00      0.00      0.00      0.00
06:40:35 PM       1    100.00      0.00      0.00      0.00      0.00      0.00
06:40:36 PM       1    100.00      0.00      0.00      0.00      0.00      0.00
06:40:37 PM       1    100.00      0.00      0.00      0.00      0.00      0.00
06:40:38 PM       1    100.00      0.00      0.00      0.00      0.00      0.00
06:40:39 PM       1    100.00      0.00      0.00      0.00      0.00      0.00
06:40:40 PM       1    100.00      0.00      0.00      0.00      0.00      0.00
Average:          1    100.00      0.00      0.00      0.00      0.00      0.00
