Linux 3.14.33-regular (node220-2) 	01/06/2017 	_x86_64_	(8 CPU)

01:08:27 AM     CPU     %user     %nice   %system   %iowait    %steal     %idle
01:08:28 AM       1    100.00      0.00      0.00      0.00      0.00      0.00
01:08:29 AM       1    100.00      0.00      0.00      0.00      0.00      0.00
01:08:30 AM       1    100.00      0.00      0.00      0.00      0.00      0.00
01:08:31 AM       1    100.00      0.00      0.00      0.00      0.00      0.00
01:08:32 AM       1    100.00      0.00      0.00      0.00      0.00      0.00
01:08:33 AM       1    100.00      0.00      0.00      0.00      0.00      0.00
01:08:34 AM       1    100.00      0.00      0.00      0.00      0.00      0.00
01:08:35 AM       1    100.00      0.00      0.00      0.00      0.00      0.00
01:08:36 AM       1    100.00      0.00      0.00      0.00      0.00      0.00
01:08:37 AM       1    100.00      0.00      0.00      0.00      0.00      0.00
01:08:38 AM       1    100.00      0.00      0.00      0.00      0.00      0.00
01:08:39 AM       1    100.00      0.00      0.00      0.00      0.00      0.00
01:08:40 AM       1    100.00      0.00      0.00      0.00      0.00      0.00
01:08:41 AM       1    100.00      0.00      0.00      0.00      0.00      0.00
01:08:42 AM       1    100.00      0.00      0.00      0.00      0.00      0.00
01:08:43 AM       1    100.00      0.00      0.00      0.00      0.00      0.00
01:08:44 AM       1    100.00      0.00      0.00      0.00      0.00      0.00
01:08:45 AM       1    100.00      0.00      0.00      0.00      0.00      0.00
01:08:46 AM       1    100.00      0.00      0.00      0.00      0.00      0.00
01:08:47 AM       1    100.00      0.00      0.00      0.00      0.00      0.00
Average:          1    100.00      0.00      0.00      0.00      0.00      0.00
