Linux 3.14.33-regular (node220-2) 	01/05/2017 	_x86_64_	(8 CPU)

06:09:26 PM     CPU     %user     %nice   %system   %iowait    %steal     %idle
06:09:27 PM       1     99.00      0.00      1.00      0.00      0.00      0.00
06:09:28 PM       1     99.00      0.00      1.00      0.00      0.00      0.00
06:09:29 PM       1    100.00      0.00      0.00      0.00      0.00      0.00
06:09:30 PM       1    100.00      0.00      0.00      0.00      0.00      0.00
06:09:31 PM       1     99.00      0.00      1.00      0.00      0.00      0.00
06:09:32 PM       1     98.99      0.00      1.01      0.00      0.00      0.00
06:09:33 PM       1    100.00      0.00      0.00      0.00      0.00      0.00
06:09:34 PM       1     98.02      0.00      1.98      0.00      0.00      0.00
06:09:35 PM       1     98.00      0.00      2.00      0.00      0.00      0.00
06:09:36 PM       1     99.00      0.00      1.00      0.00      0.00      0.00
06:09:37 PM       1     99.00      0.00      1.00      0.00      0.00      0.00
06:09:38 PM       1    100.00      0.00      0.00      0.00      0.00      0.00
06:09:39 PM       1    100.00      0.00      0.00      0.00      0.00      0.00
06:09:40 PM       1    100.00      0.00      0.00      0.00      0.00      0.00
06:09:41 PM       1    100.00      0.00      0.00      0.00      0.00      0.00
06:09:42 PM       1    100.00      0.00      0.00      0.00      0.00      0.00
06:09:43 PM       1    100.00      0.00      0.00      0.00      0.00      0.00
06:09:44 PM       1    100.00      0.00      0.00      0.00      0.00      0.00
06:09:45 PM       1    100.00      0.00      0.00      0.00      0.00      0.00
06:09:46 PM       1    100.00      0.00      0.00      0.00      0.00      0.00
Average:          1     99.50      0.00      0.50      0.00      0.00      0.00
