Linux 3.14.33-regular (node220-2) 	01/06/2017 	_x86_64_	(8 CPU)

01:18:46 AM     CPU     %user     %nice   %system   %iowait    %steal     %idle
01:18:47 AM       1    100.00      0.00      0.00      0.00      0.00      0.00
01:18:48 AM       1    100.00      0.00      0.00      0.00      0.00      0.00
01:18:49 AM       1    100.00      0.00      0.00      0.00      0.00      0.00
01:18:50 AM       1    100.00      0.00      0.00      0.00      0.00      0.00
01:18:51 AM       1    100.00      0.00      0.00      0.00      0.00      0.00
01:18:52 AM       1    100.00      0.00      0.00      0.00      0.00      0.00
01:18:53 AM       1    100.00      0.00      0.00      0.00      0.00      0.00
01:18:54 AM       1    100.00      0.00      0.00      0.00      0.00      0.00
01:18:55 AM       1    100.00      0.00      0.00      0.00      0.00      0.00
01:18:56 AM       1    100.00      0.00      0.00      0.00      0.00      0.00
01:18:57 AM       1    100.00      0.00      0.00      0.00      0.00      0.00
01:18:58 AM       1    100.00      0.00      0.00      0.00      0.00      0.00
01:18:59 AM       1    100.00      0.00      0.00      0.00      0.00      0.00
01:19:00 AM       1    100.00      0.00      0.00      0.00      0.00      0.00
01:19:01 AM       1    100.00      0.00      0.00      0.00      0.00      0.00
01:19:02 AM       1    100.00      0.00      0.00      0.00      0.00      0.00
01:19:03 AM       1    100.00      0.00      0.00      0.00      0.00      0.00
01:19:04 AM       1    100.00      0.00      0.00      0.00      0.00      0.00
01:19:05 AM       1    100.00      0.00      0.00      0.00      0.00      0.00
01:19:06 AM       1    100.00      0.00      0.00      0.00      0.00      0.00
Average:          1    100.00      0.00      0.00      0.00      0.00      0.00
