Linux 3.14.33-regular (node220-2) 	01/05/2017 	_x86_64_	(8 CPU)

07:08:35 PM     CPU     %user     %nice   %system   %iowait    %steal     %idle
07:08:36 PM       1    100.00      0.00      0.00      0.00      0.00      0.00
07:08:37 PM       1    100.00      0.00      0.00      0.00      0.00      0.00
07:08:38 PM       1    100.00      0.00      0.00      0.00      0.00      0.00
07:08:39 PM       1    100.00      0.00      0.00      0.00      0.00      0.00
07:08:40 PM       1    100.00      0.00      0.00      0.00      0.00      0.00
07:08:41 PM       1    100.00      0.00      0.00      0.00      0.00      0.00
07:08:42 PM       1    100.00      0.00      0.00      0.00      0.00      0.00
07:08:43 PM       1    100.00      0.00      0.00      0.00      0.00      0.00
07:08:44 PM       1    100.00      0.00      0.00      0.00      0.00      0.00
07:08:45 PM       1    100.00      0.00      0.00      0.00      0.00      0.00
07:08:46 PM       1    100.00      0.00      0.00      0.00      0.00      0.00
07:08:47 PM       1    100.00      0.00      0.00      0.00      0.00      0.00
07:08:48 PM       1    100.00      0.00      0.00      0.00      0.00      0.00
07:08:49 PM       1    100.00      0.00      0.00      0.00      0.00      0.00
07:08:50 PM       1    100.00      0.00      0.00      0.00      0.00      0.00
07:08:51 PM       1    100.00      0.00      0.00      0.00      0.00      0.00
07:08:52 PM       1    100.00      0.00      0.00      0.00      0.00      0.00
07:08:53 PM       1    100.00      0.00      0.00      0.00      0.00      0.00
07:08:54 PM       1    100.00      0.00      0.00      0.00      0.00      0.00
07:08:55 PM       1    100.00      0.00      0.00      0.00      0.00      0.00
Average:          1    100.00      0.00      0.00      0.00      0.00      0.00
