Linux 3.14.33-regular (node220-2) 	01/05/2017 	_x86_64_	(8 CPU)

05:34:42 PM     CPU     %user     %nice   %system   %iowait    %steal     %idle
05:34:43 PM       1    100.00      0.00      0.00      0.00      0.00      0.00
05:34:44 PM       1    100.00      0.00      0.00      0.00      0.00      0.00
05:34:45 PM       1    100.00      0.00      0.00      0.00      0.00      0.00
05:34:46 PM       1    100.00      0.00      0.00      0.00      0.00      0.00
05:34:47 PM       1    100.00      0.00      0.00      0.00      0.00      0.00
05:34:48 PM       1    100.00      0.00      0.00      0.00      0.00      0.00
05:34:49 PM       1    100.00      0.00      0.00      0.00      0.00      0.00
05:34:50 PM       1    100.00      0.00      0.00      0.00      0.00      0.00
05:34:51 PM       1    100.00      0.00      0.00      0.00      0.00      0.00
05:34:52 PM       1    100.00      0.00      0.00      0.00      0.00      0.00
05:34:53 PM       1    100.00      0.00      0.00      0.00      0.00      0.00
05:34:54 PM       1    100.00      0.00      0.00      0.00      0.00      0.00
05:34:55 PM       1    100.00      0.00      0.00      0.00      0.00      0.00
05:34:56 PM       1    100.00      0.00      0.00      0.00      0.00      0.00
05:34:57 PM       1    100.00      0.00      0.00      0.00      0.00      0.00
05:34:58 PM       1    100.00      0.00      0.00      0.00      0.00      0.00
05:34:59 PM       1    100.00      0.00      0.00      0.00      0.00      0.00
05:35:00 PM       1    100.00      0.00      0.00      0.00      0.00      0.00
05:35:01 PM       1    100.00      0.00      0.00      0.00      0.00      0.00
05:35:02 PM       1    100.00      0.00      0.00      0.00      0.00      0.00
Average:          1    100.00      0.00      0.00      0.00      0.00      0.00
