Linux 3.14.33-regular (node220-2) 	01/05/2017 	_x86_64_	(8 CPU)

08:48:18 PM     CPU     %user     %nice   %system   %iowait    %steal     %idle
08:48:19 PM       1    100.00      0.00      0.00      0.00      0.00      0.00
08:48:20 PM       1    100.00      0.00      0.00      0.00      0.00      0.00
08:48:21 PM       1    100.00      0.00      0.00      0.00      0.00      0.00
08:48:22 PM       1    100.00      0.00      0.00      0.00      0.00      0.00
08:48:23 PM       1    100.00      0.00      0.00      0.00      0.00      0.00
08:48:24 PM       1    100.00      0.00      0.00      0.00      0.00      0.00
08:48:25 PM       1    100.00      0.00      0.00      0.00      0.00      0.00
08:48:26 PM       1    100.00      0.00      0.00      0.00      0.00      0.00
08:48:27 PM       1    100.00      0.00      0.00      0.00      0.00      0.00
08:48:28 PM       1    100.00      0.00      0.00      0.00      0.00      0.00
08:48:29 PM       1    100.00      0.00      0.00      0.00      0.00      0.00
08:48:30 PM       1    100.00      0.00      0.00      0.00      0.00      0.00
08:48:31 PM       1    100.00      0.00      0.00      0.00      0.00      0.00
08:48:32 PM       1    100.00      0.00      0.00      0.00      0.00      0.00
08:48:33 PM       1    100.00      0.00      0.00      0.00      0.00      0.00
08:48:34 PM       1    100.00      0.00      0.00      0.00      0.00      0.00
08:48:35 PM       1    100.00      0.00      0.00      0.00      0.00      0.00
08:48:36 PM       1    100.00      0.00      0.00      0.00      0.00      0.00
08:48:37 PM       1    100.00      0.00      0.00      0.00      0.00      0.00
08:48:38 PM       1    100.00      0.00      0.00      0.00      0.00      0.00
Average:          1    100.00      0.00      0.00      0.00      0.00      0.00
