Linux 3.14.33-regular (node220-2) 	01/05/2017 	_x86_64_	(8 CPU)

11:31:16 PM     CPU     %user     %nice   %system   %iowait    %steal     %idle
11:31:17 PM       1    100.00      0.00      0.00      0.00      0.00      0.00
11:31:18 PM       1    100.00      0.00      0.00      0.00      0.00      0.00
11:31:19 PM       1    100.00      0.00      0.00      0.00      0.00      0.00
11:31:20 PM       1    100.00      0.00      0.00      0.00      0.00      0.00
11:31:21 PM       1    100.00      0.00      0.00      0.00      0.00      0.00
11:31:22 PM       1    100.00      0.00      0.00      0.00      0.00      0.00
11:31:23 PM       1    100.00      0.00      0.00      0.00      0.00      0.00
11:31:24 PM       1    100.00      0.00      0.00      0.00      0.00      0.00
11:31:25 PM       1    100.00      0.00      0.00      0.00      0.00      0.00
11:31:26 PM       1    100.00      0.00      0.00      0.00      0.00      0.00
11:31:27 PM       1    100.00      0.00      0.00      0.00      0.00      0.00
11:31:28 PM       1    100.00      0.00      0.00      0.00      0.00      0.00
11:31:29 PM       1    100.00      0.00      0.00      0.00      0.00      0.00
11:31:30 PM       1    100.00      0.00      0.00      0.00      0.00      0.00
11:31:31 PM       1    100.00      0.00      0.00      0.00      0.00      0.00
11:31:32 PM       1    100.00      0.00      0.00      0.00      0.00      0.00
11:31:33 PM       1    100.00      0.00      0.00      0.00      0.00      0.00
11:31:34 PM       1    100.00      0.00      0.00      0.00      0.00      0.00
11:31:35 PM       1    100.00      0.00      0.00      0.00      0.00      0.00
11:31:36 PM       1    100.00      0.00      0.00      0.00      0.00      0.00
Average:          1    100.00      0.00      0.00      0.00      0.00      0.00
