Linux 3.14.33-regular (node220-2) 	01/05/2017 	_x86_64_	(8 CPU)

07:53:34 PM     CPU     %user     %nice   %system   %iowait    %steal     %idle
07:53:35 PM       1    100.00      0.00      0.00      0.00      0.00      0.00
07:53:36 PM       1    100.00      0.00      0.00      0.00      0.00      0.00
07:53:37 PM       1    100.00      0.00      0.00      0.00      0.00      0.00
07:53:38 PM       1    100.00      0.00      0.00      0.00      0.00      0.00
07:53:39 PM       1    100.00      0.00      0.00      0.00      0.00      0.00
07:53:40 PM       1    100.00      0.00      0.00      0.00      0.00      0.00
07:53:41 PM       1    100.00      0.00      0.00      0.00      0.00      0.00
07:53:42 PM       1    100.00      0.00      0.00      0.00      0.00      0.00
07:53:43 PM       1    100.00      0.00      0.00      0.00      0.00      0.00
07:53:44 PM       1    100.00      0.00      0.00      0.00      0.00      0.00
07:53:45 PM       1    100.00      0.00      0.00      0.00      0.00      0.00
07:53:46 PM       1    100.00      0.00      0.00      0.00      0.00      0.00
07:53:47 PM       1    100.00      0.00      0.00      0.00      0.00      0.00
07:53:48 PM       1    100.00      0.00      0.00      0.00      0.00      0.00
07:53:49 PM       1    100.00      0.00      0.00      0.00      0.00      0.00
07:53:50 PM       1    100.00      0.00      0.00      0.00      0.00      0.00
07:53:51 PM       1    100.00      0.00      0.00      0.00      0.00      0.00
07:53:52 PM       1    100.00      0.00      0.00      0.00      0.00      0.00
07:53:53 PM       1    100.00      0.00      0.00      0.00      0.00      0.00
07:53:54 PM       1    100.00      0.00      0.00      0.00      0.00      0.00
Average:          1    100.00      0.00      0.00      0.00      0.00      0.00
