Linux 3.14.33-regular (node220-2) 	01/06/2017 	_x86_64_	(8 CPU)

12:26:40 AM     CPU     %user     %nice   %system   %iowait    %steal     %idle
12:26:41 AM       1    100.00      0.00      0.00      0.00      0.00      0.00
12:26:42 AM       1    100.00      0.00      0.00      0.00      0.00      0.00
12:26:43 AM       1    100.00      0.00      0.00      0.00      0.00      0.00
12:26:44 AM       1    100.00      0.00      0.00      0.00      0.00      0.00
12:26:45 AM       1    100.00      0.00      0.00      0.00      0.00      0.00
12:26:46 AM       1    100.00      0.00      0.00      0.00      0.00      0.00
12:26:47 AM       1    100.00      0.00      0.00      0.00      0.00      0.00
12:26:48 AM       1    100.00      0.00      0.00      0.00      0.00      0.00
12:26:49 AM       1    100.00      0.00      0.00      0.00      0.00      0.00
12:26:50 AM       1    100.00      0.00      0.00      0.00      0.00      0.00
12:26:51 AM       1    100.00      0.00      0.00      0.00      0.00      0.00
12:26:52 AM       1    100.00      0.00      0.00      0.00      0.00      0.00
12:26:53 AM       1    100.00      0.00      0.00      0.00      0.00      0.00
12:26:54 AM       1    100.00      0.00      0.00      0.00      0.00      0.00
12:26:55 AM       1    100.00      0.00      0.00      0.00      0.00      0.00
12:26:56 AM       1    100.00      0.00      0.00      0.00      0.00      0.00
12:26:57 AM       1    100.00      0.00      0.00      0.00      0.00      0.00
12:26:58 AM       1    100.00      0.00      0.00      0.00      0.00      0.00
12:26:59 AM       1    100.00      0.00      0.00      0.00      0.00      0.00
12:27:00 AM       1    100.00      0.00      0.00      0.00      0.00      0.00
Average:          1    100.00      0.00      0.00      0.00      0.00      0.00
