Linux 3.14.33-regular (node220-2) 	01/05/2017 	_x86_64_	(8 CPU)

07:18:16 PM     CPU     %user     %nice   %system   %iowait    %steal     %idle
07:18:17 PM       1    100.00      0.00      0.00      0.00      0.00      0.00
07:18:18 PM       1    100.00      0.00      0.00      0.00      0.00      0.00
07:18:19 PM       1    100.00      0.00      0.00      0.00      0.00      0.00
07:18:20 PM       1    100.00      0.00      0.00      0.00      0.00      0.00
07:18:21 PM       1    100.00      0.00      0.00      0.00      0.00      0.00
07:18:22 PM       1    100.00      0.00      0.00      0.00      0.00      0.00
07:18:23 PM       1    100.00      0.00      0.00      0.00      0.00      0.00
07:18:24 PM       1    100.00      0.00      0.00      0.00      0.00      0.00
07:18:25 PM       1    100.00      0.00      0.00      0.00      0.00      0.00
07:18:26 PM       1    100.00      0.00      0.00      0.00      0.00      0.00
07:18:27 PM       1    100.00      0.00      0.00      0.00      0.00      0.00
07:18:28 PM       1    100.00      0.00      0.00      0.00      0.00      0.00
07:18:29 PM       1    100.00      0.00      0.00      0.00      0.00      0.00
07:18:30 PM       1    100.00      0.00      0.00      0.00      0.00      0.00
07:18:31 PM       1    100.00      0.00      0.00      0.00      0.00      0.00
07:18:32 PM       1    100.00      0.00      0.00      0.00      0.00      0.00
07:18:33 PM       1    100.00      0.00      0.00      0.00      0.00      0.00
07:18:34 PM       1    100.00      0.00      0.00      0.00      0.00      0.00
07:18:35 PM       1    100.00      0.00      0.00      0.00      0.00      0.00
07:18:36 PM       1    100.00      0.00      0.00      0.00      0.00      0.00
Average:          1    100.00      0.00      0.00      0.00      0.00      0.00
