Linux 3.14.33-regular (node220-2) 	01/06/2017 	_x86_64_	(8 CPU)

01:27:05 AM     CPU     %user     %nice   %system   %iowait    %steal     %idle
01:27:06 AM       1    100.00      0.00      0.00      0.00      0.00      0.00
01:27:07 AM       1    100.00      0.00      0.00      0.00      0.00      0.00
01:27:08 AM       1    100.00      0.00      0.00      0.00      0.00      0.00
01:27:09 AM       1    100.00      0.00      0.00      0.00      0.00      0.00
01:27:10 AM       1    100.00      0.00      0.00      0.00      0.00      0.00
01:27:11 AM       1    100.00      0.00      0.00      0.00      0.00      0.00
01:27:12 AM       1    100.00      0.00      0.00      0.00      0.00      0.00
01:27:13 AM       1    100.00      0.00      0.00      0.00      0.00      0.00
01:27:14 AM       1    100.00      0.00      0.00      0.00      0.00      0.00
01:27:15 AM       1    100.00      0.00      0.00      0.00      0.00      0.00
01:27:16 AM       1    100.00      0.00      0.00      0.00      0.00      0.00
01:27:17 AM       1    100.00      0.00      0.00      0.00      0.00      0.00
01:27:18 AM       1    100.00      0.00      0.00      0.00      0.00      0.00
01:27:19 AM       1    100.00      0.00      0.00      0.00      0.00      0.00
01:27:20 AM       1    100.00      0.00      0.00      0.00      0.00      0.00
01:27:21 AM       1    100.00      0.00      0.00      0.00      0.00      0.00
01:27:22 AM       1    100.00      0.00      0.00      0.00      0.00      0.00
01:27:23 AM       1    100.00      0.00      0.00      0.00      0.00      0.00
01:27:24 AM       1    100.00      0.00      0.00      0.00      0.00      0.00
01:27:25 AM       1    100.00      0.00      0.00      0.00      0.00      0.00
Average:          1    100.00      0.00      0.00      0.00      0.00      0.00
