Linux 3.14.33-regular (node220-2) 	01/05/2017 	_x86_64_	(8 CPU)

10:06:16 PM     CPU     %user     %nice   %system   %iowait    %steal     %idle
10:06:17 PM       1    100.00      0.00      0.00      0.00      0.00      0.00
10:06:18 PM       1    100.00      0.00      0.00      0.00      0.00      0.00
10:06:19 PM       1    100.00      0.00      0.00      0.00      0.00      0.00
10:06:20 PM       1    100.00      0.00      0.00      0.00      0.00      0.00
10:06:21 PM       1    100.00      0.00      0.00      0.00      0.00      0.00
10:06:22 PM       1    100.00      0.00      0.00      0.00      0.00      0.00
10:06:23 PM       1    100.00      0.00      0.00      0.00      0.00      0.00
10:06:24 PM       1    100.00      0.00      0.00      0.00      0.00      0.00
10:06:25 PM       1    100.00      0.00      0.00      0.00      0.00      0.00
10:06:26 PM       1    100.00      0.00      0.00      0.00      0.00      0.00
10:06:27 PM       1    100.00      0.00      0.00      0.00      0.00      0.00
10:06:28 PM       1    100.00      0.00      0.00      0.00      0.00      0.00
10:06:29 PM       1    100.00      0.00      0.00      0.00      0.00      0.00
10:06:30 PM       1    100.00      0.00      0.00      0.00      0.00      0.00
10:06:31 PM       1    100.00      0.00      0.00      0.00      0.00      0.00
10:06:32 PM       1    100.00      0.00      0.00      0.00      0.00      0.00
10:06:33 PM       1    100.00      0.00      0.00      0.00      0.00      0.00
10:06:34 PM       1    100.00      0.00      0.00      0.00      0.00      0.00
10:06:35 PM       1    100.00      0.00      0.00      0.00      0.00      0.00
10:06:36 PM       1    100.00      0.00      0.00      0.00      0.00      0.00
Average:          1    100.00      0.00      0.00      0.00      0.00      0.00
