Linux 3.14.33-regular (node220-2) 	01/05/2017 	_x86_64_	(8 CPU)

07:31:43 PM     CPU     %user     %nice   %system   %iowait    %steal     %idle
07:31:44 PM       1    100.00      0.00      0.00      0.00      0.00      0.00
07:31:45 PM       1    100.00      0.00      0.00      0.00      0.00      0.00
07:31:46 PM       1    100.00      0.00      0.00      0.00      0.00      0.00
07:31:47 PM       1    100.00      0.00      0.00      0.00      0.00      0.00
07:31:48 PM       1    100.00      0.00      0.00      0.00      0.00      0.00
07:31:49 PM       1    100.00      0.00      0.00      0.00      0.00      0.00
07:31:50 PM       1    100.00      0.00      0.00      0.00      0.00      0.00
07:31:51 PM       1    100.00      0.00      0.00      0.00      0.00      0.00
07:31:52 PM       1    100.00      0.00      0.00      0.00      0.00      0.00
07:31:53 PM       1    100.00      0.00      0.00      0.00      0.00      0.00
07:31:54 PM       1    100.00      0.00      0.00      0.00      0.00      0.00
07:31:55 PM       1    100.00      0.00      0.00      0.00      0.00      0.00
07:31:56 PM       1    100.00      0.00      0.00      0.00      0.00      0.00
07:31:57 PM       1    100.00      0.00      0.00      0.00      0.00      0.00
07:31:58 PM       1    100.00      0.00      0.00      0.00      0.00      0.00
07:31:59 PM       1    100.00      0.00      0.00      0.00      0.00      0.00
07:32:00 PM       1    100.00      0.00      0.00      0.00      0.00      0.00
07:32:01 PM       1    100.00      0.00      0.00      0.00      0.00      0.00
07:32:02 PM       1    100.00      0.00      0.00      0.00      0.00      0.00
07:32:03 PM       1    100.00      0.00      0.00      0.00      0.00      0.00
Average:          1    100.00      0.00      0.00      0.00      0.00      0.00
