Linux 3.14.33-regular (node220-2) 	01/05/2017 	_x86_64_	(8 CPU)

11:28:04 PM     CPU     %user     %nice   %system   %iowait    %steal     %idle
11:28:05 PM       1    100.00      0.00      0.00      0.00      0.00      0.00
11:28:06 PM       1    100.00      0.00      0.00      0.00      0.00      0.00
11:28:07 PM       1    100.00      0.00      0.00      0.00      0.00      0.00
11:28:08 PM       1    100.00      0.00      0.00      0.00      0.00      0.00
11:28:09 PM       1    100.00      0.00      0.00      0.00      0.00      0.00
11:28:10 PM       1    100.00      0.00      0.00      0.00      0.00      0.00
11:28:11 PM       1    100.00      0.00      0.00      0.00      0.00      0.00
11:28:12 PM       1    100.00      0.00      0.00      0.00      0.00      0.00
11:28:13 PM       1    100.00      0.00      0.00      0.00      0.00      0.00
11:28:14 PM       1    100.00      0.00      0.00      0.00      0.00      0.00
11:28:15 PM       1    100.00      0.00      0.00      0.00      0.00      0.00
11:28:16 PM       1    100.00      0.00      0.00      0.00      0.00      0.00
11:28:17 PM       1    100.00      0.00      0.00      0.00      0.00      0.00
11:28:18 PM       1    100.00      0.00      0.00      0.00      0.00      0.00
11:28:19 PM       1    100.00      0.00      0.00      0.00      0.00      0.00
11:28:20 PM       1    100.00      0.00      0.00      0.00      0.00      0.00
11:28:21 PM       1    100.00      0.00      0.00      0.00      0.00      0.00
11:28:22 PM       1    100.00      0.00      0.00      0.00      0.00      0.00
11:28:23 PM       1    100.00      0.00      0.00      0.00      0.00      0.00
11:28:24 PM       1    100.00      0.00      0.00      0.00      0.00      0.00
Average:          1    100.00      0.00      0.00      0.00      0.00      0.00
