Linux 3.14.33-regular (node220-2) 	01/05/2017 	_x86_64_	(8 CPU)

04:28:22 PM     CPU     %user     %nice   %system   %iowait    %steal     %idle
04:28:23 PM       1    100.00      0.00      0.00      0.00      0.00      0.00
04:28:24 PM       1    100.00      0.00      0.00      0.00      0.00      0.00
04:28:25 PM       1    100.00      0.00      0.00      0.00      0.00      0.00
04:28:26 PM       1    100.00      0.00      0.00      0.00      0.00      0.00
04:28:27 PM       1    100.00      0.00      0.00      0.00      0.00      0.00
04:28:28 PM       1    100.00      0.00      0.00      0.00      0.00      0.00
04:28:29 PM       1    100.00      0.00      0.00      0.00      0.00      0.00
04:28:30 PM       1    100.00      0.00      0.00      0.00      0.00      0.00
04:28:31 PM       1    100.00      0.00      0.00      0.00      0.00      0.00
04:28:32 PM       1    100.00      0.00      0.00      0.00      0.00      0.00
04:28:33 PM       1    100.00      0.00      0.00      0.00      0.00      0.00
04:28:34 PM       1    100.00      0.00      0.00      0.00      0.00      0.00
04:28:35 PM       1    100.00      0.00      0.00      0.00      0.00      0.00
04:28:36 PM       1    100.00      0.00      0.00      0.00      0.00      0.00
04:28:37 PM       1    100.00      0.00      0.00      0.00      0.00      0.00
04:28:38 PM       1    100.00      0.00      0.00      0.00      0.00      0.00
04:28:39 PM       1    100.00      0.00      0.00      0.00      0.00      0.00
04:28:40 PM       1    100.00      0.00      0.00      0.00      0.00      0.00
04:28:41 PM       1    100.00      0.00      0.00      0.00      0.00      0.00
04:28:42 PM       1    100.00      0.00      0.00      0.00      0.00      0.00
Average:          1    100.00      0.00      0.00      0.00      0.00      0.00
