Linux 3.14.33-regular (node220-2) 	01/05/2017 	_x86_64_	(8 CPU)

03:36:24 PM     CPU     %user     %nice   %system   %iowait    %steal     %idle
03:36:25 PM       1    100.00      0.00      0.00      0.00      0.00      0.00
03:36:26 PM       1     99.00      0.00      1.00      0.00      0.00      0.00
03:36:27 PM       1    100.00      0.00      0.00      0.00      0.00      0.00
03:36:28 PM       1    100.00      0.00      0.00      0.00      0.00      0.00
03:36:29 PM       1    100.00      0.00      0.00      0.00      0.00      0.00
03:36:30 PM       1     98.99      0.00      1.01      0.00      0.00      0.00
03:36:31 PM       1    100.00      0.00      0.00      0.00      0.00      0.00
03:36:32 PM       1    100.00      0.00      0.00      0.00      0.00      0.00
03:36:33 PM       1    100.00      0.00      0.00      0.00      0.00      0.00
03:36:34 PM       1    100.00      0.00      0.00      0.00      0.00      0.00
03:36:35 PM       1    100.00      0.00      0.00      0.00      0.00      0.00
03:36:36 PM       1    100.00      0.00      0.00      0.00      0.00      0.00
03:36:37 PM       1    100.00      0.00      0.00      0.00      0.00      0.00
03:36:38 PM       1    100.00      0.00      0.00      0.00      0.00      0.00
03:36:39 PM       1    100.00      0.00      0.00      0.00      0.00      0.00
03:36:40 PM       1    100.00      0.00      0.00      0.00      0.00      0.00
03:36:41 PM       1    100.00      0.00      0.00      0.00      0.00      0.00
03:36:42 PM       1    100.00      0.00      0.00      0.00      0.00      0.00
03:36:43 PM       1    100.00      0.00      0.00      0.00      0.00      0.00
03:36:44 PM       1    100.00      0.00      0.00      0.00      0.00      0.00
Average:          1     99.90      0.00      0.10      0.00      0.00      0.00
