Linux 3.14.33-regular (node220-2) 	01/05/2017 	_x86_64_	(8 CPU)

08:56:42 PM     CPU     %user     %nice   %system   %iowait    %steal     %idle
08:56:43 PM       1    100.00      0.00      0.00      0.00      0.00      0.00
08:56:44 PM       1    100.00      0.00      0.00      0.00      0.00      0.00
08:56:45 PM       1    100.00      0.00      0.00      0.00      0.00      0.00
08:56:46 PM       1    100.00      0.00      0.00      0.00      0.00      0.00
08:56:47 PM       1    100.00      0.00      0.00      0.00      0.00      0.00
08:56:48 PM       1    100.00      0.00      0.00      0.00      0.00      0.00
08:56:49 PM       1    100.00      0.00      0.00      0.00      0.00      0.00
08:56:50 PM       1    100.00      0.00      0.00      0.00      0.00      0.00
08:56:51 PM       1    100.00      0.00      0.00      0.00      0.00      0.00
08:56:52 PM       1    100.00      0.00      0.00      0.00      0.00      0.00
08:56:53 PM       1    100.00      0.00      0.00      0.00      0.00      0.00
08:56:54 PM       1    100.00      0.00      0.00      0.00      0.00      0.00
08:56:55 PM       1    100.00      0.00      0.00      0.00      0.00      0.00
08:56:56 PM       1    100.00      0.00      0.00      0.00      0.00      0.00
08:56:57 PM       1    100.00      0.00      0.00      0.00      0.00      0.00
08:56:58 PM       1    100.00      0.00      0.00      0.00      0.00      0.00
08:56:59 PM       1    100.00      0.00      0.00      0.00      0.00      0.00
08:57:00 PM       1    100.00      0.00      0.00      0.00      0.00      0.00
08:57:01 PM       1    100.00      0.00      0.00      0.00      0.00      0.00
08:57:02 PM       1    100.00      0.00      0.00      0.00      0.00      0.00
Average:          1    100.00      0.00      0.00      0.00      0.00      0.00
