Linux 3.14.33-regular (node220-2) 	01/05/2017 	_x86_64_	(8 CPU)

09:01:13 PM     CPU     %user     %nice   %system   %iowait    %steal     %idle
09:01:14 PM       1    100.00      0.00      0.00      0.00      0.00      0.00
09:01:15 PM       1    100.00      0.00      0.00      0.00      0.00      0.00
09:01:16 PM       1    100.00      0.00      0.00      0.00      0.00      0.00
09:01:17 PM       1    100.00      0.00      0.00      0.00      0.00      0.00
09:01:18 PM       1    100.00      0.00      0.00      0.00      0.00      0.00
09:01:19 PM       1    100.00      0.00      0.00      0.00      0.00      0.00
09:01:20 PM       1    100.00      0.00      0.00      0.00      0.00      0.00
09:01:21 PM       1    100.00      0.00      0.00      0.00      0.00      0.00
09:01:22 PM       1    100.00      0.00      0.00      0.00      0.00      0.00
09:01:23 PM       1    100.00      0.00      0.00      0.00      0.00      0.00
09:01:24 PM       1    100.00      0.00      0.00      0.00      0.00      0.00
09:01:25 PM       1    100.00      0.00      0.00      0.00      0.00      0.00
09:01:26 PM       1    100.00      0.00      0.00      0.00      0.00      0.00
09:01:27 PM       1    100.00      0.00      0.00      0.00      0.00      0.00
09:01:28 PM       1    100.00      0.00      0.00      0.00      0.00      0.00
09:01:29 PM       1    100.00      0.00      0.00      0.00      0.00      0.00
09:01:30 PM       1    100.00      0.00      0.00      0.00      0.00      0.00
09:01:31 PM       1    100.00      0.00      0.00      0.00      0.00      0.00
09:01:32 PM       1    100.00      0.00      0.00      0.00      0.00      0.00
09:01:33 PM       1    100.00      0.00      0.00      0.00      0.00      0.00
Average:          1    100.00      0.00      0.00      0.00      0.00      0.00
