Linux 3.14.33-regular (node220-2) 	01/05/2017 	_x86_64_	(8 CPU)

06:19:45 PM     CPU     %user     %nice   %system   %iowait    %steal     %idle
06:19:46 PM       1    100.00      0.00      0.00      0.00      0.00      0.00
06:19:47 PM       1    100.00      0.00      0.00      0.00      0.00      0.00
06:19:48 PM       1    100.00      0.00      0.00      0.00      0.00      0.00
06:19:49 PM       1    100.00      0.00      0.00      0.00      0.00      0.00
06:19:50 PM       1    100.00      0.00      0.00      0.00      0.00      0.00
06:19:51 PM       1    100.00      0.00      0.00      0.00      0.00      0.00
06:19:52 PM       1    100.00      0.00      0.00      0.00      0.00      0.00
06:19:53 PM       1    100.00      0.00      0.00      0.00      0.00      0.00
06:19:54 PM       1    100.00      0.00      0.00      0.00      0.00      0.00
06:19:55 PM       1    100.00      0.00      0.00      0.00      0.00      0.00
06:19:56 PM       1    100.00      0.00      0.00      0.00      0.00      0.00
06:19:57 PM       1    100.00      0.00      0.00      0.00      0.00      0.00
06:19:58 PM       1    100.00      0.00      0.00      0.00      0.00      0.00
06:19:59 PM       1    100.00      0.00      0.00      0.00      0.00      0.00
06:20:00 PM       1    100.00      0.00      0.00      0.00      0.00      0.00
06:20:01 PM       1    100.00      0.00      0.00      0.00      0.00      0.00
06:20:02 PM       1    100.00      0.00      0.00      0.00      0.00      0.00
06:20:03 PM       1    100.00      0.00      0.00      0.00      0.00      0.00
06:20:04 PM       1    100.00      0.00      0.00      0.00      0.00      0.00
06:20:05 PM       1    100.00      0.00      0.00      0.00      0.00      0.00
Average:          1    100.00      0.00      0.00      0.00      0.00      0.00
