Linux 3.14.33-regular (node220-2) 	01/06/2017 	_x86_64_	(8 CPU)

01:11:04 AM     CPU     %user     %nice   %system   %iowait    %steal     %idle
01:11:05 AM       1    100.00      0.00      0.00      0.00      0.00      0.00
01:11:06 AM       1    100.00      0.00      0.00      0.00      0.00      0.00
01:11:07 AM       1    100.00      0.00      0.00      0.00      0.00      0.00
01:11:08 AM       1    100.00      0.00      0.00      0.00      0.00      0.00
01:11:09 AM       1    100.00      0.00      0.00      0.00      0.00      0.00
01:11:10 AM       1    100.00      0.00      0.00      0.00      0.00      0.00
01:11:11 AM       1    100.00      0.00      0.00      0.00      0.00      0.00
01:11:12 AM       1    100.00      0.00      0.00      0.00      0.00      0.00
01:11:13 AM       1    100.00      0.00      0.00      0.00      0.00      0.00
01:11:14 AM       1    100.00      0.00      0.00      0.00      0.00      0.00
01:11:15 AM       1    100.00      0.00      0.00      0.00      0.00      0.00
01:11:16 AM       1    100.00      0.00      0.00      0.00      0.00      0.00
01:11:17 AM       1    100.00      0.00      0.00      0.00      0.00      0.00
01:11:18 AM       1    100.00      0.00      0.00      0.00      0.00      0.00
01:11:19 AM       1    100.00      0.00      0.00      0.00      0.00      0.00
01:11:20 AM       1    100.00      0.00      0.00      0.00      0.00      0.00
01:11:21 AM       1    100.00      0.00      0.00      0.00      0.00      0.00
01:11:22 AM       1    100.00      0.00      0.00      0.00      0.00      0.00
01:11:23 AM       1    100.00      0.00      0.00      0.00      0.00      0.00
01:11:24 AM       1    100.00      0.00      0.00      0.00      0.00      0.00
Average:          1    100.00      0.00      0.00      0.00      0.00      0.00
