Linux 3.14.33-regular (node220-2) 	01/05/2017 	_x86_64_	(8 CPU)

07:47:47 PM     CPU     %user     %nice   %system   %iowait    %steal     %idle
07:47:48 PM       1    100.00      0.00      0.00      0.00      0.00      0.00
07:47:49 PM       1    100.00      0.00      0.00      0.00      0.00      0.00
07:47:50 PM       1    100.00      0.00      0.00      0.00      0.00      0.00
07:47:51 PM       1    100.00      0.00      0.00      0.00      0.00      0.00
07:47:52 PM       1    100.00      0.00      0.00      0.00      0.00      0.00
07:47:53 PM       1    100.00      0.00      0.00      0.00      0.00      0.00
07:47:54 PM       1    100.00      0.00      0.00      0.00      0.00      0.00
07:47:55 PM       1    100.00      0.00      0.00      0.00      0.00      0.00
07:47:56 PM       1    100.00      0.00      0.00      0.00      0.00      0.00
07:47:57 PM       1    100.00      0.00      0.00      0.00      0.00      0.00
07:47:58 PM       1    100.00      0.00      0.00      0.00      0.00      0.00
07:47:59 PM       1    100.00      0.00      0.00      0.00      0.00      0.00
07:48:00 PM       1    100.00      0.00      0.00      0.00      0.00      0.00
07:48:01 PM       1    100.00      0.00      0.00      0.00      0.00      0.00
07:48:02 PM       1    100.00      0.00      0.00      0.00      0.00      0.00
07:48:03 PM       1    100.00      0.00      0.00      0.00      0.00      0.00
07:48:04 PM       1    100.00      0.00      0.00      0.00      0.00      0.00
07:48:05 PM       1    100.00      0.00      0.00      0.00      0.00      0.00
07:48:06 PM       1    100.00      0.00      0.00      0.00      0.00      0.00
07:48:07 PM       1    100.00      0.00      0.00      0.00      0.00      0.00
Average:          1    100.00      0.00      0.00      0.00      0.00      0.00
