Linux 3.14.33-regular (node220-2) 	01/05/2017 	_x86_64_	(8 CPU)

05:32:08 PM     CPU     %user     %nice   %system   %iowait    %steal     %idle
05:32:09 PM       1    100.00      0.00      0.00      0.00      0.00      0.00
05:32:10 PM       1    100.00      0.00      0.00      0.00      0.00      0.00
05:32:11 PM       1    100.00      0.00      0.00      0.00      0.00      0.00
05:32:12 PM       1    100.00      0.00      0.00      0.00      0.00      0.00
05:32:13 PM       1    100.00      0.00      0.00      0.00      0.00      0.00
05:32:14 PM       1    100.00      0.00      0.00      0.00      0.00      0.00
05:32:15 PM       1    100.00      0.00      0.00      0.00      0.00      0.00
05:32:16 PM       1    100.00      0.00      0.00      0.00      0.00      0.00
05:32:17 PM       1    100.00      0.00      0.00      0.00      0.00      0.00
05:32:18 PM       1    100.00      0.00      0.00      0.00      0.00      0.00
05:32:19 PM       1    100.00      0.00      0.00      0.00      0.00      0.00
05:32:20 PM       1    100.00      0.00      0.00      0.00      0.00      0.00
05:32:21 PM       1    100.00      0.00      0.00      0.00      0.00      0.00
05:32:22 PM       1    100.00      0.00      0.00      0.00      0.00      0.00
05:32:23 PM       1    100.00      0.00      0.00      0.00      0.00      0.00
05:32:24 PM       1    100.00      0.00      0.00      0.00      0.00      0.00
05:32:25 PM       1    100.00      0.00      0.00      0.00      0.00      0.00
05:32:26 PM       1    100.00      0.00      0.00      0.00      0.00      0.00
05:32:27 PM       1    100.00      0.00      0.00      0.00      0.00      0.00
05:32:28 PM       1    100.00      0.00      0.00      0.00      0.00      0.00
Average:          1    100.00      0.00      0.00      0.00      0.00      0.00
