Linux 3.14.33-regular (node220-2) 	01/05/2017 	_x86_64_	(8 CPU)

04:11:42 PM     CPU     %user     %nice   %system   %iowait    %steal     %idle
04:11:43 PM       1    100.00      0.00      0.00      0.00      0.00      0.00
04:11:44 PM       1    100.00      0.00      0.00      0.00      0.00      0.00
04:11:45 PM       1    100.00      0.00      0.00      0.00      0.00      0.00
04:11:46 PM       1    100.00      0.00      0.00      0.00      0.00      0.00
04:11:47 PM       1    100.00      0.00      0.00      0.00      0.00      0.00
04:11:48 PM       1    100.00      0.00      0.00      0.00      0.00      0.00
04:11:49 PM       1    100.00      0.00      0.00      0.00      0.00      0.00
04:11:50 PM       1    100.00      0.00      0.00      0.00      0.00      0.00
04:11:51 PM       1    100.00      0.00      0.00      0.00      0.00      0.00
04:11:52 PM       1    100.00      0.00      0.00      0.00      0.00      0.00
04:11:53 PM       1    100.00      0.00      0.00      0.00      0.00      0.00
04:11:54 PM       1    100.00      0.00      0.00      0.00      0.00      0.00
04:11:55 PM       1    100.00      0.00      0.00      0.00      0.00      0.00
04:11:56 PM       1    100.00      0.00      0.00      0.00      0.00      0.00
04:11:57 PM       1    100.00      0.00      0.00      0.00      0.00      0.00
04:11:58 PM       1    100.00      0.00      0.00      0.00      0.00      0.00
04:11:59 PM       1    100.00      0.00      0.00      0.00      0.00      0.00
04:12:00 PM       1    100.00      0.00      0.00      0.00      0.00      0.00
04:12:01 PM       1    100.00      0.00      0.00      0.00      0.00      0.00
04:12:02 PM       1    100.00      0.00      0.00      0.00      0.00      0.00
Average:          1    100.00      0.00      0.00      0.00      0.00      0.00
