Linux 3.14.33-regular (node220-2) 	01/05/2017 	_x86_64_	(8 CPU)

06:20:23 PM     CPU     %user     %nice   %system   %iowait    %steal     %idle
06:20:24 PM       1    100.00      0.00      0.00      0.00      0.00      0.00
06:20:25 PM       1    100.00      0.00      0.00      0.00      0.00      0.00
06:20:26 PM       1    100.00      0.00      0.00      0.00      0.00      0.00
06:20:27 PM       1    100.00      0.00      0.00      0.00      0.00      0.00
06:20:28 PM       1    100.00      0.00      0.00      0.00      0.00      0.00
06:20:29 PM       1    100.00      0.00      0.00      0.00      0.00      0.00
06:20:30 PM       1    100.00      0.00      0.00      0.00      0.00      0.00
06:20:31 PM       1    100.00      0.00      0.00      0.00      0.00      0.00
06:20:32 PM       1    100.00      0.00      0.00      0.00      0.00      0.00
06:20:33 PM       1    100.00      0.00      0.00      0.00      0.00      0.00
06:20:34 PM       1    100.00      0.00      0.00      0.00      0.00      0.00
06:20:35 PM       1    100.00      0.00      0.00      0.00      0.00      0.00
06:20:36 PM       1    100.00      0.00      0.00      0.00      0.00      0.00
06:20:37 PM       1    100.00      0.00      0.00      0.00      0.00      0.00
06:20:38 PM       1    100.00      0.00      0.00      0.00      0.00      0.00
06:20:39 PM       1    100.00      0.00      0.00      0.00      0.00      0.00
06:20:40 PM       1    100.00      0.00      0.00      0.00      0.00      0.00
06:20:41 PM       1    100.00      0.00      0.00      0.00      0.00      0.00
06:20:42 PM       1    100.00      0.00      0.00      0.00      0.00      0.00
06:20:43 PM       1    100.00      0.00      0.00      0.00      0.00      0.00
Average:          1    100.00      0.00      0.00      0.00      0.00      0.00
