Linux 3.14.33-regular (node220-2) 	01/05/2017 	_x86_64_	(8 CPU)

10:24:57 PM     CPU     %user     %nice   %system   %iowait    %steal     %idle
10:24:58 PM       1    100.00      0.00      0.00      0.00      0.00      0.00
10:24:59 PM       1    100.00      0.00      0.00      0.00      0.00      0.00
10:25:00 PM       1    100.00      0.00      0.00      0.00      0.00      0.00
10:25:01 PM       1    100.00      0.00      0.00      0.00      0.00      0.00
10:25:02 PM       1    100.00      0.00      0.00      0.00      0.00      0.00
10:25:03 PM       1    100.00      0.00      0.00      0.00      0.00      0.00
10:25:04 PM       1    100.00      0.00      0.00      0.00      0.00      0.00
10:25:05 PM       1    100.00      0.00      0.00      0.00      0.00      0.00
10:25:06 PM       1    100.00      0.00      0.00      0.00      0.00      0.00
10:25:07 PM       1    100.00      0.00      0.00      0.00      0.00      0.00
10:25:08 PM       1    100.00      0.00      0.00      0.00      0.00      0.00
10:25:09 PM       1    100.00      0.00      0.00      0.00      0.00      0.00
10:25:10 PM       1    100.00      0.00      0.00      0.00      0.00      0.00
10:25:11 PM       1    100.00      0.00      0.00      0.00      0.00      0.00
10:25:12 PM       1    100.00      0.00      0.00      0.00      0.00      0.00
10:25:13 PM       1    100.00      0.00      0.00      0.00      0.00      0.00
10:25:14 PM       1    100.00      0.00      0.00      0.00      0.00      0.00
10:25:15 PM       1    100.00      0.00      0.00      0.00      0.00      0.00
10:25:16 PM       1    100.00      0.00      0.00      0.00      0.00      0.00
10:25:17 PM       1    100.00      0.00      0.00      0.00      0.00      0.00
Average:          1    100.00      0.00      0.00      0.00      0.00      0.00
