Linux 3.14.33-regular (node220-2) 	01/05/2017 	_x86_64_	(8 CPU)

08:02:33 PM     CPU     %user     %nice   %system   %iowait    %steal     %idle
08:02:34 PM       1    100.00      0.00      0.00      0.00      0.00      0.00
08:02:35 PM       1    100.00      0.00      0.00      0.00      0.00      0.00
08:02:36 PM       1    100.00      0.00      0.00      0.00      0.00      0.00
08:02:37 PM       1    100.00      0.00      0.00      0.00      0.00      0.00
08:02:38 PM       1    100.00      0.00      0.00      0.00      0.00      0.00
08:02:39 PM       1    100.00      0.00      0.00      0.00      0.00      0.00
08:02:40 PM       1    100.00      0.00      0.00      0.00      0.00      0.00
08:02:41 PM       1    100.00      0.00      0.00      0.00      0.00      0.00
08:02:42 PM       1    100.00      0.00      0.00      0.00      0.00      0.00
08:02:43 PM       1    100.00      0.00      0.00      0.00      0.00      0.00
08:02:44 PM       1    100.00      0.00      0.00      0.00      0.00      0.00
08:02:45 PM       1    100.00      0.00      0.00      0.00      0.00      0.00
08:02:46 PM       1    100.00      0.00      0.00      0.00      0.00      0.00
08:02:47 PM       1    100.00      0.00      0.00      0.00      0.00      0.00
08:02:48 PM       1    100.00      0.00      0.00      0.00      0.00      0.00
08:02:49 PM       1    100.00      0.00      0.00      0.00      0.00      0.00
08:02:50 PM       1    100.00      0.00      0.00      0.00      0.00      0.00
08:02:51 PM       1    100.00      0.00      0.00      0.00      0.00      0.00
08:02:52 PM       1    100.00      0.00      0.00      0.00      0.00      0.00
08:02:53 PM       1    100.00      0.00      0.00      0.00      0.00      0.00
Average:          1    100.00      0.00      0.00      0.00      0.00      0.00
