Linux 3.14.33-regular (node220-2) 	01/05/2017 	_x86_64_	(8 CPU)

05:33:25 PM     CPU     %user     %nice   %system   %iowait    %steal     %idle
05:33:26 PM       1    100.00      0.00      0.00      0.00      0.00      0.00
05:33:27 PM       1    100.00      0.00      0.00      0.00      0.00      0.00
05:33:28 PM       1    100.00      0.00      0.00      0.00      0.00      0.00
05:33:29 PM       1    100.00      0.00      0.00      0.00      0.00      0.00
05:33:30 PM       1    100.00      0.00      0.00      0.00      0.00      0.00
05:33:31 PM       1    100.00      0.00      0.00      0.00      0.00      0.00
05:33:32 PM       1    100.00      0.00      0.00      0.00      0.00      0.00
05:33:33 PM       1    100.00      0.00      0.00      0.00      0.00      0.00
05:33:34 PM       1    100.00      0.00      0.00      0.00      0.00      0.00
05:33:35 PM       1    100.00      0.00      0.00      0.00      0.00      0.00
05:33:36 PM       1    100.00      0.00      0.00      0.00      0.00      0.00
05:33:37 PM       1    100.00      0.00      0.00      0.00      0.00      0.00
05:33:38 PM       1    100.00      0.00      0.00      0.00      0.00      0.00
05:33:39 PM       1    100.00      0.00      0.00      0.00      0.00      0.00
05:33:40 PM       1    100.00      0.00      0.00      0.00      0.00      0.00
05:33:41 PM       1    100.00      0.00      0.00      0.00      0.00      0.00
05:33:42 PM       1    100.00      0.00      0.00      0.00      0.00      0.00
05:33:43 PM       1    100.00      0.00      0.00      0.00      0.00      0.00
05:33:44 PM       1    100.00      0.00      0.00      0.00      0.00      0.00
05:33:45 PM       1    100.00      0.00      0.00      0.00      0.00      0.00
Average:          1    100.00      0.00      0.00      0.00      0.00      0.00
