Linux 3.14.33-regular (node220-2) 	01/05/2017 	_x86_64_	(8 CPU)

04:38:43 PM     CPU     %user     %nice   %system   %iowait    %steal     %idle
04:38:44 PM       1    100.00      0.00      0.00      0.00      0.00      0.00
04:38:45 PM       1    100.00      0.00      0.00      0.00      0.00      0.00
04:38:46 PM       1    100.00      0.00      0.00      0.00      0.00      0.00
04:38:47 PM       1    100.00      0.00      0.00      0.00      0.00      0.00
04:38:48 PM       1    100.00      0.00      0.00      0.00      0.00      0.00
04:38:49 PM       1    100.00      0.00      0.00      0.00      0.00      0.00
04:38:50 PM       1    100.00      0.00      0.00      0.00      0.00      0.00
04:38:51 PM       1    100.00      0.00      0.00      0.00      0.00      0.00
04:38:52 PM       1    100.00      0.00      0.00      0.00      0.00      0.00
04:38:53 PM       1    100.00      0.00      0.00      0.00      0.00      0.00
04:38:54 PM       1    100.00      0.00      0.00      0.00      0.00      0.00
04:38:55 PM       1    100.00      0.00      0.00      0.00      0.00      0.00
04:38:56 PM       1    100.00      0.00      0.00      0.00      0.00      0.00
04:38:57 PM       1    100.00      0.00      0.00      0.00      0.00      0.00
04:38:58 PM       1    100.00      0.00      0.00      0.00      0.00      0.00
04:38:59 PM       1    100.00      0.00      0.00      0.00      0.00      0.00
04:39:00 PM       1    100.00      0.00      0.00      0.00      0.00      0.00
04:39:01 PM       1    100.00      0.00      0.00      0.00      0.00      0.00
04:39:02 PM       1    100.00      0.00      0.00      0.00      0.00      0.00
04:39:03 PM       1    100.00      0.00      0.00      0.00      0.00      0.00
Average:          1    100.00      0.00      0.00      0.00      0.00      0.00
