Linux 3.14.33-regular (node220-2) 	01/06/2017 	_x86_64_	(8 CPU)

01:34:49 AM     CPU     %user     %nice   %system   %iowait    %steal     %idle
01:34:50 AM       1    100.00      0.00      0.00      0.00      0.00      0.00
01:34:51 AM       1    100.00      0.00      0.00      0.00      0.00      0.00
01:34:52 AM       1    100.00      0.00      0.00      0.00      0.00      0.00
01:34:53 AM       1    100.00      0.00      0.00      0.00      0.00      0.00
01:34:54 AM       1    100.00      0.00      0.00      0.00      0.00      0.00
01:34:55 AM       1    100.00      0.00      0.00      0.00      0.00      0.00
01:34:56 AM       1    100.00      0.00      0.00      0.00      0.00      0.00
01:34:57 AM       1    100.00      0.00      0.00      0.00      0.00      0.00
01:34:58 AM       1    100.00      0.00      0.00      0.00      0.00      0.00
01:34:59 AM       1    100.00      0.00      0.00      0.00      0.00      0.00
01:35:00 AM       1    100.00      0.00      0.00      0.00      0.00      0.00
01:35:01 AM       1    100.00      0.00      0.00      0.00      0.00      0.00
01:35:02 AM       1    100.00      0.00      0.00      0.00      0.00      0.00
01:35:03 AM       1    100.00      0.00      0.00      0.00      0.00      0.00
01:35:04 AM       1    100.00      0.00      0.00      0.00      0.00      0.00
01:35:05 AM       1    100.00      0.00      0.00      0.00      0.00      0.00
01:35:06 AM       1    100.00      0.00      0.00      0.00      0.00      0.00
01:35:07 AM       1    100.00      0.00      0.00      0.00      0.00      0.00
01:35:08 AM       1    100.00      0.00      0.00      0.00      0.00      0.00
01:35:09 AM       1    100.00      0.00      0.00      0.00      0.00      0.00
Average:          1    100.00      0.00      0.00      0.00      0.00      0.00
