Linux 3.14.33-regular (node220-2) 	01/06/2017 	_x86_64_	(8 CPU)

12:33:43 AM     CPU     %user     %nice   %system   %iowait    %steal     %idle
12:33:44 AM       1    100.00      0.00      0.00      0.00      0.00      0.00
12:33:45 AM       1    100.00      0.00      0.00      0.00      0.00      0.00
12:33:46 AM       1    100.00      0.00      0.00      0.00      0.00      0.00
12:33:47 AM       1    100.00      0.00      0.00      0.00      0.00      0.00
12:33:48 AM       1    100.00      0.00      0.00      0.00      0.00      0.00
12:33:49 AM       1    100.00      0.00      0.00      0.00      0.00      0.00
12:33:50 AM       1    100.00      0.00      0.00      0.00      0.00      0.00
12:33:51 AM       1    100.00      0.00      0.00      0.00      0.00      0.00
12:33:52 AM       1    100.00      0.00      0.00      0.00      0.00      0.00
12:33:53 AM       1    100.00      0.00      0.00      0.00      0.00      0.00
12:33:54 AM       1    100.00      0.00      0.00      0.00      0.00      0.00
12:33:55 AM       1    100.00      0.00      0.00      0.00      0.00      0.00
12:33:56 AM       1    100.00      0.00      0.00      0.00      0.00      0.00
12:33:57 AM       1    100.00      0.00      0.00      0.00      0.00      0.00
12:33:58 AM       1    100.00      0.00      0.00      0.00      0.00      0.00
12:33:59 AM       1    100.00      0.00      0.00      0.00      0.00      0.00
12:34:00 AM       1    100.00      0.00      0.00      0.00      0.00      0.00
12:34:01 AM       1    100.00      0.00      0.00      0.00      0.00      0.00
12:34:02 AM       1    100.00      0.00      0.00      0.00      0.00      0.00
12:34:03 AM       1    100.00      0.00      0.00      0.00      0.00      0.00
Average:          1    100.00      0.00      0.00      0.00      0.00      0.00
