Linux 3.14.33-regular (node220-2) 	01/05/2017 	_x86_64_	(8 CPU)

06:03:02 PM     CPU     %user     %nice   %system   %iowait    %steal     %idle
06:03:03 PM       1    100.00      0.00      0.00      0.00      0.00      0.00
06:03:04 PM       1    100.00      0.00      0.00      0.00      0.00      0.00
06:03:05 PM       1    100.00      0.00      0.00      0.00      0.00      0.00
06:03:06 PM       1    100.00      0.00      0.00      0.00      0.00      0.00
06:03:07 PM       1    100.00      0.00      0.00      0.00      0.00      0.00
06:03:08 PM       1    100.00      0.00      0.00      0.00      0.00      0.00
06:03:09 PM       1    100.00      0.00      0.00      0.00      0.00      0.00
06:03:10 PM       1    100.00      0.00      0.00      0.00      0.00      0.00
06:03:11 PM       1    100.00      0.00      0.00      0.00      0.00      0.00
06:03:12 PM       1    100.00      0.00      0.00      0.00      0.00      0.00
06:03:13 PM       1    100.00      0.00      0.00      0.00      0.00      0.00
06:03:14 PM       1    100.00      0.00      0.00      0.00      0.00      0.00
06:03:15 PM       1    100.00      0.00      0.00      0.00      0.00      0.00
06:03:16 PM       1    100.00      0.00      0.00      0.00      0.00      0.00
06:03:17 PM       1    100.00      0.00      0.00      0.00      0.00      0.00
06:03:18 PM       1    100.00      0.00      0.00      0.00      0.00      0.00
06:03:19 PM       1    100.00      0.00      0.00      0.00      0.00      0.00
06:03:20 PM       1    100.00      0.00      0.00      0.00      0.00      0.00
06:03:21 PM       1    100.00      0.00      0.00      0.00      0.00      0.00
06:03:22 PM       1    100.00      0.00      0.00      0.00      0.00      0.00
Average:          1    100.00      0.00      0.00      0.00      0.00      0.00
