Linux 3.14.33-regular (node220-2) 	01/06/2017 	_x86_64_	(8 CPU)

12:07:22 AM     CPU     %user     %nice   %system   %iowait    %steal     %idle
12:07:23 AM       1    100.00      0.00      0.00      0.00      0.00      0.00
12:07:24 AM       1    100.00      0.00      0.00      0.00      0.00      0.00
12:07:25 AM       1    100.00      0.00      0.00      0.00      0.00      0.00
12:07:26 AM       1    100.00      0.00      0.00      0.00      0.00      0.00
12:07:27 AM       1    100.00      0.00      0.00      0.00      0.00      0.00
12:07:28 AM       1    100.00      0.00      0.00      0.00      0.00      0.00
12:07:29 AM       1    100.00      0.00      0.00      0.00      0.00      0.00
12:07:30 AM       1    100.00      0.00      0.00      0.00      0.00      0.00
12:07:31 AM       1    100.00      0.00      0.00      0.00      0.00      0.00
12:07:32 AM       1    100.00      0.00      0.00      0.00      0.00      0.00
12:07:33 AM       1    100.00      0.00      0.00      0.00      0.00      0.00
12:07:34 AM       1    100.00      0.00      0.00      0.00      0.00      0.00
12:07:35 AM       1    100.00      0.00      0.00      0.00      0.00      0.00
12:07:36 AM       1    100.00      0.00      0.00      0.00      0.00      0.00
12:07:37 AM       1    100.00      0.00      0.00      0.00      0.00      0.00
12:07:38 AM       1    100.00      0.00      0.00      0.00      0.00      0.00
12:07:39 AM       1    100.00      0.00      0.00      0.00      0.00      0.00
12:07:40 AM       1    100.00      0.00      0.00      0.00      0.00      0.00
12:07:41 AM       1    100.00      0.00      0.00      0.00      0.00      0.00
12:07:42 AM       1    100.00      0.00      0.00      0.00      0.00      0.00
Average:          1    100.00      0.00      0.00      0.00      0.00      0.00
