Linux 3.14.33-regular (node220-2) 	01/06/2017 	_x86_64_	(8 CPU)

02:06:24 AM     CPU     %user     %nice   %system   %iowait    %steal     %idle
02:06:25 AM       1    100.00      0.00      0.00      0.00      0.00      0.00
02:06:26 AM       1    100.00      0.00      0.00      0.00      0.00      0.00
02:06:27 AM       1    100.00      0.00      0.00      0.00      0.00      0.00
02:06:28 AM       1    100.00      0.00      0.00      0.00      0.00      0.00
02:06:29 AM       1    100.00      0.00      0.00      0.00      0.00      0.00
02:06:30 AM       1    100.00      0.00      0.00      0.00      0.00      0.00
02:06:31 AM       1    100.00      0.00      0.00      0.00      0.00      0.00
02:06:32 AM       1    100.00      0.00      0.00      0.00      0.00      0.00
02:06:33 AM       1    100.00      0.00      0.00      0.00      0.00      0.00
02:06:34 AM       1    100.00      0.00      0.00      0.00      0.00      0.00
02:06:35 AM       1    100.00      0.00      0.00      0.00      0.00      0.00
02:06:36 AM       1    100.00      0.00      0.00      0.00      0.00      0.00
02:06:37 AM       1    100.00      0.00      0.00      0.00      0.00      0.00
02:06:38 AM       1    100.00      0.00      0.00      0.00      0.00      0.00
02:06:39 AM       1    100.00      0.00      0.00      0.00      0.00      0.00
02:06:40 AM       1    100.00      0.00      0.00      0.00      0.00      0.00
02:06:41 AM       1    100.00      0.00      0.00      0.00      0.00      0.00
02:06:42 AM       1    100.00      0.00      0.00      0.00      0.00      0.00
02:06:43 AM       1    100.00      0.00      0.00      0.00      0.00      0.00
02:06:44 AM       1    100.00      0.00      0.00      0.00      0.00      0.00
Average:          1    100.00      0.00      0.00      0.00      0.00      0.00
