Linux 3.14.33-regular (node220-2) 	01/05/2017 	_x86_64_	(8 CPU)

11:20:59 PM     CPU     %user     %nice   %system   %iowait    %steal     %idle
11:21:00 PM       1    100.00      0.00      0.00      0.00      0.00      0.00
11:21:01 PM       1    100.00      0.00      0.00      0.00      0.00      0.00
11:21:02 PM       1    100.00      0.00      0.00      0.00      0.00      0.00
11:21:03 PM       1    100.00      0.00      0.00      0.00      0.00      0.00
11:21:04 PM       1    100.00      0.00      0.00      0.00      0.00      0.00
11:21:05 PM       1    100.00      0.00      0.00      0.00      0.00      0.00
11:21:06 PM       1    100.00      0.00      0.00      0.00      0.00      0.00
11:21:07 PM       1    100.00      0.00      0.00      0.00      0.00      0.00
11:21:08 PM       1    100.00      0.00      0.00      0.00      0.00      0.00
11:21:09 PM       1    100.00      0.00      0.00      0.00      0.00      0.00
11:21:10 PM       1    100.00      0.00      0.00      0.00      0.00      0.00
11:21:11 PM       1    100.00      0.00      0.00      0.00      0.00      0.00
11:21:12 PM       1    100.00      0.00      0.00      0.00      0.00      0.00
11:21:13 PM       1    100.00      0.00      0.00      0.00      0.00      0.00
11:21:14 PM       1    100.00      0.00      0.00      0.00      0.00      0.00
11:21:15 PM       1    100.00      0.00      0.00      0.00      0.00      0.00
11:21:16 PM       1    100.00      0.00      0.00      0.00      0.00      0.00
11:21:17 PM       1    100.00      0.00      0.00      0.00      0.00      0.00
11:21:18 PM       1    100.00      0.00      0.00      0.00      0.00      0.00
11:21:19 PM       1    100.00      0.00      0.00      0.00      0.00      0.00
Average:          1    100.00      0.00      0.00      0.00      0.00      0.00
