Linux 3.14.33-regular (node220-2) 	01/05/2017 	_x86_64_	(8 CPU)

03:42:10 PM     CPU     %user     %nice   %system   %iowait    %steal     %idle
03:42:11 PM       1    100.00      0.00      0.00      0.00      0.00      0.00
03:42:12 PM       1    100.00      0.00      0.00      0.00      0.00      0.00
03:42:13 PM       1    100.00      0.00      0.00      0.00      0.00      0.00
03:42:14 PM       1    100.00      0.00      0.00      0.00      0.00      0.00
03:42:15 PM       1    100.00      0.00      0.00      0.00      0.00      0.00
03:42:16 PM       1    100.00      0.00      0.00      0.00      0.00      0.00
03:42:17 PM       1    100.00      0.00      0.00      0.00      0.00      0.00
03:42:18 PM       1    100.00      0.00      0.00      0.00      0.00      0.00
03:42:19 PM       1    100.00      0.00      0.00      0.00      0.00      0.00
03:42:20 PM       1    100.00      0.00      0.00      0.00      0.00      0.00
03:42:21 PM       1    100.00      0.00      0.00      0.00      0.00      0.00
03:42:22 PM       1    100.00      0.00      0.00      0.00      0.00      0.00
03:42:23 PM       1    100.00      0.00      0.00      0.00      0.00      0.00
03:42:24 PM       1    100.00      0.00      0.00      0.00      0.00      0.00
03:42:25 PM       1    100.00      0.00      0.00      0.00      0.00      0.00
03:42:26 PM       1    100.00      0.00      0.00      0.00      0.00      0.00
03:42:27 PM       1    100.00      0.00      0.00      0.00      0.00      0.00
03:42:28 PM       1    100.00      0.00      0.00      0.00      0.00      0.00
03:42:29 PM       1    100.00      0.00      0.00      0.00      0.00      0.00
03:42:30 PM       1    100.00      0.00      0.00      0.00      0.00      0.00
Average:          1    100.00      0.00      0.00      0.00      0.00      0.00
