Linux 3.14.33-regular (node220-2) 	01/05/2017 	_x86_64_	(8 CPU)

10:35:13 PM     CPU     %user     %nice   %system   %iowait    %steal     %idle
10:35:14 PM       1    100.00      0.00      0.00      0.00      0.00      0.00
10:35:15 PM       1    100.00      0.00      0.00      0.00      0.00      0.00
10:35:16 PM       1    100.00      0.00      0.00      0.00      0.00      0.00
10:35:17 PM       1    100.00      0.00      0.00      0.00      0.00      0.00
10:35:18 PM       1    100.00      0.00      0.00      0.00      0.00      0.00
10:35:19 PM       1    100.00      0.00      0.00      0.00      0.00      0.00
10:35:20 PM       1    100.00      0.00      0.00      0.00      0.00      0.00
10:35:21 PM       1    100.00      0.00      0.00      0.00      0.00      0.00
10:35:22 PM       1    100.00      0.00      0.00      0.00      0.00      0.00
10:35:23 PM       1    100.00      0.00      0.00      0.00      0.00      0.00
10:35:24 PM       1    100.00      0.00      0.00      0.00      0.00      0.00
10:35:25 PM       1    100.00      0.00      0.00      0.00      0.00      0.00
10:35:26 PM       1    100.00      0.00      0.00      0.00      0.00      0.00
10:35:27 PM       1    100.00      0.00      0.00      0.00      0.00      0.00
10:35:28 PM       1    100.00      0.00      0.00      0.00      0.00      0.00
10:35:29 PM       1    100.00      0.00      0.00      0.00      0.00      0.00
10:35:30 PM       1    100.00      0.00      0.00      0.00      0.00      0.00
10:35:31 PM       1    100.00      0.00      0.00      0.00      0.00      0.00
10:35:32 PM       1    100.00      0.00      0.00      0.00      0.00      0.00
10:35:33 PM       1    100.00      0.00      0.00      0.00      0.00      0.00
Average:          1    100.00      0.00      0.00      0.00      0.00      0.00
