Linux 3.14.33-regular (node220-2) 	01/05/2017 	_x86_64_	(8 CPU)

08:43:48 PM     CPU     %user     %nice   %system   %iowait    %steal     %idle
08:43:49 PM       1    100.00      0.00      0.00      0.00      0.00      0.00
08:43:50 PM       1    100.00      0.00      0.00      0.00      0.00      0.00
08:43:51 PM       1    100.00      0.00      0.00      0.00      0.00      0.00
08:43:52 PM       1    100.00      0.00      0.00      0.00      0.00      0.00
08:43:53 PM       1    100.00      0.00      0.00      0.00      0.00      0.00
08:43:54 PM       1    100.00      0.00      0.00      0.00      0.00      0.00
08:43:55 PM       1    100.00      0.00      0.00      0.00      0.00      0.00
08:43:56 PM       1    100.00      0.00      0.00      0.00      0.00      0.00
08:43:57 PM       1    100.00      0.00      0.00      0.00      0.00      0.00
08:43:58 PM       1    100.00      0.00      0.00      0.00      0.00      0.00
08:43:59 PM       1    100.00      0.00      0.00      0.00      0.00      0.00
08:44:00 PM       1    100.00      0.00      0.00      0.00      0.00      0.00
08:44:01 PM       1    100.00      0.00      0.00      0.00      0.00      0.00
08:44:02 PM       1    100.00      0.00      0.00      0.00      0.00      0.00
08:44:03 PM       1    100.00      0.00      0.00      0.00      0.00      0.00
08:44:04 PM       1    100.00      0.00      0.00      0.00      0.00      0.00
08:44:05 PM       1    100.00      0.00      0.00      0.00      0.00      0.00
08:44:06 PM       1    100.00      0.00      0.00      0.00      0.00      0.00
08:44:07 PM       1    100.00      0.00      0.00      0.00      0.00      0.00
08:44:08 PM       1    100.00      0.00      0.00      0.00      0.00      0.00
Average:          1    100.00      0.00      0.00      0.00      0.00      0.00
