Linux 3.14.33-regular (node220-2) 	01/05/2017 	_x86_64_	(8 CPU)

05:27:38 PM     CPU     %user     %nice   %system   %iowait    %steal     %idle
05:27:39 PM       1    100.00      0.00      0.00      0.00      0.00      0.00
05:27:40 PM       1    100.00      0.00      0.00      0.00      0.00      0.00
05:27:41 PM       1    100.00      0.00      0.00      0.00      0.00      0.00
05:27:42 PM       1    100.00      0.00      0.00      0.00      0.00      0.00
05:27:43 PM       1    100.00      0.00      0.00      0.00      0.00      0.00
05:27:44 PM       1    100.00      0.00      0.00      0.00      0.00      0.00
05:27:45 PM       1    100.00      0.00      0.00      0.00      0.00      0.00
05:27:46 PM       1    100.00      0.00      0.00      0.00      0.00      0.00
05:27:47 PM       1    100.00      0.00      0.00      0.00      0.00      0.00
05:27:48 PM       1    100.00      0.00      0.00      0.00      0.00      0.00
05:27:49 PM       1    100.00      0.00      0.00      0.00      0.00      0.00
05:27:50 PM       1    100.00      0.00      0.00      0.00      0.00      0.00
05:27:51 PM       1    100.00      0.00      0.00      0.00      0.00      0.00
05:27:52 PM       1    100.00      0.00      0.00      0.00      0.00      0.00
05:27:53 PM       1    100.00      0.00      0.00      0.00      0.00      0.00
05:27:54 PM       1    100.00      0.00      0.00      0.00      0.00      0.00
05:27:55 PM       1    100.00      0.00      0.00      0.00      0.00      0.00
05:27:56 PM       1    100.00      0.00      0.00      0.00      0.00      0.00
05:27:57 PM       1    100.00      0.00      0.00      0.00      0.00      0.00
05:27:58 PM       1    100.00      0.00      0.00      0.00      0.00      0.00
Average:          1    100.00      0.00      0.00      0.00      0.00      0.00
