Linux 3.14.33-regular (node220-2) 	01/05/2017 	_x86_64_	(8 CPU)

07:07:18 PM     CPU     %user     %nice   %system   %iowait    %steal     %idle
07:07:19 PM       1    100.00      0.00      0.00      0.00      0.00      0.00
07:07:20 PM       1    100.00      0.00      0.00      0.00      0.00      0.00
07:07:21 PM       1    100.00      0.00      0.00      0.00      0.00      0.00
07:07:22 PM       1    100.00      0.00      0.00      0.00      0.00      0.00
07:07:23 PM       1    100.00      0.00      0.00      0.00      0.00      0.00
07:07:24 PM       1    100.00      0.00      0.00      0.00      0.00      0.00
07:07:25 PM       1    100.00      0.00      0.00      0.00      0.00      0.00
07:07:26 PM       1    100.00      0.00      0.00      0.00      0.00      0.00
07:07:27 PM       1    100.00      0.00      0.00      0.00      0.00      0.00
07:07:28 PM       1    100.00      0.00      0.00      0.00      0.00      0.00
07:07:29 PM       1    100.00      0.00      0.00      0.00      0.00      0.00
07:07:30 PM       1    100.00      0.00      0.00      0.00      0.00      0.00
07:07:31 PM       1    100.00      0.00      0.00      0.00      0.00      0.00
07:07:32 PM       1    100.00      0.00      0.00      0.00      0.00      0.00
07:07:33 PM       1    100.00      0.00      0.00      0.00      0.00      0.00
07:07:34 PM       1    100.00      0.00      0.00      0.00      0.00      0.00
07:07:35 PM       1    100.00      0.00      0.00      0.00      0.00      0.00
07:07:36 PM       1    100.00      0.00      0.00      0.00      0.00      0.00
07:07:37 PM       1    100.00      0.00      0.00      0.00      0.00      0.00
07:07:38 PM       1    100.00      0.00      0.00      0.00      0.00      0.00
Average:          1    100.00      0.00      0.00      0.00      0.00      0.00
