Linux 3.14.33-regular (node220-2) 	01/05/2017 	_x86_64_	(8 CPU)

03:35:45 PM     CPU     %user     %nice   %system   %iowait    %steal     %idle
03:35:46 PM       1    100.00      0.00      0.00      0.00      0.00      0.00
03:35:47 PM       1    100.00      0.00      0.00      0.00      0.00      0.00
03:35:48 PM       1    100.00      0.00      0.00      0.00      0.00      0.00
03:35:49 PM       1    100.00      0.00      0.00      0.00      0.00      0.00
03:35:50 PM       1    100.00      0.00      0.00      0.00      0.00      0.00
03:35:51 PM       1    100.00      0.00      0.00      0.00      0.00      0.00
03:35:52 PM       1    100.00      0.00      0.00      0.00      0.00      0.00
03:35:53 PM       1    100.00      0.00      0.00      0.00      0.00      0.00
03:35:54 PM       1    100.00      0.00      0.00      0.00      0.00      0.00
03:35:55 PM       1    100.00      0.00      0.00      0.00      0.00      0.00
03:35:56 PM       1    100.00      0.00      0.00      0.00      0.00      0.00
03:35:57 PM       1    100.00      0.00      0.00      0.00      0.00      0.00
03:35:58 PM       1    100.00      0.00      0.00      0.00      0.00      0.00
03:35:59 PM       1    100.00      0.00      0.00      0.00      0.00      0.00
03:36:00 PM       1    100.00      0.00      0.00      0.00      0.00      0.00
03:36:01 PM       1    100.00      0.00      0.00      0.00      0.00      0.00
03:36:02 PM       1    100.00      0.00      0.00      0.00      0.00      0.00
03:36:03 PM       1    100.00      0.00      0.00      0.00      0.00      0.00
03:36:04 PM       1    100.00      0.00      0.00      0.00      0.00      0.00
03:36:05 PM       1    100.00      0.00      0.00      0.00      0.00      0.00
Average:          1    100.00      0.00      0.00      0.00      0.00      0.00
