Linux 3.14.33-regular (node220-2) 	01/05/2017 	_x86_64_	(8 CPU)

05:46:16 PM     CPU     %user     %nice   %system   %iowait    %steal     %idle
05:46:17 PM       1    100.00      0.00      0.00      0.00      0.00      0.00
05:46:18 PM       1    100.00      0.00      0.00      0.00      0.00      0.00
05:46:19 PM       1    100.00      0.00      0.00      0.00      0.00      0.00
05:46:20 PM       1    100.00      0.00      0.00      0.00      0.00      0.00
05:46:21 PM       1    100.00      0.00      0.00      0.00      0.00      0.00
05:46:22 PM       1    100.00      0.00      0.00      0.00      0.00      0.00
05:46:23 PM       1    100.00      0.00      0.00      0.00      0.00      0.00
05:46:24 PM       1    100.00      0.00      0.00      0.00      0.00      0.00
05:46:25 PM       1    100.00      0.00      0.00      0.00      0.00      0.00
05:46:26 PM       1    100.00      0.00      0.00      0.00      0.00      0.00
05:46:27 PM       1    100.00      0.00      0.00      0.00      0.00      0.00
05:46:28 PM       1    100.00      0.00      0.00      0.00      0.00      0.00
05:46:29 PM       1    100.00      0.00      0.00      0.00      0.00      0.00
05:46:30 PM       1    100.00      0.00      0.00      0.00      0.00      0.00
05:46:31 PM       1    100.00      0.00      0.00      0.00      0.00      0.00
05:46:32 PM       1    100.00      0.00      0.00      0.00      0.00      0.00
05:46:33 PM       1    100.00      0.00      0.00      0.00      0.00      0.00
05:46:34 PM       1    100.00      0.00      0.00      0.00      0.00      0.00
05:46:35 PM       1    100.00      0.00      0.00      0.00      0.00      0.00
05:46:36 PM       1    100.00      0.00      0.00      0.00      0.00      0.00
Average:          1    100.00      0.00      0.00      0.00      0.00      0.00
