Linux 3.14.33-regular (node220-2) 	01/05/2017 	_x86_64_	(8 CPU)

05:11:33 PM     CPU     %user     %nice   %system   %iowait    %steal     %idle
05:11:34 PM       1    100.00      0.00      0.00      0.00      0.00      0.00
05:11:35 PM       1    100.00      0.00      0.00      0.00      0.00      0.00
05:11:36 PM       1    100.00      0.00      0.00      0.00      0.00      0.00
05:11:37 PM       1    100.00      0.00      0.00      0.00      0.00      0.00
05:11:38 PM       1    100.00      0.00      0.00      0.00      0.00      0.00
05:11:39 PM       1    100.00      0.00      0.00      0.00      0.00      0.00
05:11:40 PM       1    100.00      0.00      0.00      0.00      0.00      0.00
05:11:41 PM       1    100.00      0.00      0.00      0.00      0.00      0.00
05:11:42 PM       1    100.00      0.00      0.00      0.00      0.00      0.00
05:11:43 PM       1    100.00      0.00      0.00      0.00      0.00      0.00
05:11:44 PM       1    100.00      0.00      0.00      0.00      0.00      0.00
05:11:45 PM       1    100.00      0.00      0.00      0.00      0.00      0.00
05:11:46 PM       1    100.00      0.00      0.00      0.00      0.00      0.00
05:11:47 PM       1    100.00      0.00      0.00      0.00      0.00      0.00
05:11:48 PM       1    100.00      0.00      0.00      0.00      0.00      0.00
05:11:49 PM       1    100.00      0.00      0.00      0.00      0.00      0.00
05:11:50 PM       1    100.00      0.00      0.00      0.00      0.00      0.00
05:11:51 PM       1    100.00      0.00      0.00      0.00      0.00      0.00
05:11:52 PM       1    100.00      0.00      0.00      0.00      0.00      0.00
05:11:53 PM       1    100.00      0.00      0.00      0.00      0.00      0.00
Average:          1    100.00      0.00      0.00      0.00      0.00      0.00
