Linux 3.14.33-regular (node220-2) 	01/05/2017 	_x86_64_	(8 CPU)

04:06:34 PM     CPU     %user     %nice   %system   %iowait    %steal     %idle
04:06:35 PM       1    100.00      0.00      0.00      0.00      0.00      0.00
04:06:36 PM       1    100.00      0.00      0.00      0.00      0.00      0.00
04:06:37 PM       1    100.00      0.00      0.00      0.00      0.00      0.00
04:06:38 PM       1    100.00      0.00      0.00      0.00      0.00      0.00
04:06:39 PM       1    100.00      0.00      0.00      0.00      0.00      0.00
04:06:40 PM       1    100.00      0.00      0.00      0.00      0.00      0.00
04:06:41 PM       1    100.00      0.00      0.00      0.00      0.00      0.00
04:06:42 PM       1    100.00      0.00      0.00      0.00      0.00      0.00
04:06:43 PM       1    100.00      0.00      0.00      0.00      0.00      0.00
04:06:44 PM       1    100.00      0.00      0.00      0.00      0.00      0.00
04:06:45 PM       1    100.00      0.00      0.00      0.00      0.00      0.00
04:06:46 PM       1    100.00      0.00      0.00      0.00      0.00      0.00
04:06:47 PM       1    100.00      0.00      0.00      0.00      0.00      0.00
04:06:48 PM       1    100.00      0.00      0.00      0.00      0.00      0.00
04:06:49 PM       1    100.00      0.00      0.00      0.00      0.00      0.00
04:06:50 PM       1    100.00      0.00      0.00      0.00      0.00      0.00
04:06:51 PM       1    100.00      0.00      0.00      0.00      0.00      0.00
04:06:52 PM       1    100.00      0.00      0.00      0.00      0.00      0.00
04:06:53 PM       1    100.00      0.00      0.00      0.00      0.00      0.00
04:06:54 PM       1    100.00      0.00      0.00      0.00      0.00      0.00
Average:          1    100.00      0.00      0.00      0.00      0.00      0.00
