Linux 3.14.33-regular (node220-2) 	01/05/2017 	_x86_64_	(8 CPU)

06:00:25 PM     CPU     %user     %nice   %system   %iowait    %steal     %idle
06:00:26 PM       1    100.00      0.00      0.00      0.00      0.00      0.00
06:00:27 PM       1    100.00      0.00      0.00      0.00      0.00      0.00
06:00:28 PM       1    100.00      0.00      0.00      0.00      0.00      0.00
06:00:29 PM       1    100.00      0.00      0.00      0.00      0.00      0.00
06:00:30 PM       1    100.00      0.00      0.00      0.00      0.00      0.00
06:00:31 PM       1    100.00      0.00      0.00      0.00      0.00      0.00
06:00:32 PM       1    100.00      0.00      0.00      0.00      0.00      0.00
06:00:33 PM       1    100.00      0.00      0.00      0.00      0.00      0.00
06:00:34 PM       1    100.00      0.00      0.00      0.00      0.00      0.00
06:00:35 PM       1    100.00      0.00      0.00      0.00      0.00      0.00
06:00:36 PM       1    100.00      0.00      0.00      0.00      0.00      0.00
06:00:37 PM       1    100.00      0.00      0.00      0.00      0.00      0.00
06:00:38 PM       1    100.00      0.00      0.00      0.00      0.00      0.00
06:00:39 PM       1    100.00      0.00      0.00      0.00      0.00      0.00
06:00:40 PM       1    100.00      0.00      0.00      0.00      0.00      0.00
06:00:41 PM       1    100.00      0.00      0.00      0.00      0.00      0.00
06:00:42 PM       1    100.00      0.00      0.00      0.00      0.00      0.00
06:00:43 PM       1    100.00      0.00      0.00      0.00      0.00      0.00
06:00:44 PM       1    100.00      0.00      0.00      0.00      0.00      0.00
06:00:45 PM       1    100.00      0.00      0.00      0.00      0.00      0.00
Average:          1    100.00      0.00      0.00      0.00      0.00      0.00
