Linux 3.14.33-regular (node220-2) 	01/06/2017 	_x86_64_	(8 CPU)

01:39:18 AM     CPU     %user     %nice   %system   %iowait    %steal     %idle
01:39:19 AM       1    100.00      0.00      0.00      0.00      0.00      0.00
01:39:20 AM       1    100.00      0.00      0.00      0.00      0.00      0.00
01:39:21 AM       1    100.00      0.00      0.00      0.00      0.00      0.00
01:39:22 AM       1    100.00      0.00      0.00      0.00      0.00      0.00
01:39:23 AM       1    100.00      0.00      0.00      0.00      0.00      0.00
01:39:24 AM       1    100.00      0.00      0.00      0.00      0.00      0.00
01:39:25 AM       1    100.00      0.00      0.00      0.00      0.00      0.00
01:39:26 AM       1    100.00      0.00      0.00      0.00      0.00      0.00
01:39:27 AM       1    100.00      0.00      0.00      0.00      0.00      0.00
01:39:28 AM       1    100.00      0.00      0.00      0.00      0.00      0.00
01:39:29 AM       1    100.00      0.00      0.00      0.00      0.00      0.00
01:39:30 AM       1    100.00      0.00      0.00      0.00      0.00      0.00
01:39:31 AM       1    100.00      0.00      0.00      0.00      0.00      0.00
01:39:32 AM       1    100.00      0.00      0.00      0.00      0.00      0.00
01:39:33 AM       1    100.00      0.00      0.00      0.00      0.00      0.00
01:39:34 AM       1    100.00      0.00      0.00      0.00      0.00      0.00
01:39:35 AM       1    100.00      0.00      0.00      0.00      0.00      0.00
01:39:36 AM       1    100.00      0.00      0.00      0.00      0.00      0.00
01:39:37 AM       1    100.00      0.00      0.00      0.00      0.00      0.00
01:39:38 AM       1    100.00      0.00      0.00      0.00      0.00      0.00
Average:          1    100.00      0.00      0.00      0.00      0.00      0.00
