Linux 3.14.33-regular (node220-2) 	01/06/2017 	_x86_64_	(8 CPU)

01:10:26 AM     CPU     %user     %nice   %system   %iowait    %steal     %idle
01:10:27 AM       1    100.00      0.00      0.00      0.00      0.00      0.00
01:10:28 AM       1    100.00      0.00      0.00      0.00      0.00      0.00
01:10:29 AM       1    100.00      0.00      0.00      0.00      0.00      0.00
01:10:30 AM       1    100.00      0.00      0.00      0.00      0.00      0.00
01:10:31 AM       1    100.00      0.00      0.00      0.00      0.00      0.00
01:10:32 AM       1    100.00      0.00      0.00      0.00      0.00      0.00
01:10:33 AM       1    100.00      0.00      0.00      0.00      0.00      0.00
01:10:34 AM       1    100.00      0.00      0.00      0.00      0.00      0.00
01:10:35 AM       1    100.00      0.00      0.00      0.00      0.00      0.00
01:10:36 AM       1    100.00      0.00      0.00      0.00      0.00      0.00
01:10:37 AM       1    100.00      0.00      0.00      0.00      0.00      0.00
01:10:38 AM       1    100.00      0.00      0.00      0.00      0.00      0.00
01:10:39 AM       1    100.00      0.00      0.00      0.00      0.00      0.00
01:10:40 AM       1    100.00      0.00      0.00      0.00      0.00      0.00
01:10:41 AM       1    100.00      0.00      0.00      0.00      0.00      0.00
01:10:42 AM       1    100.00      0.00      0.00      0.00      0.00      0.00
01:10:43 AM       1    100.00      0.00      0.00      0.00      0.00      0.00
01:10:44 AM       1    100.00      0.00      0.00      0.00      0.00      0.00
01:10:45 AM       1    100.00      0.00      0.00      0.00      0.00      0.00
01:10:46 AM       1    100.00      0.00      0.00      0.00      0.00      0.00
Average:          1    100.00      0.00      0.00      0.00      0.00      0.00
