Linux 3.14.33-regular (node220-2) 	01/05/2017 	_x86_64_	(8 CPU)

06:32:37 PM     CPU     %user     %nice   %system   %iowait    %steal     %idle
06:32:38 PM       1    100.00      0.00      0.00      0.00      0.00      0.00
06:32:39 PM       1    100.00      0.00      0.00      0.00      0.00      0.00
06:32:40 PM       1    100.00      0.00      0.00      0.00      0.00      0.00
06:32:41 PM       1    100.00      0.00      0.00      0.00      0.00      0.00
06:32:42 PM       1    100.00      0.00      0.00      0.00      0.00      0.00
06:32:43 PM       1    100.00      0.00      0.00      0.00      0.00      0.00
06:32:44 PM       1    100.00      0.00      0.00      0.00      0.00      0.00
06:32:45 PM       1    100.00      0.00      0.00      0.00      0.00      0.00
06:32:46 PM       1    100.00      0.00      0.00      0.00      0.00      0.00
06:32:47 PM       1    100.00      0.00      0.00      0.00      0.00      0.00
06:32:48 PM       1    100.00      0.00      0.00      0.00      0.00      0.00
06:32:49 PM       1    100.00      0.00      0.00      0.00      0.00      0.00
06:32:50 PM       1    100.00      0.00      0.00      0.00      0.00      0.00
06:32:51 PM       1    100.00      0.00      0.00      0.00      0.00      0.00
06:32:52 PM       1    100.00      0.00      0.00      0.00      0.00      0.00
06:32:53 PM       1    100.00      0.00      0.00      0.00      0.00      0.00
06:32:54 PM       1    100.00      0.00      0.00      0.00      0.00      0.00
06:32:55 PM       1    100.00      0.00      0.00      0.00      0.00      0.00
06:32:56 PM       1    100.00      0.00      0.00      0.00      0.00      0.00
06:32:57 PM       1    100.00      0.00      0.00      0.00      0.00      0.00
Average:          1    100.00      0.00      0.00      0.00      0.00      0.00
