Linux 3.14.33-regular (node220-2) 	01/05/2017 	_x86_64_	(8 CPU)

09:46:58 PM     CPU     %user     %nice   %system   %iowait    %steal     %idle
09:46:59 PM       1    100.00      0.00      0.00      0.00      0.00      0.00
09:47:00 PM       1    100.00      0.00      0.00      0.00      0.00      0.00
09:47:01 PM       1    100.00      0.00      0.00      0.00      0.00      0.00
09:47:02 PM       1    100.00      0.00      0.00      0.00      0.00      0.00
09:47:03 PM       1    100.00      0.00      0.00      0.00      0.00      0.00
09:47:04 PM       1    100.00      0.00      0.00      0.00      0.00      0.00
09:47:05 PM       1    100.00      0.00      0.00      0.00      0.00      0.00
09:47:06 PM       1    100.00      0.00      0.00      0.00      0.00      0.00
09:47:07 PM       1    100.00      0.00      0.00      0.00      0.00      0.00
09:47:08 PM       1    100.00      0.00      0.00      0.00      0.00      0.00
09:47:09 PM       1    100.00      0.00      0.00      0.00      0.00      0.00
09:47:10 PM       1    100.00      0.00      0.00      0.00      0.00      0.00
09:47:11 PM       1    100.00      0.00      0.00      0.00      0.00      0.00
09:47:12 PM       1    100.00      0.00      0.00      0.00      0.00      0.00
09:47:13 PM       1    100.00      0.00      0.00      0.00      0.00      0.00
09:47:14 PM       1    100.00      0.00      0.00      0.00      0.00      0.00
09:47:15 PM       1    100.00      0.00      0.00      0.00      0.00      0.00
09:47:16 PM       1    100.00      0.00      0.00      0.00      0.00      0.00
09:47:17 PM       1    100.00      0.00      0.00      0.00      0.00      0.00
09:47:18 PM       1    100.00      0.00      0.00      0.00      0.00      0.00
Average:          1    100.00      0.00      0.00      0.00      0.00      0.00
