Linux 3.14.33-regular (node220-2) 	01/05/2017 	_x86_64_	(8 CPU)

10:59:05 PM     CPU     %user     %nice   %system   %iowait    %steal     %idle
10:59:06 PM       1    100.00      0.00      0.00      0.00      0.00      0.00
10:59:07 PM       1    100.00      0.00      0.00      0.00      0.00      0.00
10:59:08 PM       1    100.00      0.00      0.00      0.00      0.00      0.00
10:59:09 PM       1    100.00      0.00      0.00      0.00      0.00      0.00
10:59:10 PM       1    100.00      0.00      0.00      0.00      0.00      0.00
10:59:11 PM       1    100.00      0.00      0.00      0.00      0.00      0.00
10:59:12 PM       1    100.00      0.00      0.00      0.00      0.00      0.00
10:59:13 PM       1    100.00      0.00      0.00      0.00      0.00      0.00
10:59:14 PM       1    100.00      0.00      0.00      0.00      0.00      0.00
10:59:15 PM       1    100.00      0.00      0.00      0.00      0.00      0.00
10:59:16 PM       1    100.00      0.00      0.00      0.00      0.00      0.00
10:59:17 PM       1    100.00      0.00      0.00      0.00      0.00      0.00
10:59:18 PM       1    100.00      0.00      0.00      0.00      0.00      0.00
10:59:19 PM       1    100.00      0.00      0.00      0.00      0.00      0.00
10:59:20 PM       1    100.00      0.00      0.00      0.00      0.00      0.00
10:59:21 PM       1    100.00      0.00      0.00      0.00      0.00      0.00
10:59:22 PM       1    100.00      0.00      0.00      0.00      0.00      0.00
10:59:23 PM       1    100.00      0.00      0.00      0.00      0.00      0.00
10:59:24 PM       1    100.00      0.00      0.00      0.00      0.00      0.00
10:59:25 PM       1    100.00      0.00      0.00      0.00      0.00      0.00
Average:          1    100.00      0.00      0.00      0.00      0.00      0.00
