Linux 3.14.33-regular (node220-2) 	01/05/2017 	_x86_64_	(8 CPU)

06:57:03 PM     CPU     %user     %nice   %system   %iowait    %steal     %idle
06:57:04 PM       1    100.00      0.00      0.00      0.00      0.00      0.00
06:57:05 PM       1    100.00      0.00      0.00      0.00      0.00      0.00
06:57:06 PM       1    100.00      0.00      0.00      0.00      0.00      0.00
06:57:07 PM       1    100.00      0.00      0.00      0.00      0.00      0.00
06:57:08 PM       1    100.00      0.00      0.00      0.00      0.00      0.00
06:57:09 PM       1    100.00      0.00      0.00      0.00      0.00      0.00
06:57:10 PM       1    100.00      0.00      0.00      0.00      0.00      0.00
06:57:11 PM       1    100.00      0.00      0.00      0.00      0.00      0.00
06:57:12 PM       1    100.00      0.00      0.00      0.00      0.00      0.00
06:57:13 PM       1    100.00      0.00      0.00      0.00      0.00      0.00
06:57:14 PM       1    100.00      0.00      0.00      0.00      0.00      0.00
06:57:15 PM       1    100.00      0.00      0.00      0.00      0.00      0.00
06:57:16 PM       1    100.00      0.00      0.00      0.00      0.00      0.00
06:57:17 PM       1    100.00      0.00      0.00      0.00      0.00      0.00
06:57:18 PM       1    100.00      0.00      0.00      0.00      0.00      0.00
06:57:19 PM       1    100.00      0.00      0.00      0.00      0.00      0.00
06:57:20 PM       1    100.00      0.00      0.00      0.00      0.00      0.00
06:57:21 PM       1    100.00      0.00      0.00      0.00      0.00      0.00
06:57:22 PM       1    100.00      0.00      0.00      0.00      0.00      0.00
06:57:23 PM       1    100.00      0.00      0.00      0.00      0.00      0.00
Average:          1    100.00      0.00      0.00      0.00      0.00      0.00
