Linux 3.14.33-regular (node220-2) 	01/05/2017 	_x86_64_	(8 CPU)

04:12:59 PM     CPU     %user     %nice   %system   %iowait    %steal     %idle
04:13:00 PM       1    100.00      0.00      0.00      0.00      0.00      0.00
04:13:01 PM       1    100.00      0.00      0.00      0.00      0.00      0.00
04:13:02 PM       1    100.00      0.00      0.00      0.00      0.00      0.00
04:13:03 PM       1    100.00      0.00      0.00      0.00      0.00      0.00
04:13:04 PM       1    100.00      0.00      0.00      0.00      0.00      0.00
04:13:05 PM       1    100.00      0.00      0.00      0.00      0.00      0.00
04:13:06 PM       1    100.00      0.00      0.00      0.00      0.00      0.00
04:13:07 PM       1    100.00      0.00      0.00      0.00      0.00      0.00
04:13:08 PM       1    100.00      0.00      0.00      0.00      0.00      0.00
04:13:09 PM       1    100.00      0.00      0.00      0.00      0.00      0.00
04:13:10 PM       1    100.00      0.00      0.00      0.00      0.00      0.00
04:13:11 PM       1    100.00      0.00      0.00      0.00      0.00      0.00
04:13:12 PM       1    100.00      0.00      0.00      0.00      0.00      0.00
04:13:13 PM       1    100.00      0.00      0.00      0.00      0.00      0.00
04:13:14 PM       1    100.00      0.00      0.00      0.00      0.00      0.00
04:13:15 PM       1    100.00      0.00      0.00      0.00      0.00      0.00
04:13:16 PM       1    100.00      0.00      0.00      0.00      0.00      0.00
04:13:17 PM       1    100.00      0.00      0.00      0.00      0.00      0.00
04:13:18 PM       1    100.00      0.00      0.00      0.00      0.00      0.00
04:13:19 PM       1    100.00      0.00      0.00      0.00      0.00      0.00
Average:          1    100.00      0.00      0.00      0.00      0.00      0.00
