Linux 3.14.33-regular (node220-2) 	01/05/2017 	_x86_64_	(8 CPU)

06:48:40 PM     CPU     %user     %nice   %system   %iowait    %steal     %idle
06:48:41 PM       1    100.00      0.00      0.00      0.00      0.00      0.00
06:48:42 PM       1    100.00      0.00      0.00      0.00      0.00      0.00
06:48:43 PM       1    100.00      0.00      0.00      0.00      0.00      0.00
06:48:44 PM       1    100.00      0.00      0.00      0.00      0.00      0.00
06:48:45 PM       1    100.00      0.00      0.00      0.00      0.00      0.00
06:48:46 PM       1    100.00      0.00      0.00      0.00      0.00      0.00
06:48:47 PM       1    100.00      0.00      0.00      0.00      0.00      0.00
06:48:48 PM       1    100.00      0.00      0.00      0.00      0.00      0.00
06:48:49 PM       1    100.00      0.00      0.00      0.00      0.00      0.00
06:48:50 PM       1    100.00      0.00      0.00      0.00      0.00      0.00
06:48:51 PM       1    100.00      0.00      0.00      0.00      0.00      0.00
06:48:52 PM       1    100.00      0.00      0.00      0.00      0.00      0.00
06:48:53 PM       1    100.00      0.00      0.00      0.00      0.00      0.00
06:48:54 PM       1    100.00      0.00      0.00      0.00      0.00      0.00
06:48:55 PM       1    100.00      0.00      0.00      0.00      0.00      0.00
06:48:56 PM       1    100.00      0.00      0.00      0.00      0.00      0.00
06:48:57 PM       1    100.00      0.00      0.00      0.00      0.00      0.00
06:48:58 PM       1    100.00      0.00      0.00      0.00      0.00      0.00
06:48:59 PM       1    100.00      0.00      0.00      0.00      0.00      0.00
06:49:00 PM       1    100.00      0.00      0.00      0.00      0.00      0.00
Average:          1    100.00      0.00      0.00      0.00      0.00      0.00
