Linux 3.14.33-regular (node220-2) 	01/05/2017 	_x86_64_	(8 CPU)

11:08:04 PM     CPU     %user     %nice   %system   %iowait    %steal     %idle
11:08:05 PM       1    100.00      0.00      0.00      0.00      0.00      0.00
11:08:06 PM       1    100.00      0.00      0.00      0.00      0.00      0.00
11:08:07 PM       1    100.00      0.00      0.00      0.00      0.00      0.00
11:08:08 PM       1    100.00      0.00      0.00      0.00      0.00      0.00
11:08:09 PM       1    100.00      0.00      0.00      0.00      0.00      0.00
11:08:10 PM       1    100.00      0.00      0.00      0.00      0.00      0.00
11:08:11 PM       1    100.00      0.00      0.00      0.00      0.00      0.00
11:08:12 PM       1    100.00      0.00      0.00      0.00      0.00      0.00
11:08:13 PM       1    100.00      0.00      0.00      0.00      0.00      0.00
11:08:14 PM       1    100.00      0.00      0.00      0.00      0.00      0.00
11:08:15 PM       1    100.00      0.00      0.00      0.00      0.00      0.00
11:08:16 PM       1    100.00      0.00      0.00      0.00      0.00      0.00
11:08:17 PM       1    100.00      0.00      0.00      0.00      0.00      0.00
11:08:18 PM       1    100.00      0.00      0.00      0.00      0.00      0.00
11:08:19 PM       1    100.00      0.00      0.00      0.00      0.00      0.00
11:08:20 PM       1    100.00      0.00      0.00      0.00      0.00      0.00
11:08:21 PM       1    100.00      0.00      0.00      0.00      0.00      0.00
11:08:22 PM       1    100.00      0.00      0.00      0.00      0.00      0.00
11:08:23 PM       1    100.00      0.00      0.00      0.00      0.00      0.00
11:08:24 PM       1    100.00      0.00      0.00      0.00      0.00      0.00
Average:          1    100.00      0.00      0.00      0.00      0.00      0.00
