Linux 3.14.33-regular (node220-2) 	01/06/2017 	_x86_64_	(8 CPU)

01:59:57 AM     CPU     %user     %nice   %system   %iowait    %steal     %idle
01:59:58 AM       1    100.00      0.00      0.00      0.00      0.00      0.00
01:59:59 AM       1    100.00      0.00      0.00      0.00      0.00      0.00
02:00:00 AM       1    100.00      0.00      0.00      0.00      0.00      0.00
02:00:01 AM       1    100.00      0.00      0.00      0.00      0.00      0.00
02:00:02 AM       1    100.00      0.00      0.00      0.00      0.00      0.00
02:00:03 AM       1    100.00      0.00      0.00      0.00      0.00      0.00
02:00:04 AM       1    100.00      0.00      0.00      0.00      0.00      0.00
02:00:05 AM       1    100.00      0.00      0.00      0.00      0.00      0.00
02:00:06 AM       1    100.00      0.00      0.00      0.00      0.00      0.00
02:00:07 AM       1    100.00      0.00      0.00      0.00      0.00      0.00
02:00:08 AM       1    100.00      0.00      0.00      0.00      0.00      0.00
02:00:09 AM       1    100.00      0.00      0.00      0.00      0.00      0.00
02:00:10 AM       1    100.00      0.00      0.00      0.00      0.00      0.00
02:00:11 AM       1    100.00      0.00      0.00      0.00      0.00      0.00
02:00:12 AM       1    100.00      0.00      0.00      0.00      0.00      0.00
02:00:13 AM       1    100.00      0.00      0.00      0.00      0.00      0.00
02:00:14 AM       1    100.00      0.00      0.00      0.00      0.00      0.00
02:00:15 AM       1    100.00      0.00      0.00      0.00      0.00      0.00
02:00:16 AM       1    100.00      0.00      0.00      0.00      0.00      0.00
02:00:17 AM       1    100.00      0.00      0.00      0.00      0.00      0.00
Average:          1    100.00      0.00      0.00      0.00      0.00      0.00
