Linux 3.14.33-regular (node220-2) 	01/05/2017 	_x86_64_	(8 CPU)

04:20:03 PM     CPU     %user     %nice   %system   %iowait    %steal     %idle
04:20:04 PM       1    100.00      0.00      0.00      0.00      0.00      0.00
04:20:05 PM       1    100.00      0.00      0.00      0.00      0.00      0.00
04:20:06 PM       1    100.00      0.00      0.00      0.00      0.00      0.00
04:20:07 PM       1    100.00      0.00      0.00      0.00      0.00      0.00
04:20:08 PM       1    100.00      0.00      0.00      0.00      0.00      0.00
04:20:09 PM       1    100.00      0.00      0.00      0.00      0.00      0.00
04:20:10 PM       1    100.00      0.00      0.00      0.00      0.00      0.00
04:20:11 PM       1    100.00      0.00      0.00      0.00      0.00      0.00
04:20:12 PM       1    100.00      0.00      0.00      0.00      0.00      0.00
04:20:13 PM       1    100.00      0.00      0.00      0.00      0.00      0.00
04:20:14 PM       1    100.00      0.00      0.00      0.00      0.00      0.00
04:20:15 PM       1    100.00      0.00      0.00      0.00      0.00      0.00
04:20:16 PM       1    100.00      0.00      0.00      0.00      0.00      0.00
04:20:17 PM       1    100.00      0.00      0.00      0.00      0.00      0.00
04:20:18 PM       1    100.00      0.00      0.00      0.00      0.00      0.00
04:20:19 PM       1    100.00      0.00      0.00      0.00      0.00      0.00
04:20:20 PM       1    100.00      0.00      0.00      0.00      0.00      0.00
04:20:21 PM       1    100.00      0.00      0.00      0.00      0.00      0.00
04:20:22 PM       1    100.00      0.00      0.00      0.00      0.00      0.00
04:20:23 PM       1    100.00      0.00      0.00      0.00      0.00      0.00
Average:          1    100.00      0.00      0.00      0.00      0.00      0.00
