Linux 3.14.33-regular (node220-2) 	01/05/2017 	_x86_64_	(8 CPU)

04:58:40 PM     CPU     %user     %nice   %system   %iowait    %steal     %idle
04:58:41 PM       1    100.00      0.00      0.00      0.00      0.00      0.00
04:58:42 PM       1    100.00      0.00      0.00      0.00      0.00      0.00
04:58:43 PM       1    100.00      0.00      0.00      0.00      0.00      0.00
04:58:44 PM       1    100.00      0.00      0.00      0.00      0.00      0.00
04:58:45 PM       1    100.00      0.00      0.00      0.00      0.00      0.00
04:58:46 PM       1    100.00      0.00      0.00      0.00      0.00      0.00
04:58:47 PM       1    100.00      0.00      0.00      0.00      0.00      0.00
04:58:48 PM       1    100.00      0.00      0.00      0.00      0.00      0.00
04:58:49 PM       1    100.00      0.00      0.00      0.00      0.00      0.00
04:58:50 PM       1    100.00      0.00      0.00      0.00      0.00      0.00
04:58:51 PM       1    100.00      0.00      0.00      0.00      0.00      0.00
04:58:52 PM       1    100.00      0.00      0.00      0.00      0.00      0.00
04:58:53 PM       1    100.00      0.00      0.00      0.00      0.00      0.00
04:58:54 PM       1    100.00      0.00      0.00      0.00      0.00      0.00
04:58:55 PM       1    100.00      0.00      0.00      0.00      0.00      0.00
04:58:56 PM       1    100.00      0.00      0.00      0.00      0.00      0.00
04:58:57 PM       1    100.00      0.00      0.00      0.00      0.00      0.00
04:58:58 PM       1    100.00      0.00      0.00      0.00      0.00      0.00
04:58:59 PM       1    100.00      0.00      0.00      0.00      0.00      0.00
04:59:00 PM       1    100.00      0.00      0.00      0.00      0.00      0.00
Average:          1    100.00      0.00      0.00      0.00      0.00      0.00
