Linux 3.14.33-regular (node220-2) 	01/05/2017 	_x86_64_	(8 CPU)

07:27:52 PM     CPU     %user     %nice   %system   %iowait    %steal     %idle
07:27:53 PM       1    100.00      0.00      0.00      0.00      0.00      0.00
07:27:54 PM       1    100.00      0.00      0.00      0.00      0.00      0.00
07:27:55 PM       1    100.00      0.00      0.00      0.00      0.00      0.00
07:27:56 PM       1    100.00      0.00      0.00      0.00      0.00      0.00
07:27:57 PM       1    100.00      0.00      0.00      0.00      0.00      0.00
07:27:58 PM       1    100.00      0.00      0.00      0.00      0.00      0.00
07:27:59 PM       1    100.00      0.00      0.00      0.00      0.00      0.00
07:28:00 PM       1    100.00      0.00      0.00      0.00      0.00      0.00
07:28:01 PM       1    100.00      0.00      0.00      0.00      0.00      0.00
07:28:02 PM       1    100.00      0.00      0.00      0.00      0.00      0.00
07:28:03 PM       1    100.00      0.00      0.00      0.00      0.00      0.00
07:28:04 PM       1    100.00      0.00      0.00      0.00      0.00      0.00
07:28:05 PM       1    100.00      0.00      0.00      0.00      0.00      0.00
07:28:06 PM       1    100.00      0.00      0.00      0.00      0.00      0.00
07:28:07 PM       1    100.00      0.00      0.00      0.00      0.00      0.00
07:28:08 PM       1    100.00      0.00      0.00      0.00      0.00      0.00
07:28:09 PM       1    100.00      0.00      0.00      0.00      0.00      0.00
07:28:10 PM       1    100.00      0.00      0.00      0.00      0.00      0.00
07:28:11 PM       1    100.00      0.00      0.00      0.00      0.00      0.00
07:28:12 PM       1    100.00      0.00      0.00      0.00      0.00      0.00
Average:          1    100.00      0.00      0.00      0.00      0.00      0.00
