Linux 3.14.33-regular (node220-2) 	01/05/2017 	_x86_64_	(8 CPU)

07:11:09 PM     CPU     %user     %nice   %system   %iowait    %steal     %idle
07:11:10 PM       1    100.00      0.00      0.00      0.00      0.00      0.00
07:11:11 PM       1    100.00      0.00      0.00      0.00      0.00      0.00
07:11:12 PM       1    100.00      0.00      0.00      0.00      0.00      0.00
07:11:13 PM       1    100.00      0.00      0.00      0.00      0.00      0.00
07:11:14 PM       1    100.00      0.00      0.00      0.00      0.00      0.00
07:11:15 PM       1    100.00      0.00      0.00      0.00      0.00      0.00
07:11:16 PM       1    100.00      0.00      0.00      0.00      0.00      0.00
07:11:17 PM       1    100.00      0.00      0.00      0.00      0.00      0.00
07:11:18 PM       1    100.00      0.00      0.00      0.00      0.00      0.00
07:11:19 PM       1    100.00      0.00      0.00      0.00      0.00      0.00
07:11:20 PM       1    100.00      0.00      0.00      0.00      0.00      0.00
07:11:21 PM       1    100.00      0.00      0.00      0.00      0.00      0.00
07:11:22 PM       1    100.00      0.00      0.00      0.00      0.00      0.00
07:11:23 PM       1    100.00      0.00      0.00      0.00      0.00      0.00
07:11:24 PM       1    100.00      0.00      0.00      0.00      0.00      0.00
07:11:25 PM       1    100.00      0.00      0.00      0.00      0.00      0.00
07:11:26 PM       1    100.00      0.00      0.00      0.00      0.00      0.00
07:11:27 PM       1    100.00      0.00      0.00      0.00      0.00      0.00
07:11:28 PM       1    100.00      0.00      0.00      0.00      0.00      0.00
07:11:29 PM       1    100.00      0.00      0.00      0.00      0.00      0.00
Average:          1    100.00      0.00      0.00      0.00      0.00      0.00
