Linux 3.14.33-regular (node220-2) 	01/05/2017 	_x86_64_	(8 CPU)

07:45:13 PM     CPU     %user     %nice   %system   %iowait    %steal     %idle
07:45:14 PM       1    100.00      0.00      0.00      0.00      0.00      0.00
07:45:15 PM       1    100.00      0.00      0.00      0.00      0.00      0.00
07:45:16 PM       1    100.00      0.00      0.00      0.00      0.00      0.00
07:45:17 PM       1    100.00      0.00      0.00      0.00      0.00      0.00
07:45:18 PM       1    100.00      0.00      0.00      0.00      0.00      0.00
07:45:19 PM       1    100.00      0.00      0.00      0.00      0.00      0.00
07:45:20 PM       1    100.00      0.00      0.00      0.00      0.00      0.00
07:45:21 PM       1    100.00      0.00      0.00      0.00      0.00      0.00
07:45:22 PM       1    100.00      0.00      0.00      0.00      0.00      0.00
07:45:23 PM       1    100.00      0.00      0.00      0.00      0.00      0.00
07:45:24 PM       1    100.00      0.00      0.00      0.00      0.00      0.00
07:45:25 PM       1    100.00      0.00      0.00      0.00      0.00      0.00
07:45:26 PM       1    100.00      0.00      0.00      0.00      0.00      0.00
07:45:27 PM       1    100.00      0.00      0.00      0.00      0.00      0.00
07:45:28 PM       1    100.00      0.00      0.00      0.00      0.00      0.00
07:45:29 PM       1    100.00      0.00      0.00      0.00      0.00      0.00
07:45:30 PM       1    100.00      0.00      0.00      0.00      0.00      0.00
07:45:31 PM       1    100.00      0.00      0.00      0.00      0.00      0.00
07:45:32 PM       1    100.00      0.00      0.00      0.00      0.00      0.00
07:45:33 PM       1    100.00      0.00      0.00      0.00      0.00      0.00
Average:          1    100.00      0.00      0.00      0.00      0.00      0.00
