Linux 3.14.33-regular (node220-2) 	01/06/2017 	_x86_64_	(8 CPU)

01:29:39 AM     CPU     %user     %nice   %system   %iowait    %steal     %idle
01:29:40 AM       1    100.00      0.00      0.00      0.00      0.00      0.00
01:29:41 AM       1    100.00      0.00      0.00      0.00      0.00      0.00
01:29:42 AM       1    100.00      0.00      0.00      0.00      0.00      0.00
01:29:43 AM       1    100.00      0.00      0.00      0.00      0.00      0.00
01:29:44 AM       1    100.00      0.00      0.00      0.00      0.00      0.00
01:29:45 AM       1    100.00      0.00      0.00      0.00      0.00      0.00
01:29:46 AM       1    100.00      0.00      0.00      0.00      0.00      0.00
01:29:47 AM       1    100.00      0.00      0.00      0.00      0.00      0.00
01:29:48 AM       1    100.00      0.00      0.00      0.00      0.00      0.00
01:29:49 AM       1    100.00      0.00      0.00      0.00      0.00      0.00
01:29:50 AM       1    100.00      0.00      0.00      0.00      0.00      0.00
01:29:51 AM       1    100.00      0.00      0.00      0.00      0.00      0.00
01:29:52 AM       1    100.00      0.00      0.00      0.00      0.00      0.00
01:29:53 AM       1    100.00      0.00      0.00      0.00      0.00      0.00
01:29:54 AM       1    100.00      0.00      0.00      0.00      0.00      0.00
01:29:55 AM       1    100.00      0.00      0.00      0.00      0.00      0.00
01:29:56 AM       1    100.00      0.00      0.00      0.00      0.00      0.00
01:29:57 AM       1    100.00      0.00      0.00      0.00      0.00      0.00
01:29:58 AM       1    100.00      0.00      0.00      0.00      0.00      0.00
01:29:59 AM       1    100.00      0.00      0.00      0.00      0.00      0.00
Average:          1    100.00      0.00      0.00      0.00      0.00      0.00
