Linux 3.14.33-regular (node220-2) 	01/06/2017 	_x86_64_	(8 CPU)

01:05:14 AM     CPU     %user     %nice   %system   %iowait    %steal     %idle
01:05:15 AM       1    100.00      0.00      0.00      0.00      0.00      0.00
01:05:16 AM       1    100.00      0.00      0.00      0.00      0.00      0.00
01:05:17 AM       1    100.00      0.00      0.00      0.00      0.00      0.00
01:05:18 AM       1    100.00      0.00      0.00      0.00      0.00      0.00
01:05:19 AM       1    100.00      0.00      0.00      0.00      0.00      0.00
01:05:20 AM       1    100.00      0.00      0.00      0.00      0.00      0.00
01:05:21 AM       1    100.00      0.00      0.00      0.00      0.00      0.00
01:05:22 AM       1    100.00      0.00      0.00      0.00      0.00      0.00
01:05:23 AM       1    100.00      0.00      0.00      0.00      0.00      0.00
01:05:24 AM       1    100.00      0.00      0.00      0.00      0.00      0.00
01:05:25 AM       1    100.00      0.00      0.00      0.00      0.00      0.00
01:05:26 AM       1    100.00      0.00      0.00      0.00      0.00      0.00
01:05:27 AM       1    100.00      0.00      0.00      0.00      0.00      0.00
01:05:28 AM       1    100.00      0.00      0.00      0.00      0.00      0.00
01:05:29 AM       1    100.00      0.00      0.00      0.00      0.00      0.00
01:05:30 AM       1    100.00      0.00      0.00      0.00      0.00      0.00
01:05:31 AM       1    100.00      0.00      0.00      0.00      0.00      0.00
01:05:32 AM       1    100.00      0.00      0.00      0.00      0.00      0.00
01:05:33 AM       1    100.00      0.00      0.00      0.00      0.00      0.00
01:05:34 AM       1    100.00      0.00      0.00      0.00      0.00      0.00
Average:          1    100.00      0.00      0.00      0.00      0.00      0.00
