Linux 3.14.33-regular (node220-2) 	01/05/2017 	_x86_64_	(8 CPU)

09:09:34 PM     CPU     %user     %nice   %system   %iowait    %steal     %idle
09:09:35 PM       1    100.00      0.00      0.00      0.00      0.00      0.00
09:09:36 PM       1    100.00      0.00      0.00      0.00      0.00      0.00
09:09:37 PM       1    100.00      0.00      0.00      0.00      0.00      0.00
09:09:38 PM       1    100.00      0.00      0.00      0.00      0.00      0.00
09:09:39 PM       1    100.00      0.00      0.00      0.00      0.00      0.00
09:09:40 PM       1    100.00      0.00      0.00      0.00      0.00      0.00
09:09:41 PM       1    100.00      0.00      0.00      0.00      0.00      0.00
09:09:42 PM       1    100.00      0.00      0.00      0.00      0.00      0.00
09:09:43 PM       1    100.00      0.00      0.00      0.00      0.00      0.00
09:09:44 PM       1    100.00      0.00      0.00      0.00      0.00      0.00
09:09:45 PM       1    100.00      0.00      0.00      0.00      0.00      0.00
09:09:46 PM       1    100.00      0.00      0.00      0.00      0.00      0.00
09:09:47 PM       1    100.00      0.00      0.00      0.00      0.00      0.00
09:09:48 PM       1    100.00      0.00      0.00      0.00      0.00      0.00
09:09:49 PM       1    100.00      0.00      0.00      0.00      0.00      0.00
09:09:50 PM       1    100.00      0.00      0.00      0.00      0.00      0.00
09:09:51 PM       1    100.00      0.00      0.00      0.00      0.00      0.00
09:09:52 PM       1    100.00      0.00      0.00      0.00      0.00      0.00
09:09:53 PM       1    100.00      0.00      0.00      0.00      0.00      0.00
09:09:54 PM       1    100.00      0.00      0.00      0.00      0.00      0.00
Average:          1    100.00      0.00      0.00      0.00      0.00      0.00
