Linux 3.14.33-regular (node220-2) 	01/06/2017 	_x86_64_	(8 CPU)

12:52:59 AM     CPU     %user     %nice   %system   %iowait    %steal     %idle
12:53:00 AM       1    100.00      0.00      0.00      0.00      0.00      0.00
12:53:01 AM       1    100.00      0.00      0.00      0.00      0.00      0.00
12:53:02 AM       1    100.00      0.00      0.00      0.00      0.00      0.00
12:53:03 AM       1    100.00      0.00      0.00      0.00      0.00      0.00
12:53:04 AM       1    100.00      0.00      0.00      0.00      0.00      0.00
12:53:05 AM       1    100.00      0.00      0.00      0.00      0.00      0.00
12:53:06 AM       1    100.00      0.00      0.00      0.00      0.00      0.00
12:53:07 AM       1    100.00      0.00      0.00      0.00      0.00      0.00
12:53:08 AM       1    100.00      0.00      0.00      0.00      0.00      0.00
12:53:09 AM       1    100.00      0.00      0.00      0.00      0.00      0.00
12:53:10 AM       1    100.00      0.00      0.00      0.00      0.00      0.00
12:53:11 AM       1    100.00      0.00      0.00      0.00      0.00      0.00
12:53:12 AM       1    100.00      0.00      0.00      0.00      0.00      0.00
12:53:13 AM       1    100.00      0.00      0.00      0.00      0.00      0.00
12:53:14 AM       1    100.00      0.00      0.00      0.00      0.00      0.00
12:53:15 AM       1    100.00      0.00      0.00      0.00      0.00      0.00
12:53:16 AM       1    100.00      0.00      0.00      0.00      0.00      0.00
12:53:17 AM       1    100.00      0.00      0.00      0.00      0.00      0.00
12:53:18 AM       1    100.00      0.00      0.00      0.00      0.00      0.00
12:53:19 AM       1    100.00      0.00      0.00      0.00      0.00      0.00
Average:          1    100.00      0.00      0.00      0.00      0.00      0.00
