Linux 3.14.33-regular (node220-2) 	01/05/2017 	_x86_64_	(8 CPU)

05:21:51 PM     CPU     %user     %nice   %system   %iowait    %steal     %idle
05:21:52 PM       1    100.00      0.00      0.00      0.00      0.00      0.00
05:21:53 PM       1    100.00      0.00      0.00      0.00      0.00      0.00
05:21:54 PM       1    100.00      0.00      0.00      0.00      0.00      0.00
05:21:55 PM       1    100.00      0.00      0.00      0.00      0.00      0.00
05:21:56 PM       1    100.00      0.00      0.00      0.00      0.00      0.00
05:21:57 PM       1    100.00      0.00      0.00      0.00      0.00      0.00
05:21:58 PM       1    100.00      0.00      0.00      0.00      0.00      0.00
05:21:59 PM       1    100.00      0.00      0.00      0.00      0.00      0.00
05:22:00 PM       1    100.00      0.00      0.00      0.00      0.00      0.00
05:22:01 PM       1    100.00      0.00      0.00      0.00      0.00      0.00
05:22:02 PM       1    100.00      0.00      0.00      0.00      0.00      0.00
05:22:03 PM       1    100.00      0.00      0.00      0.00      0.00      0.00
05:22:04 PM       1    100.00      0.00      0.00      0.00      0.00      0.00
05:22:05 PM       1    100.00      0.00      0.00      0.00      0.00      0.00
05:22:06 PM       1    100.00      0.00      0.00      0.00      0.00      0.00
05:22:07 PM       1    100.00      0.00      0.00      0.00      0.00      0.00
05:22:08 PM       1    100.00      0.00      0.00      0.00      0.00      0.00
05:22:09 PM       1    100.00      0.00      0.00      0.00      0.00      0.00
05:22:10 PM       1    100.00      0.00      0.00      0.00      0.00      0.00
05:22:11 PM       1    100.00      0.00      0.00      0.00      0.00      0.00
Average:          1    100.00      0.00      0.00      0.00      0.00      0.00
