Linux 3.14.33-regular (node220-2) 	01/05/2017 	_x86_64_	(8 CPU)

03:44:44 PM     CPU     %user     %nice   %system   %iowait    %steal     %idle
03:44:45 PM       1    100.00      0.00      0.00      0.00      0.00      0.00
03:44:46 PM       1    100.00      0.00      0.00      0.00      0.00      0.00
03:44:47 PM       1    100.00      0.00      0.00      0.00      0.00      0.00
03:44:48 PM       1    100.00      0.00      0.00      0.00      0.00      0.00
03:44:49 PM       1    100.00      0.00      0.00      0.00      0.00      0.00
03:44:50 PM       1    100.00      0.00      0.00      0.00      0.00      0.00
03:44:51 PM       1    100.00      0.00      0.00      0.00      0.00      0.00
03:44:52 PM       1    100.00      0.00      0.00      0.00      0.00      0.00
03:44:53 PM       1    100.00      0.00      0.00      0.00      0.00      0.00
03:44:54 PM       1    100.00      0.00      0.00      0.00      0.00      0.00
03:44:55 PM       1    100.00      0.00      0.00      0.00      0.00      0.00
03:44:56 PM       1    100.00      0.00      0.00      0.00      0.00      0.00
03:44:57 PM       1    100.00      0.00      0.00      0.00      0.00      0.00
03:44:58 PM       1    100.00      0.00      0.00      0.00      0.00      0.00
03:44:59 PM       1    100.00      0.00      0.00      0.00      0.00      0.00
03:45:00 PM       1    100.00      0.00      0.00      0.00      0.00      0.00
03:45:01 PM       1    100.00      0.00      0.00      0.00      0.00      0.00
03:45:02 PM       1    100.00      0.00      0.00      0.00      0.00      0.00
03:45:03 PM       1    100.00      0.00      0.00      0.00      0.00      0.00
03:45:04 PM       1    100.00      0.00      0.00      0.00      0.00      0.00
Average:          1    100.00      0.00      0.00      0.00      0.00      0.00
