Linux 3.14.33-regular (node220-2) 	01/06/2017 	_x86_64_	(8 CPU)

12:25:24 AM     CPU     %user     %nice   %system   %iowait    %steal     %idle
12:25:25 AM       1    100.00      0.00      0.00      0.00      0.00      0.00
12:25:26 AM       1    100.00      0.00      0.00      0.00      0.00      0.00
12:25:27 AM       1    100.00      0.00      0.00      0.00      0.00      0.00
12:25:28 AM       1    100.00      0.00      0.00      0.00      0.00      0.00
12:25:29 AM       1    100.00      0.00      0.00      0.00      0.00      0.00
12:25:30 AM       1    100.00      0.00      0.00      0.00      0.00      0.00
12:25:31 AM       1    100.00      0.00      0.00      0.00      0.00      0.00
12:25:32 AM       1    100.00      0.00      0.00      0.00      0.00      0.00
12:25:33 AM       1    100.00      0.00      0.00      0.00      0.00      0.00
12:25:34 AM       1    100.00      0.00      0.00      0.00      0.00      0.00
12:25:35 AM       1    100.00      0.00      0.00      0.00      0.00      0.00
12:25:36 AM       1    100.00      0.00      0.00      0.00      0.00      0.00
12:25:37 AM       1    100.00      0.00      0.00      0.00      0.00      0.00
12:25:38 AM       1    100.00      0.00      0.00      0.00      0.00      0.00
12:25:39 AM       1    100.00      0.00      0.00      0.00      0.00      0.00
12:25:40 AM       1    100.00      0.00      0.00      0.00      0.00      0.00
12:25:41 AM       1    100.00      0.00      0.00      0.00      0.00      0.00
12:25:42 AM       1    100.00      0.00      0.00      0.00      0.00      0.00
12:25:43 AM       1    100.00      0.00      0.00      0.00      0.00      0.00
12:25:44 AM       1    100.00      0.00      0.00      0.00      0.00      0.00
Average:          1    100.00      0.00      0.00      0.00      0.00      0.00
