Linux 3.14.33-regular (node220-2) 	01/05/2017 	_x86_64_	(8 CPU)

05:43:04 PM     CPU     %user     %nice   %system   %iowait    %steal     %idle
05:43:05 PM       1    100.00      0.00      0.00      0.00      0.00      0.00
05:43:06 PM       1    100.00      0.00      0.00      0.00      0.00      0.00
05:43:07 PM       1    100.00      0.00      0.00      0.00      0.00      0.00
05:43:08 PM       1    100.00      0.00      0.00      0.00      0.00      0.00
05:43:09 PM       1    100.00      0.00      0.00      0.00      0.00      0.00
05:43:10 PM       1    100.00      0.00      0.00      0.00      0.00      0.00
05:43:11 PM       1    100.00      0.00      0.00      0.00      0.00      0.00
05:43:12 PM       1    100.00      0.00      0.00      0.00      0.00      0.00
05:43:13 PM       1    100.00      0.00      0.00      0.00      0.00      0.00
05:43:14 PM       1    100.00      0.00      0.00      0.00      0.00      0.00
05:43:15 PM       1    100.00      0.00      0.00      0.00      0.00      0.00
05:43:16 PM       1    100.00      0.00      0.00      0.00      0.00      0.00
05:43:17 PM       1    100.00      0.00      0.00      0.00      0.00      0.00
05:43:18 PM       1    100.00      0.00      0.00      0.00      0.00      0.00
05:43:19 PM       1    100.00      0.00      0.00      0.00      0.00      0.00
05:43:20 PM       1    100.00      0.00      0.00      0.00      0.00      0.00
05:43:21 PM       1    100.00      0.00      0.00      0.00      0.00      0.00
05:43:22 PM       1    100.00      0.00      0.00      0.00      0.00      0.00
05:43:23 PM       1    100.00      0.00      0.00      0.00      0.00      0.00
05:43:24 PM       1    100.00      0.00      0.00      0.00      0.00      0.00
Average:          1    100.00      0.00      0.00      0.00      0.00      0.00
