Linux 3.14.33-regular (node220-2) 	01/05/2017 	_x86_64_	(8 CPU)

09:50:11 PM     CPU     %user     %nice   %system   %iowait    %steal     %idle
09:50:12 PM       1    100.00      0.00      0.00      0.00      0.00      0.00
09:50:13 PM       1    100.00      0.00      0.00      0.00      0.00      0.00
09:50:14 PM       1    100.00      0.00      0.00      0.00      0.00      0.00
09:50:15 PM       1    100.00      0.00      0.00      0.00      0.00      0.00
09:50:16 PM       1    100.00      0.00      0.00      0.00      0.00      0.00
09:50:17 PM       1    100.00      0.00      0.00      0.00      0.00      0.00
09:50:18 PM       1    100.00      0.00      0.00      0.00      0.00      0.00
09:50:19 PM       1    100.00      0.00      0.00      0.00      0.00      0.00
09:50:20 PM       1    100.00      0.00      0.00      0.00      0.00      0.00
09:50:21 PM       1    100.00      0.00      0.00      0.00      0.00      0.00
09:50:22 PM       1    100.00      0.00      0.00      0.00      0.00      0.00
09:50:23 PM       1    100.00      0.00      0.00      0.00      0.00      0.00
09:50:24 PM       1    100.00      0.00      0.00      0.00      0.00      0.00
09:50:25 PM       1    100.00      0.00      0.00      0.00      0.00      0.00
09:50:26 PM       1    100.00      0.00      0.00      0.00      0.00      0.00
09:50:27 PM       1    100.00      0.00      0.00      0.00      0.00      0.00
09:50:28 PM       1    100.00      0.00      0.00      0.00      0.00      0.00
09:50:29 PM       1    100.00      0.00      0.00      0.00      0.00      0.00
09:50:30 PM       1    100.00      0.00      0.00      0.00      0.00      0.00
09:50:31 PM       1    100.00      0.00      0.00      0.00      0.00      0.00
Average:          1    100.00      0.00      0.00      0.00      0.00      0.00
