Linux 3.14.33-regular (node220-2) 	01/06/2017 	_x86_64_	(8 CPU)

12:09:18 AM     CPU     %user     %nice   %system   %iowait    %steal     %idle
12:09:19 AM       1    100.00      0.00      0.00      0.00      0.00      0.00
12:09:20 AM       1    100.00      0.00      0.00      0.00      0.00      0.00
12:09:21 AM       1    100.00      0.00      0.00      0.00      0.00      0.00
12:09:22 AM       1    100.00      0.00      0.00      0.00      0.00      0.00
12:09:23 AM       1    100.00      0.00      0.00      0.00      0.00      0.00
12:09:24 AM       1    100.00      0.00      0.00      0.00      0.00      0.00
12:09:25 AM       1    100.00      0.00      0.00      0.00      0.00      0.00
12:09:26 AM       1    100.00      0.00      0.00      0.00      0.00      0.00
12:09:27 AM       1    100.00      0.00      0.00      0.00      0.00      0.00
12:09:28 AM       1    100.00      0.00      0.00      0.00      0.00      0.00
12:09:29 AM       1    100.00      0.00      0.00      0.00      0.00      0.00
12:09:30 AM       1    100.00      0.00      0.00      0.00      0.00      0.00
12:09:31 AM       1    100.00      0.00      0.00      0.00      0.00      0.00
12:09:32 AM       1    100.00      0.00      0.00      0.00      0.00      0.00
12:09:33 AM       1    100.00      0.00      0.00      0.00      0.00      0.00
12:09:34 AM       1    100.00      0.00      0.00      0.00      0.00      0.00
12:09:35 AM       1    100.00      0.00      0.00      0.00      0.00      0.00
12:09:36 AM       1    100.00      0.00      0.00      0.00      0.00      0.00
12:09:37 AM       1    100.00      0.00      0.00      0.00      0.00      0.00
12:09:38 AM       1    100.00      0.00      0.00      0.00      0.00      0.00
Average:          1    100.00      0.00      0.00      0.00      0.00      0.00
