Linux 3.14.33-regular (node220-2) 	01/05/2017 	_x86_64_	(8 CPU)

04:09:45 PM     CPU     %user     %nice   %system   %iowait    %steal     %idle
04:09:46 PM       1    100.00      0.00      0.00      0.00      0.00      0.00
04:09:47 PM       1    100.00      0.00      0.00      0.00      0.00      0.00
04:09:48 PM       1    100.00      0.00      0.00      0.00      0.00      0.00
04:09:49 PM       1    100.00      0.00      0.00      0.00      0.00      0.00
04:09:50 PM       1    100.00      0.00      0.00      0.00      0.00      0.00
04:09:51 PM       1    100.00      0.00      0.00      0.00      0.00      0.00
04:09:52 PM       1    100.00      0.00      0.00      0.00      0.00      0.00
04:09:53 PM       1    100.00      0.00      0.00      0.00      0.00      0.00
04:09:54 PM       1    100.00      0.00      0.00      0.00      0.00      0.00
04:09:55 PM       1    100.00      0.00      0.00      0.00      0.00      0.00
04:09:56 PM       1    100.00      0.00      0.00      0.00      0.00      0.00
04:09:57 PM       1    100.00      0.00      0.00      0.00      0.00      0.00
04:09:58 PM       1    100.00      0.00      0.00      0.00      0.00      0.00
04:09:59 PM       1    100.00      0.00      0.00      0.00      0.00      0.00
04:10:00 PM       1    100.00      0.00      0.00      0.00      0.00      0.00
04:10:01 PM       1    100.00      0.00      0.00      0.00      0.00      0.00
04:10:02 PM       1    100.00      0.00      0.00      0.00      0.00      0.00
04:10:03 PM       1    100.00      0.00      0.00      0.00      0.00      0.00
04:10:04 PM       1    100.00      0.00      0.00      0.00      0.00      0.00
04:10:05 PM       1    100.00      0.00      0.00      0.00      0.00      0.00
Average:          1    100.00      0.00      0.00      0.00      0.00      0.00
