Linux 3.14.33-regular (node220-2) 	01/06/2017 	_x86_64_	(8 CPU)

12:12:31 AM     CPU     %user     %nice   %system   %iowait    %steal     %idle
12:12:32 AM       1    100.00      0.00      0.00      0.00      0.00      0.00
12:12:33 AM       1    100.00      0.00      0.00      0.00      0.00      0.00
12:12:34 AM       1    100.00      0.00      0.00      0.00      0.00      0.00
12:12:35 AM       1    100.00      0.00      0.00      0.00      0.00      0.00
12:12:36 AM       1    100.00      0.00      0.00      0.00      0.00      0.00
12:12:37 AM       1    100.00      0.00      0.00      0.00      0.00      0.00
12:12:38 AM       1    100.00      0.00      0.00      0.00      0.00      0.00
12:12:39 AM       1    100.00      0.00      0.00      0.00      0.00      0.00
12:12:40 AM       1    100.00      0.00      0.00      0.00      0.00      0.00
12:12:41 AM       1    100.00      0.00      0.00      0.00      0.00      0.00
12:12:42 AM       1    100.00      0.00      0.00      0.00      0.00      0.00
12:12:43 AM       1    100.00      0.00      0.00      0.00      0.00      0.00
12:12:44 AM       1    100.00      0.00      0.00      0.00      0.00      0.00
12:12:45 AM       1    100.00      0.00      0.00      0.00      0.00      0.00
12:12:46 AM       1    100.00      0.00      0.00      0.00      0.00      0.00
12:12:47 AM       1    100.00      0.00      0.00      0.00      0.00      0.00
12:12:48 AM       1    100.00      0.00      0.00      0.00      0.00      0.00
12:12:49 AM       1    100.00      0.00      0.00      0.00      0.00      0.00
12:12:50 AM       1    100.00      0.00      0.00      0.00      0.00      0.00
12:12:51 AM       1    100.00      0.00      0.00      0.00      0.00      0.00
Average:          1    100.00      0.00      0.00      0.00      0.00      0.00
