Linux 3.14.33-regular (node220-2) 	01/05/2017 	_x86_64_	(8 CPU)

04:40:38 PM     CPU     %user     %nice   %system   %iowait    %steal     %idle
04:40:39 PM       1    100.00      0.00      0.00      0.00      0.00      0.00
04:40:40 PM       1    100.00      0.00      0.00      0.00      0.00      0.00
04:40:41 PM       1    100.00      0.00      0.00      0.00      0.00      0.00
04:40:42 PM       1    100.00      0.00      0.00      0.00      0.00      0.00
04:40:43 PM       1    100.00      0.00      0.00      0.00      0.00      0.00
04:40:44 PM       1    100.00      0.00      0.00      0.00      0.00      0.00
04:40:45 PM       1    100.00      0.00      0.00      0.00      0.00      0.00
04:40:46 PM       1    100.00      0.00      0.00      0.00      0.00      0.00
04:40:47 PM       1    100.00      0.00      0.00      0.00      0.00      0.00
04:40:48 PM       1    100.00      0.00      0.00      0.00      0.00      0.00
04:40:49 PM       1    100.00      0.00      0.00      0.00      0.00      0.00
04:40:50 PM       1    100.00      0.00      0.00      0.00      0.00      0.00
04:40:51 PM       1    100.00      0.00      0.00      0.00      0.00      0.00
04:40:52 PM       1    100.00      0.00      0.00      0.00      0.00      0.00
04:40:53 PM       1    100.00      0.00      0.00      0.00      0.00      0.00
04:40:54 PM       1    100.00      0.00      0.00      0.00      0.00      0.00
04:40:55 PM       1    100.00      0.00      0.00      0.00      0.00      0.00
04:40:56 PM       1    100.00      0.00      0.00      0.00      0.00      0.00
04:40:57 PM       1    100.00      0.00      0.00      0.00      0.00      0.00
04:40:58 PM       1    100.00      0.00      0.00      0.00      0.00      0.00
Average:          1    100.00      0.00      0.00      0.00      0.00      0.00
