Linux 3.14.33-regular (node220-2) 	01/05/2017 	_x86_64_	(8 CPU)

04:37:26 PM     CPU     %user     %nice   %system   %iowait    %steal     %idle
04:37:27 PM       1    100.00      0.00      0.00      0.00      0.00      0.00
04:37:28 PM       1    100.00      0.00      0.00      0.00      0.00      0.00
04:37:29 PM       1    100.00      0.00      0.00      0.00      0.00      0.00
04:37:30 PM       1    100.00      0.00      0.00      0.00      0.00      0.00
04:37:31 PM       1    100.00      0.00      0.00      0.00      0.00      0.00
04:37:32 PM       1    100.00      0.00      0.00      0.00      0.00      0.00
04:37:33 PM       1    100.00      0.00      0.00      0.00      0.00      0.00
04:37:34 PM       1    100.00      0.00      0.00      0.00      0.00      0.00
04:37:35 PM       1    100.00      0.00      0.00      0.00      0.00      0.00
04:37:36 PM       1    100.00      0.00      0.00      0.00      0.00      0.00
04:37:37 PM       1    100.00      0.00      0.00      0.00      0.00      0.00
04:37:38 PM       1    100.00      0.00      0.00      0.00      0.00      0.00
04:37:39 PM       1    100.00      0.00      0.00      0.00      0.00      0.00
04:37:40 PM       1    100.00      0.00      0.00      0.00      0.00      0.00
04:37:41 PM       1    100.00      0.00      0.00      0.00      0.00      0.00
04:37:42 PM       1    100.00      0.00      0.00      0.00      0.00      0.00
04:37:43 PM       1    100.00      0.00      0.00      0.00      0.00      0.00
04:37:44 PM       1    100.00      0.00      0.00      0.00      0.00      0.00
04:37:45 PM       1    100.00      0.00      0.00      0.00      0.00      0.00
04:37:46 PM       1    100.00      0.00      0.00      0.00      0.00      0.00
Average:          1    100.00      0.00      0.00      0.00      0.00      0.00
