Linux 3.14.33-regular (node220-2) 	01/05/2017 	_x86_64_	(8 CPU)

08:51:32 PM     CPU     %user     %nice   %system   %iowait    %steal     %idle
08:51:33 PM       1    100.00      0.00      0.00      0.00      0.00      0.00
08:51:34 PM       1    100.00      0.00      0.00      0.00      0.00      0.00
08:51:35 PM       1    100.00      0.00      0.00      0.00      0.00      0.00
08:51:36 PM       1    100.00      0.00      0.00      0.00      0.00      0.00
08:51:37 PM       1    100.00      0.00      0.00      0.00      0.00      0.00
08:51:38 PM       1    100.00      0.00      0.00      0.00      0.00      0.00
08:51:39 PM       1    100.00      0.00      0.00      0.00      0.00      0.00
08:51:40 PM       1    100.00      0.00      0.00      0.00      0.00      0.00
08:51:41 PM       1    100.00      0.00      0.00      0.00      0.00      0.00
08:51:42 PM       1    100.00      0.00      0.00      0.00      0.00      0.00
08:51:43 PM       1    100.00      0.00      0.00      0.00      0.00      0.00
08:51:44 PM       1    100.00      0.00      0.00      0.00      0.00      0.00
08:51:45 PM       1    100.00      0.00      0.00      0.00      0.00      0.00
08:51:46 PM       1    100.00      0.00      0.00      0.00      0.00      0.00
08:51:47 PM       1    100.00      0.00      0.00      0.00      0.00      0.00
08:51:48 PM       1    100.00      0.00      0.00      0.00      0.00      0.00
08:51:49 PM       1    100.00      0.00      0.00      0.00      0.00      0.00
08:51:50 PM       1    100.00      0.00      0.00      0.00      0.00      0.00
08:51:51 PM       1    100.00      0.00      0.00      0.00      0.00      0.00
08:51:52 PM       1    100.00      0.00      0.00      0.00      0.00      0.00
Average:          1    100.00      0.00      0.00      0.00      0.00      0.00
