Linux 3.14.33-regular (node220-2) 	01/05/2017 	_x86_64_	(8 CPU)

06:45:28 PM     CPU     %user     %nice   %system   %iowait    %steal     %idle
06:45:29 PM       1    100.00      0.00      0.00      0.00      0.00      0.00
06:45:30 PM       1    100.00      0.00      0.00      0.00      0.00      0.00
06:45:31 PM       1    100.00      0.00      0.00      0.00      0.00      0.00
06:45:32 PM       1    100.00      0.00      0.00      0.00      0.00      0.00
06:45:33 PM       1    100.00      0.00      0.00      0.00      0.00      0.00
06:45:34 PM       1    100.00      0.00      0.00      0.00      0.00      0.00
06:45:35 PM       1     99.01      0.00      0.99      0.00      0.00      0.00
06:45:36 PM       1    100.00      0.00      0.00      0.00      0.00      0.00
06:45:37 PM       1    100.00      0.00      0.00      0.00      0.00      0.00
06:45:38 PM       1    100.00      0.00      0.00      0.00      0.00      0.00
06:45:39 PM       1    100.00      0.00      0.00      0.00      0.00      0.00
06:45:40 PM       1    100.00      0.00      0.00      0.00      0.00      0.00
06:45:41 PM       1    100.00      0.00      0.00      0.00      0.00      0.00
06:45:42 PM       1    100.00      0.00      0.00      0.00      0.00      0.00
06:45:43 PM       1    100.00      0.00      0.00      0.00      0.00      0.00
06:45:44 PM       1    100.00      0.00      0.00      0.00      0.00      0.00
06:45:45 PM       1    100.00      0.00      0.00      0.00      0.00      0.00
06:45:46 PM       1    100.00      0.00      0.00      0.00      0.00      0.00
06:45:47 PM       1    100.00      0.00      0.00      0.00      0.00      0.00
06:45:48 PM       1    100.00      0.00      0.00      0.00      0.00      0.00
Average:          1     99.95      0.00      0.05      0.00      0.00      0.00
