Linux 3.14.33-regular (node220-2) 	01/05/2017 	_x86_64_	(8 CPU)

04:07:13 PM     CPU     %user     %nice   %system   %iowait    %steal     %idle
04:07:14 PM       1    100.00      0.00      0.00      0.00      0.00      0.00
04:07:15 PM       1    100.00      0.00      0.00      0.00      0.00      0.00
04:07:16 PM       1    100.00      0.00      0.00      0.00      0.00      0.00
04:07:17 PM       1    100.00      0.00      0.00      0.00      0.00      0.00
04:07:18 PM       1    100.00      0.00      0.00      0.00      0.00      0.00
04:07:19 PM       1    100.00      0.00      0.00      0.00      0.00      0.00
04:07:20 PM       1    100.00      0.00      0.00      0.00      0.00      0.00
04:07:21 PM       1    100.00      0.00      0.00      0.00      0.00      0.00
04:07:22 PM       1    100.00      0.00      0.00      0.00      0.00      0.00
04:07:23 PM       1    100.00      0.00      0.00      0.00      0.00      0.00
04:07:24 PM       1    100.00      0.00      0.00      0.00      0.00      0.00
04:07:25 PM       1    100.00      0.00      0.00      0.00      0.00      0.00
04:07:26 PM       1    100.00      0.00      0.00      0.00      0.00      0.00
04:07:27 PM       1    100.00      0.00      0.00      0.00      0.00      0.00
04:07:28 PM       1    100.00      0.00      0.00      0.00      0.00      0.00
04:07:29 PM       1    100.00      0.00      0.00      0.00      0.00      0.00
04:07:30 PM       1    100.00      0.00      0.00      0.00      0.00      0.00
04:07:31 PM       1    100.00      0.00      0.00      0.00      0.00      0.00
04:07:32 PM       1    100.00      0.00      0.00      0.00      0.00      0.00
04:07:33 PM       1    100.00      0.00      0.00      0.00      0.00      0.00
Average:          1    100.00      0.00      0.00      0.00      0.00      0.00
