Linux 3.14.33-regular (node220-2) 	01/06/2017 	_x86_64_	(8 CPU)

12:42:03 AM     CPU     %user     %nice   %system   %iowait    %steal     %idle
12:42:04 AM       1    100.00      0.00      0.00      0.00      0.00      0.00
12:42:05 AM       1    100.00      0.00      0.00      0.00      0.00      0.00
12:42:06 AM       1    100.00      0.00      0.00      0.00      0.00      0.00
12:42:07 AM       1    100.00      0.00      0.00      0.00      0.00      0.00
12:42:08 AM       1    100.00      0.00      0.00      0.00      0.00      0.00
12:42:09 AM       1    100.00      0.00      0.00      0.00      0.00      0.00
12:42:10 AM       1    100.00      0.00      0.00      0.00      0.00      0.00
12:42:11 AM       1    100.00      0.00      0.00      0.00      0.00      0.00
12:42:12 AM       1    100.00      0.00      0.00      0.00      0.00      0.00
12:42:13 AM       1    100.00      0.00      0.00      0.00      0.00      0.00
12:42:14 AM       1    100.00      0.00      0.00      0.00      0.00      0.00
12:42:15 AM       1    100.00      0.00      0.00      0.00      0.00      0.00
12:42:16 AM       1    100.00      0.00      0.00      0.00      0.00      0.00
12:42:17 AM       1    100.00      0.00      0.00      0.00      0.00      0.00
12:42:18 AM       1    100.00      0.00      0.00      0.00      0.00      0.00
12:42:19 AM       1    100.00      0.00      0.00      0.00      0.00      0.00
12:42:20 AM       1    100.00      0.00      0.00      0.00      0.00      0.00
12:42:21 AM       1    100.00      0.00      0.00      0.00      0.00      0.00
12:42:22 AM       1    100.00      0.00      0.00      0.00      0.00      0.00
12:42:23 AM       1    100.00      0.00      0.00      0.00      0.00      0.00
Average:          1    100.00      0.00      0.00      0.00      0.00      0.00
