Linux 3.14.33-regular (node220-2) 	01/05/2017 	_x86_64_	(8 CPU)

11:06:48 PM     CPU     %user     %nice   %system   %iowait    %steal     %idle
11:06:49 PM       1    100.00      0.00      0.00      0.00      0.00      0.00
11:06:50 PM       1    100.00      0.00      0.00      0.00      0.00      0.00
11:06:51 PM       1    100.00      0.00      0.00      0.00      0.00      0.00
11:06:52 PM       1    100.00      0.00      0.00      0.00      0.00      0.00
11:06:53 PM       1    100.00      0.00      0.00      0.00      0.00      0.00
11:06:54 PM       1    100.00      0.00      0.00      0.00      0.00      0.00
11:06:55 PM       1    100.00      0.00      0.00      0.00      0.00      0.00
11:06:56 PM       1    100.00      0.00      0.00      0.00      0.00      0.00
11:06:57 PM       1    100.00      0.00      0.00      0.00      0.00      0.00
11:06:58 PM       1    100.00      0.00      0.00      0.00      0.00      0.00
11:06:59 PM       1    100.00      0.00      0.00      0.00      0.00      0.00
11:07:00 PM       1    100.00      0.00      0.00      0.00      0.00      0.00
11:07:01 PM       1    100.00      0.00      0.00      0.00      0.00      0.00
11:07:02 PM       1    100.00      0.00      0.00      0.00      0.00      0.00
11:07:03 PM       1    100.00      0.00      0.00      0.00      0.00      0.00
11:07:04 PM       1    100.00      0.00      0.00      0.00      0.00      0.00
11:07:05 PM       1    100.00      0.00      0.00      0.00      0.00      0.00
11:07:06 PM       1    100.00      0.00      0.00      0.00      0.00      0.00
11:07:07 PM       1    100.00      0.00      0.00      0.00      0.00      0.00
11:07:08 PM       1    100.00      0.00      0.00      0.00      0.00      0.00
Average:          1    100.00      0.00      0.00      0.00      0.00      0.00
