Linux 3.14.33-regular (node220-2) 	01/05/2017 	_x86_64_	(8 CPU)

06:18:28 PM     CPU     %user     %nice   %system   %iowait    %steal     %idle
06:18:29 PM       1    100.00      0.00      0.00      0.00      0.00      0.00
06:18:30 PM       1    100.00      0.00      0.00      0.00      0.00      0.00
06:18:31 PM       1    100.00      0.00      0.00      0.00      0.00      0.00
06:18:32 PM       1    100.00      0.00      0.00      0.00      0.00      0.00
06:18:33 PM       1    100.00      0.00      0.00      0.00      0.00      0.00
06:18:34 PM       1    100.00      0.00      0.00      0.00      0.00      0.00
06:18:35 PM       1    100.00      0.00      0.00      0.00      0.00      0.00
06:18:36 PM       1    100.00      0.00      0.00      0.00      0.00      0.00
06:18:37 PM       1    100.00      0.00      0.00      0.00      0.00      0.00
06:18:38 PM       1    100.00      0.00      0.00      0.00      0.00      0.00
06:18:39 PM       1    100.00      0.00      0.00      0.00      0.00      0.00
06:18:40 PM       1    100.00      0.00      0.00      0.00      0.00      0.00
06:18:41 PM       1    100.00      0.00      0.00      0.00      0.00      0.00
06:18:42 PM       1    100.00      0.00      0.00      0.00      0.00      0.00
06:18:43 PM       1    100.00      0.00      0.00      0.00      0.00      0.00
06:18:44 PM       1    100.00      0.00      0.00      0.00      0.00      0.00
06:18:45 PM       1    100.00      0.00      0.00      0.00      0.00      0.00
06:18:46 PM       1    100.00      0.00      0.00      0.00      0.00      0.00
06:18:47 PM       1    100.00      0.00      0.00      0.00      0.00      0.00
06:18:48 PM       1    100.00      0.00      0.00      0.00      0.00      0.00
Average:          1    100.00      0.00      0.00      0.00      0.00      0.00
