Linux 3.14.33-regular (node220-2) 	01/05/2017 	_x86_64_	(8 CPU)

05:08:58 PM     CPU     %user     %nice   %system   %iowait    %steal     %idle
05:08:59 PM       1    100.00      0.00      0.00      0.00      0.00      0.00
05:09:00 PM       1    100.00      0.00      0.00      0.00      0.00      0.00
05:09:01 PM       1    100.00      0.00      0.00      0.00      0.00      0.00
05:09:02 PM       1    100.00      0.00      0.00      0.00      0.00      0.00
05:09:03 PM       1    100.00      0.00      0.00      0.00      0.00      0.00
05:09:04 PM       1    100.00      0.00      0.00      0.00      0.00      0.00
05:09:05 PM       1    100.00      0.00      0.00      0.00      0.00      0.00
05:09:06 PM       1     99.00      0.00      1.00      0.00      0.00      0.00
05:09:07 PM       1    100.00      0.00      0.00      0.00      0.00      0.00
05:09:08 PM       1    100.00      0.00      0.00      0.00      0.00      0.00
05:09:09 PM       1    100.00      0.00      0.00      0.00      0.00      0.00
05:09:10 PM       1    100.00      0.00      0.00      0.00      0.00      0.00
05:09:11 PM       1    100.00      0.00      0.00      0.00      0.00      0.00
05:09:12 PM       1    100.00      0.00      0.00      0.00      0.00      0.00
05:09:13 PM       1    100.00      0.00      0.00      0.00      0.00      0.00
05:09:14 PM       1    100.00      0.00      0.00      0.00      0.00      0.00
05:09:15 PM       1    100.00      0.00      0.00      0.00      0.00      0.00
05:09:16 PM       1     99.00      0.00      1.00      0.00      0.00      0.00
05:09:17 PM       1    100.00      0.00      0.00      0.00      0.00      0.00
05:09:18 PM       1    100.00      0.00      0.00      0.00      0.00      0.00
Average:          1     99.90      0.00      0.10      0.00      0.00      0.00
