Linux 3.14.33-regular (node220-2) 	01/05/2017 	_x86_64_	(8 CPU)

07:17:37 PM     CPU     %user     %nice   %system   %iowait    %steal     %idle
07:17:38 PM       1    100.00      0.00      0.00      0.00      0.00      0.00
07:17:39 PM       1    100.00      0.00      0.00      0.00      0.00      0.00
07:17:40 PM       1    100.00      0.00      0.00      0.00      0.00      0.00
07:17:41 PM       1    100.00      0.00      0.00      0.00      0.00      0.00
07:17:42 PM       1    100.00      0.00      0.00      0.00      0.00      0.00
07:17:43 PM       1    100.00      0.00      0.00      0.00      0.00      0.00
07:17:44 PM       1    100.00      0.00      0.00      0.00      0.00      0.00
07:17:45 PM       1    100.00      0.00      0.00      0.00      0.00      0.00
07:17:46 PM       1    100.00      0.00      0.00      0.00      0.00      0.00
07:17:47 PM       1    100.00      0.00      0.00      0.00      0.00      0.00
07:17:48 PM       1    100.00      0.00      0.00      0.00      0.00      0.00
07:17:49 PM       1    100.00      0.00      0.00      0.00      0.00      0.00
07:17:50 PM       1    100.00      0.00      0.00      0.00      0.00      0.00
07:17:51 PM       1    100.00      0.00      0.00      0.00      0.00      0.00
07:17:52 PM       1    100.00      0.00      0.00      0.00      0.00      0.00
07:17:53 PM       1    100.00      0.00      0.00      0.00      0.00      0.00
07:17:54 PM       1    100.00      0.00      0.00      0.00      0.00      0.00
07:17:55 PM       1    100.00      0.00      0.00      0.00      0.00      0.00
07:17:56 PM       1    100.00      0.00      0.00      0.00      0.00      0.00
07:17:57 PM       1    100.00      0.00      0.00      0.00      0.00      0.00
Average:          1    100.00      0.00      0.00      0.00      0.00      0.00
