Linux 3.14.33-regular (node220-2) 	01/05/2017 	_x86_64_	(8 CPU)

06:15:15 PM     CPU     %user     %nice   %system   %iowait    %steal     %idle
06:15:16 PM       1    100.00      0.00      0.00      0.00      0.00      0.00
06:15:17 PM       1    100.00      0.00      0.00      0.00      0.00      0.00
06:15:18 PM       1    100.00      0.00      0.00      0.00      0.00      0.00
06:15:19 PM       1    100.00      0.00      0.00      0.00      0.00      0.00
06:15:20 PM       1    100.00      0.00      0.00      0.00      0.00      0.00
06:15:21 PM       1    100.00      0.00      0.00      0.00      0.00      0.00
06:15:22 PM       1    100.00      0.00      0.00      0.00      0.00      0.00
06:15:23 PM       1    100.00      0.00      0.00      0.00      0.00      0.00
06:15:24 PM       1    100.00      0.00      0.00      0.00      0.00      0.00
06:15:25 PM       1    100.00      0.00      0.00      0.00      0.00      0.00
06:15:26 PM       1    100.00      0.00      0.00      0.00      0.00      0.00
06:15:27 PM       1    100.00      0.00      0.00      0.00      0.00      0.00
06:15:28 PM       1    100.00      0.00      0.00      0.00      0.00      0.00
06:15:29 PM       1    100.00      0.00      0.00      0.00      0.00      0.00
06:15:30 PM       1    100.00      0.00      0.00      0.00      0.00      0.00
06:15:31 PM       1    100.00      0.00      0.00      0.00      0.00      0.00
06:15:32 PM       1    100.00      0.00      0.00      0.00      0.00      0.00
06:15:33 PM       1    100.00      0.00      0.00      0.00      0.00      0.00
06:15:34 PM       1    100.00      0.00      0.00      0.00      0.00      0.00
06:15:35 PM       1    100.00      0.00      0.00      0.00      0.00      0.00
Average:          1    100.00      0.00      0.00      0.00      0.00      0.00
