Linux 3.14.33-regular (node220-2) 	01/05/2017 	_x86_64_	(8 CPU)

08:30:59 PM     CPU     %user     %nice   %system   %iowait    %steal     %idle
08:31:00 PM       1    100.00      0.00      0.00      0.00      0.00      0.00
08:31:01 PM       1    100.00      0.00      0.00      0.00      0.00      0.00
08:31:02 PM       1    100.00      0.00      0.00      0.00      0.00      0.00
08:31:03 PM       1    100.00      0.00      0.00      0.00      0.00      0.00
08:31:04 PM       1    100.00      0.00      0.00      0.00      0.00      0.00
08:31:05 PM       1    100.00      0.00      0.00      0.00      0.00      0.00
08:31:06 PM       1    100.00      0.00      0.00      0.00      0.00      0.00
08:31:07 PM       1    100.00      0.00      0.00      0.00      0.00      0.00
08:31:08 PM       1    100.00      0.00      0.00      0.00      0.00      0.00
08:31:09 PM       1    100.00      0.00      0.00      0.00      0.00      0.00
08:31:10 PM       1    100.00      0.00      0.00      0.00      0.00      0.00
08:31:11 PM       1    100.00      0.00      0.00      0.00      0.00      0.00
08:31:12 PM       1    100.00      0.00      0.00      0.00      0.00      0.00
08:31:13 PM       1    100.00      0.00      0.00      0.00      0.00      0.00
08:31:14 PM       1    100.00      0.00      0.00      0.00      0.00      0.00
08:31:15 PM       1    100.00      0.00      0.00      0.00      0.00      0.00
08:31:16 PM       1    100.00      0.00      0.00      0.00      0.00      0.00
08:31:17 PM       1    100.00      0.00      0.00      0.00      0.00      0.00
08:31:18 PM       1    100.00      0.00      0.00      0.00      0.00      0.00
08:31:19 PM       1    100.00      0.00      0.00      0.00      0.00      0.00
Average:          1    100.00      0.00      0.00      0.00      0.00      0.00
