Linux 3.14.33-regular (node220-2) 	01/05/2017 	_x86_64_	(8 CPU)

08:35:28 PM     CPU     %user     %nice   %system   %iowait    %steal     %idle
08:35:29 PM       1    100.00      0.00      0.00      0.00      0.00      0.00
08:35:30 PM       1    100.00      0.00      0.00      0.00      0.00      0.00
08:35:31 PM       1    100.00      0.00      0.00      0.00      0.00      0.00
08:35:32 PM       1    100.00      0.00      0.00      0.00      0.00      0.00
08:35:33 PM       1    100.00      0.00      0.00      0.00      0.00      0.00
08:35:34 PM       1    100.00      0.00      0.00      0.00      0.00      0.00
08:35:35 PM       1    100.00      0.00      0.00      0.00      0.00      0.00
08:35:36 PM       1    100.00      0.00      0.00      0.00      0.00      0.00
08:35:37 PM       1    100.00      0.00      0.00      0.00      0.00      0.00
08:35:38 PM       1    100.00      0.00      0.00      0.00      0.00      0.00
08:35:39 PM       1    100.00      0.00      0.00      0.00      0.00      0.00
08:35:40 PM       1    100.00      0.00      0.00      0.00      0.00      0.00
08:35:41 PM       1    100.00      0.00      0.00      0.00      0.00      0.00
08:35:42 PM       1    100.00      0.00      0.00      0.00      0.00      0.00
08:35:43 PM       1    100.00      0.00      0.00      0.00      0.00      0.00
08:35:44 PM       1    100.00      0.00      0.00      0.00      0.00      0.00
08:35:45 PM       1    100.00      0.00      0.00      0.00      0.00      0.00
08:35:46 PM       1    100.00      0.00      0.00      0.00      0.00      0.00
08:35:47 PM       1    100.00      0.00      0.00      0.00      0.00      0.00
08:35:48 PM       1    100.00      0.00      0.00      0.00      0.00      0.00
Average:          1    100.00      0.00      0.00      0.00      0.00      0.00
