Linux 3.14.33-regular (node220-2) 	01/05/2017 	_x86_64_	(8 CPU)

08:43:10 PM     CPU     %user     %nice   %system   %iowait    %steal     %idle
08:43:11 PM       1    100.00      0.00      0.00      0.00      0.00      0.00
08:43:12 PM       1    100.00      0.00      0.00      0.00      0.00      0.00
08:43:13 PM       1    100.00      0.00      0.00      0.00      0.00      0.00
08:43:14 PM       1    100.00      0.00      0.00      0.00      0.00      0.00
08:43:15 PM       1    100.00      0.00      0.00      0.00      0.00      0.00
08:43:16 PM       1    100.00      0.00      0.00      0.00      0.00      0.00
08:43:17 PM       1    100.00      0.00      0.00      0.00      0.00      0.00
08:43:18 PM       1    100.00      0.00      0.00      0.00      0.00      0.00
08:43:19 PM       1    100.00      0.00      0.00      0.00      0.00      0.00
08:43:20 PM       1    100.00      0.00      0.00      0.00      0.00      0.00
08:43:21 PM       1    100.00      0.00      0.00      0.00      0.00      0.00
08:43:22 PM       1    100.00      0.00      0.00      0.00      0.00      0.00
08:43:23 PM       1    100.00      0.00      0.00      0.00      0.00      0.00
08:43:24 PM       1    100.00      0.00      0.00      0.00      0.00      0.00
08:43:25 PM       1    100.00      0.00      0.00      0.00      0.00      0.00
08:43:26 PM       1    100.00      0.00      0.00      0.00      0.00      0.00
08:43:27 PM       1    100.00      0.00      0.00      0.00      0.00      0.00
08:43:28 PM       1    100.00      0.00      0.00      0.00      0.00      0.00
08:43:29 PM       1    100.00      0.00      0.00      0.00      0.00      0.00
08:43:30 PM       1    100.00      0.00      0.00      0.00      0.00      0.00
Average:          1    100.00      0.00      0.00      0.00      0.00      0.00
