Linux 3.14.33-regular (node220-2) 	01/05/2017 	_x86_64_	(8 CPU)

05:24:25 PM     CPU     %user     %nice   %system   %iowait    %steal     %idle
05:24:26 PM       1    100.00      0.00      0.00      0.00      0.00      0.00
05:24:27 PM       1    100.00      0.00      0.00      0.00      0.00      0.00
05:24:28 PM       1    100.00      0.00      0.00      0.00      0.00      0.00
05:24:29 PM       1    100.00      0.00      0.00      0.00      0.00      0.00
05:24:30 PM       1    100.00      0.00      0.00      0.00      0.00      0.00
05:24:31 PM       1    100.00      0.00      0.00      0.00      0.00      0.00
05:24:32 PM       1    100.00      0.00      0.00      0.00      0.00      0.00
05:24:33 PM       1    100.00      0.00      0.00      0.00      0.00      0.00
05:24:34 PM       1    100.00      0.00      0.00      0.00      0.00      0.00
05:24:35 PM       1    100.00      0.00      0.00      0.00      0.00      0.00
05:24:36 PM       1    100.00      0.00      0.00      0.00      0.00      0.00
05:24:37 PM       1    100.00      0.00      0.00      0.00      0.00      0.00
05:24:38 PM       1    100.00      0.00      0.00      0.00      0.00      0.00
05:24:39 PM       1    100.00      0.00      0.00      0.00      0.00      0.00
05:24:40 PM       1    100.00      0.00      0.00      0.00      0.00      0.00
05:24:41 PM       1    100.00      0.00      0.00      0.00      0.00      0.00
05:24:42 PM       1    100.00      0.00      0.00      0.00      0.00      0.00
05:24:43 PM       1    100.00      0.00      0.00      0.00      0.00      0.00
05:24:44 PM       1    100.00      0.00      0.00      0.00      0.00      0.00
05:24:45 PM       1    100.00      0.00      0.00      0.00      0.00      0.00
Average:          1    100.00      0.00      0.00      0.00      0.00      0.00
