Linux 3.14.33-regular (node220-2) 	01/05/2017 	_x86_64_	(8 CPU)

03:55:37 PM     CPU     %user     %nice   %system   %iowait    %steal     %idle
03:55:38 PM       1    100.00      0.00      0.00      0.00      0.00      0.00
03:55:39 PM       1    100.00      0.00      0.00      0.00      0.00      0.00
03:55:40 PM       1    100.00      0.00      0.00      0.00      0.00      0.00
03:55:41 PM       1    100.00      0.00      0.00      0.00      0.00      0.00
03:55:42 PM       1    100.00      0.00      0.00      0.00      0.00      0.00
03:55:43 PM       1    100.00      0.00      0.00      0.00      0.00      0.00
03:55:44 PM       1    100.00      0.00      0.00      0.00      0.00      0.00
03:55:45 PM       1    100.00      0.00      0.00      0.00      0.00      0.00
03:55:46 PM       1    100.00      0.00      0.00      0.00      0.00      0.00
03:55:47 PM       1    100.00      0.00      0.00      0.00      0.00      0.00
03:55:48 PM       1    100.00      0.00      0.00      0.00      0.00      0.00
03:55:49 PM       1    100.00      0.00      0.00      0.00      0.00      0.00
03:55:50 PM       1    100.00      0.00      0.00      0.00      0.00      0.00
03:55:51 PM       1    100.00      0.00      0.00      0.00      0.00      0.00
03:55:52 PM       1    100.00      0.00      0.00      0.00      0.00      0.00
03:55:53 PM       1    100.00      0.00      0.00      0.00      0.00      0.00
03:55:54 PM       1    100.00      0.00      0.00      0.00      0.00      0.00
03:55:55 PM       1    100.00      0.00      0.00      0.00      0.00      0.00
03:55:56 PM       1    100.00      0.00      0.00      0.00      0.00      0.00
03:55:57 PM       1    100.00      0.00      0.00      0.00      0.00      0.00
Average:          1    100.00      0.00      0.00      0.00      0.00      0.00
