Linux 3.14.33-regular (node220-2) 	01/05/2017 	_x86_64_	(8 CPU)

11:02:56 PM     CPU     %user     %nice   %system   %iowait    %steal     %idle
11:02:57 PM       1    100.00      0.00      0.00      0.00      0.00      0.00
11:02:58 PM       1    100.00      0.00      0.00      0.00      0.00      0.00
11:02:59 PM       1    100.00      0.00      0.00      0.00      0.00      0.00
11:03:00 PM       1    100.00      0.00      0.00      0.00      0.00      0.00
11:03:01 PM       1    100.00      0.00      0.00      0.00      0.00      0.00
11:03:02 PM       1    100.00      0.00      0.00      0.00      0.00      0.00
11:03:03 PM       1    100.00      0.00      0.00      0.00      0.00      0.00
11:03:04 PM       1    100.00      0.00      0.00      0.00      0.00      0.00
11:03:05 PM       1    100.00      0.00      0.00      0.00      0.00      0.00
11:03:06 PM       1    100.00      0.00      0.00      0.00      0.00      0.00
11:03:07 PM       1    100.00      0.00      0.00      0.00      0.00      0.00
11:03:08 PM       1    100.00      0.00      0.00      0.00      0.00      0.00
11:03:09 PM       1    100.00      0.00      0.00      0.00      0.00      0.00
11:03:10 PM       1    100.00      0.00      0.00      0.00      0.00      0.00
11:03:11 PM       1    100.00      0.00      0.00      0.00      0.00      0.00
11:03:12 PM       1    100.00      0.00      0.00      0.00      0.00      0.00
11:03:13 PM       1    100.00      0.00      0.00      0.00      0.00      0.00
11:03:14 PM       1    100.00      0.00      0.00      0.00      0.00      0.00
11:03:15 PM       1    100.00      0.00      0.00      0.00      0.00      0.00
11:03:16 PM       1    100.00      0.00      0.00      0.00      0.00      0.00
Average:          1    100.00      0.00      0.00      0.00      0.00      0.00
