Linux 3.14.33-regular (node220-2) 	01/06/2017 	_x86_64_	(8 CPU)

01:03:54 AM     CPU     %user     %nice   %system   %iowait    %steal     %idle
01:03:55 AM       1    100.00      0.00      0.00      0.00      0.00      0.00
01:03:56 AM       1    100.00      0.00      0.00      0.00      0.00      0.00
01:03:57 AM       1    100.00      0.00      0.00      0.00      0.00      0.00
01:03:58 AM       1    100.00      0.00      0.00      0.00      0.00      0.00
01:03:59 AM       1    100.00      0.00      0.00      0.00      0.00      0.00
01:04:00 AM       1    100.00      0.00      0.00      0.00      0.00      0.00
01:04:01 AM       1    100.00      0.00      0.00      0.00      0.00      0.00
01:04:02 AM       1    100.00      0.00      0.00      0.00      0.00      0.00
01:04:03 AM       1    100.00      0.00      0.00      0.00      0.00      0.00
01:04:04 AM       1    100.00      0.00      0.00      0.00      0.00      0.00
01:04:05 AM       1    100.00      0.00      0.00      0.00      0.00      0.00
01:04:06 AM       1    100.00      0.00      0.00      0.00      0.00      0.00
01:04:07 AM       1    100.00      0.00      0.00      0.00      0.00      0.00
01:04:08 AM       1    100.00      0.00      0.00      0.00      0.00      0.00
01:04:09 AM       1    100.00      0.00      0.00      0.00      0.00      0.00
01:04:10 AM       1    100.00      0.00      0.00      0.00      0.00      0.00
01:04:11 AM       1    100.00      0.00      0.00      0.00      0.00      0.00
01:04:12 AM       1    100.00      0.00      0.00      0.00      0.00      0.00
01:04:13 AM       1    100.00      0.00      0.00      0.00      0.00      0.00
01:04:14 AM       1    100.00      0.00      0.00      0.00      0.00      0.00
Average:          1    100.00      0.00      0.00      0.00      0.00      0.00
