Linux 3.14.33-regular (node220-2) 	01/05/2017 	_x86_64_	(8 CPU)

04:13:38 PM     CPU     %user     %nice   %system   %iowait    %steal     %idle
04:13:39 PM       1    100.00      0.00      0.00      0.00      0.00      0.00
04:13:40 PM       1    100.00      0.00      0.00      0.00      0.00      0.00
04:13:41 PM       1    100.00      0.00      0.00      0.00      0.00      0.00
04:13:42 PM       1    100.00      0.00      0.00      0.00      0.00      0.00
04:13:43 PM       1    100.00      0.00      0.00      0.00      0.00      0.00
04:13:44 PM       1    100.00      0.00      0.00      0.00      0.00      0.00
04:13:45 PM       1    100.00      0.00      0.00      0.00      0.00      0.00
04:13:46 PM       1    100.00      0.00      0.00      0.00      0.00      0.00
04:13:47 PM       1    100.00      0.00      0.00      0.00      0.00      0.00
04:13:48 PM       1    100.00      0.00      0.00      0.00      0.00      0.00
04:13:49 PM       1    100.00      0.00      0.00      0.00      0.00      0.00
04:13:50 PM       1    100.00      0.00      0.00      0.00      0.00      0.00
04:13:51 PM       1    100.00      0.00      0.00      0.00      0.00      0.00
04:13:52 PM       1    100.00      0.00      0.00      0.00      0.00      0.00
04:13:53 PM       1    100.00      0.00      0.00      0.00      0.00      0.00
04:13:54 PM       1    100.00      0.00      0.00      0.00      0.00      0.00
04:13:55 PM       1    100.00      0.00      0.00      0.00      0.00      0.00
04:13:56 PM       1    100.00      0.00      0.00      0.00      0.00      0.00
04:13:57 PM       1    100.00      0.00      0.00      0.00      0.00      0.00
04:13:58 PM       1    100.00      0.00      0.00      0.00      0.00      0.00
Average:          1    100.00      0.00      0.00      0.00      0.00      0.00
