Linux 3.14.33-regular (node220-2) 	01/05/2017 	_x86_64_	(8 CPU)

08:45:44 PM     CPU     %user     %nice   %system   %iowait    %steal     %idle
08:45:45 PM       1    100.00      0.00      0.00      0.00      0.00      0.00
08:45:46 PM       1    100.00      0.00      0.00      0.00      0.00      0.00
08:45:47 PM       1    100.00      0.00      0.00      0.00      0.00      0.00
08:45:48 PM       1    100.00      0.00      0.00      0.00      0.00      0.00
08:45:49 PM       1    100.00      0.00      0.00      0.00      0.00      0.00
08:45:50 PM       1    100.00      0.00      0.00      0.00      0.00      0.00
08:45:51 PM       1    100.00      0.00      0.00      0.00      0.00      0.00
08:45:52 PM       1    100.00      0.00      0.00      0.00      0.00      0.00
08:45:53 PM       1    100.00      0.00      0.00      0.00      0.00      0.00
08:45:54 PM       1    100.00      0.00      0.00      0.00      0.00      0.00
08:45:55 PM       1    100.00      0.00      0.00      0.00      0.00      0.00
08:45:56 PM       1    100.00      0.00      0.00      0.00      0.00      0.00
08:45:57 PM       1    100.00      0.00      0.00      0.00      0.00      0.00
08:45:58 PM       1    100.00      0.00      0.00      0.00      0.00      0.00
08:45:59 PM       1    100.00      0.00      0.00      0.00      0.00      0.00
08:46:00 PM       1    100.00      0.00      0.00      0.00      0.00      0.00
08:46:01 PM       1    100.00      0.00      0.00      0.00      0.00      0.00
08:46:02 PM       1    100.00      0.00      0.00      0.00      0.00      0.00
08:46:03 PM       1    100.00      0.00      0.00      0.00      0.00      0.00
08:46:04 PM       1    100.00      0.00      0.00      0.00      0.00      0.00
Average:          1    100.00      0.00      0.00      0.00      0.00      0.00
