Linux 3.14.33-regular (node220-2) 	01/06/2017 	_x86_64_	(8 CPU)

12:20:15 AM     CPU     %user     %nice   %system   %iowait    %steal     %idle
12:20:16 AM       1    100.00      0.00      0.00      0.00      0.00      0.00
12:20:17 AM       1    100.00      0.00      0.00      0.00      0.00      0.00
12:20:18 AM       1    100.00      0.00      0.00      0.00      0.00      0.00
12:20:19 AM       1    100.00      0.00      0.00      0.00      0.00      0.00
12:20:20 AM       1    100.00      0.00      0.00      0.00      0.00      0.00
12:20:21 AM       1    100.00      0.00      0.00      0.00      0.00      0.00
12:20:22 AM       1    100.00      0.00      0.00      0.00      0.00      0.00
12:20:23 AM       1    100.00      0.00      0.00      0.00      0.00      0.00
12:20:24 AM       1    100.00      0.00      0.00      0.00      0.00      0.00
12:20:25 AM       1    100.00      0.00      0.00      0.00      0.00      0.00
12:20:26 AM       1    100.00      0.00      0.00      0.00      0.00      0.00
12:20:27 AM       1    100.00      0.00      0.00      0.00      0.00      0.00
12:20:28 AM       1    100.00      0.00      0.00      0.00      0.00      0.00
12:20:29 AM       1    100.00      0.00      0.00      0.00      0.00      0.00
12:20:30 AM       1    100.00      0.00      0.00      0.00      0.00      0.00
12:20:31 AM       1    100.00      0.00      0.00      0.00      0.00      0.00
12:20:32 AM       1    100.00      0.00      0.00      0.00      0.00      0.00
12:20:33 AM       1    100.00      0.00      0.00      0.00      0.00      0.00
12:20:34 AM       1    100.00      0.00      0.00      0.00      0.00      0.00
12:20:35 AM       1    100.00      0.00      0.00      0.00      0.00      0.00
Average:          1    100.00      0.00      0.00      0.00      0.00      0.00
