Linux 3.14.33-regular (node220-2) 	01/06/2017 	_x86_64_	(8 CPU)

01:13:38 AM     CPU     %user     %nice   %system   %iowait    %steal     %idle
01:13:39 AM       1    100.00      0.00      0.00      0.00      0.00      0.00
01:13:40 AM       1    100.00      0.00      0.00      0.00      0.00      0.00
01:13:41 AM       1    100.00      0.00      0.00      0.00      0.00      0.00
01:13:42 AM       1    100.00      0.00      0.00      0.00      0.00      0.00
01:13:43 AM       1    100.00      0.00      0.00      0.00      0.00      0.00
01:13:44 AM       1    100.00      0.00      0.00      0.00      0.00      0.00
01:13:45 AM       1    100.00      0.00      0.00      0.00      0.00      0.00
01:13:46 AM       1    100.00      0.00      0.00      0.00      0.00      0.00
01:13:47 AM       1    100.00      0.00      0.00      0.00      0.00      0.00
01:13:48 AM       1    100.00      0.00      0.00      0.00      0.00      0.00
01:13:49 AM       1    100.00      0.00      0.00      0.00      0.00      0.00
01:13:50 AM       1    100.00      0.00      0.00      0.00      0.00      0.00
01:13:51 AM       1    100.00      0.00      0.00      0.00      0.00      0.00
01:13:52 AM       1    100.00      0.00      0.00      0.00      0.00      0.00
01:13:53 AM       1    100.00      0.00      0.00      0.00      0.00      0.00
01:13:54 AM       1    100.00      0.00      0.00      0.00      0.00      0.00
01:13:55 AM       1    100.00      0.00      0.00      0.00      0.00      0.00
01:13:56 AM       1    100.00      0.00      0.00      0.00      0.00      0.00
01:13:57 AM       1    100.00      0.00      0.00      0.00      0.00      0.00
01:13:58 AM       1    100.00      0.00      0.00      0.00      0.00      0.00
Average:          1    100.00      0.00      0.00      0.00      0.00      0.00
