Linux 3.14.33-regular (node220-2) 	01/05/2017 	_x86_64_	(8 CPU)

11:00:22 PM     CPU     %user     %nice   %system   %iowait    %steal     %idle
11:00:23 PM       1    100.00      0.00      0.00      0.00      0.00      0.00
11:00:24 PM       1    100.00      0.00      0.00      0.00      0.00      0.00
11:00:25 PM       1    100.00      0.00      0.00      0.00      0.00      0.00
11:00:26 PM       1    100.00      0.00      0.00      0.00      0.00      0.00
11:00:27 PM       1    100.00      0.00      0.00      0.00      0.00      0.00
11:00:28 PM       1    100.00      0.00      0.00      0.00      0.00      0.00
11:00:29 PM       1    100.00      0.00      0.00      0.00      0.00      0.00
11:00:30 PM       1    100.00      0.00      0.00      0.00      0.00      0.00
11:00:31 PM       1    100.00      0.00      0.00      0.00      0.00      0.00
11:00:32 PM       1    100.00      0.00      0.00      0.00      0.00      0.00
11:00:33 PM       1    100.00      0.00      0.00      0.00      0.00      0.00
11:00:34 PM       1    100.00      0.00      0.00      0.00      0.00      0.00
11:00:35 PM       1    100.00      0.00      0.00      0.00      0.00      0.00
11:00:36 PM       1    100.00      0.00      0.00      0.00      0.00      0.00
11:00:37 PM       1    100.00      0.00      0.00      0.00      0.00      0.00
11:00:38 PM       1    100.00      0.00      0.00      0.00      0.00      0.00
11:00:39 PM       1    100.00      0.00      0.00      0.00      0.00      0.00
11:00:40 PM       1    100.00      0.00      0.00      0.00      0.00      0.00
11:00:41 PM       1    100.00      0.00      0.00      0.00      0.00      0.00
11:00:42 PM       1    100.00      0.00      0.00      0.00      0.00      0.00
Average:          1    100.00      0.00      0.00      0.00      0.00      0.00
