Linux 3.14.33-regular (node220-2) 	01/06/2017 	_x86_64_	(8 CPU)

12:29:53 AM     CPU     %user     %nice   %system   %iowait    %steal     %idle
12:29:54 AM       1    100.00      0.00      0.00      0.00      0.00      0.00
12:29:55 AM       1    100.00      0.00      0.00      0.00      0.00      0.00
12:29:56 AM       1    100.00      0.00      0.00      0.00      0.00      0.00
12:29:57 AM       1    100.00      0.00      0.00      0.00      0.00      0.00
12:29:58 AM       1    100.00      0.00      0.00      0.00      0.00      0.00
12:29:59 AM       1    100.00      0.00      0.00      0.00      0.00      0.00
12:30:00 AM       1    100.00      0.00      0.00      0.00      0.00      0.00
12:30:01 AM       1    100.00      0.00      0.00      0.00      0.00      0.00
12:30:02 AM       1    100.00      0.00      0.00      0.00      0.00      0.00
12:30:03 AM       1    100.00      0.00      0.00      0.00      0.00      0.00
12:30:04 AM       1    100.00      0.00      0.00      0.00      0.00      0.00
12:30:05 AM       1    100.00      0.00      0.00      0.00      0.00      0.00
12:30:06 AM       1    100.00      0.00      0.00      0.00      0.00      0.00
12:30:07 AM       1    100.00      0.00      0.00      0.00      0.00      0.00
12:30:08 AM       1    100.00      0.00      0.00      0.00      0.00      0.00
12:30:09 AM       1    100.00      0.00      0.00      0.00      0.00      0.00
12:30:10 AM       1    100.00      0.00      0.00      0.00      0.00      0.00
12:30:11 AM       1    100.00      0.00      0.00      0.00      0.00      0.00
12:30:12 AM       1    100.00      0.00      0.00      0.00      0.00      0.00
12:30:13 AM       1    100.00      0.00      0.00      0.00      0.00      0.00
Average:          1    100.00      0.00      0.00      0.00      0.00      0.00
