Linux 3.14.33-regular (node220-2) 	01/06/2017 	_x86_64_	(8 CPU)

12:01:31 AM     CPU     %user     %nice   %system   %iowait    %steal     %idle
12:01:32 AM       1    100.00      0.00      0.00      0.00      0.00      0.00
12:01:33 AM       1    100.00      0.00      0.00      0.00      0.00      0.00
12:01:34 AM       1    100.00      0.00      0.00      0.00      0.00      0.00
12:01:35 AM       1    100.00      0.00      0.00      0.00      0.00      0.00
12:01:36 AM       1    100.00      0.00      0.00      0.00      0.00      0.00
12:01:37 AM       1    100.00      0.00      0.00      0.00      0.00      0.00
12:01:38 AM       1    100.00      0.00      0.00      0.00      0.00      0.00
12:01:39 AM       1    100.00      0.00      0.00      0.00      0.00      0.00
12:01:40 AM       1    100.00      0.00      0.00      0.00      0.00      0.00
12:01:41 AM       1    100.00      0.00      0.00      0.00      0.00      0.00
12:01:42 AM       1    100.00      0.00      0.00      0.00      0.00      0.00
12:01:43 AM       1    100.00      0.00      0.00      0.00      0.00      0.00
12:01:44 AM       1    100.00      0.00      0.00      0.00      0.00      0.00
12:01:45 AM       1    100.00      0.00      0.00      0.00      0.00      0.00
12:01:46 AM       1    100.00      0.00      0.00      0.00      0.00      0.00
12:01:47 AM       1    100.00      0.00      0.00      0.00      0.00      0.00
12:01:48 AM       1    100.00      0.00      0.00      0.00      0.00      0.00
12:01:49 AM       1    100.00      0.00      0.00      0.00      0.00      0.00
12:01:50 AM       1    100.00      0.00      0.00      0.00      0.00      0.00
12:01:51 AM       1    100.00      0.00      0.00      0.00      0.00      0.00
Average:          1    100.00      0.00      0.00      0.00      0.00      0.00
