Linux 3.14.33-regular (node220-2) 	01/05/2017 	_x86_64_	(8 CPU)

06:13:57 PM     CPU     %user     %nice   %system   %iowait    %steal     %idle
06:13:58 PM       1    100.00      0.00      0.00      0.00      0.00      0.00
06:13:59 PM       1    100.00      0.00      0.00      0.00      0.00      0.00
06:14:00 PM       1    100.00      0.00      0.00      0.00      0.00      0.00
06:14:01 PM       1    100.00      0.00      0.00      0.00      0.00      0.00
06:14:02 PM       1    100.00      0.00      0.00      0.00      0.00      0.00
06:14:03 PM       1    100.00      0.00      0.00      0.00      0.00      0.00
06:14:04 PM       1    100.00      0.00      0.00      0.00      0.00      0.00
06:14:05 PM       1    100.00      0.00      0.00      0.00      0.00      0.00
06:14:06 PM       1    100.00      0.00      0.00      0.00      0.00      0.00
06:14:07 PM       1    100.00      0.00      0.00      0.00      0.00      0.00
06:14:08 PM       1    100.00      0.00      0.00      0.00      0.00      0.00
06:14:09 PM       1    100.00      0.00      0.00      0.00      0.00      0.00
06:14:10 PM       1    100.00      0.00      0.00      0.00      0.00      0.00
06:14:11 PM       1    100.00      0.00      0.00      0.00      0.00      0.00
06:14:12 PM       1    100.00      0.00      0.00      0.00      0.00      0.00
06:14:13 PM       1    100.00      0.00      0.00      0.00      0.00      0.00
06:14:14 PM       1    100.00      0.00      0.00      0.00      0.00      0.00
06:14:15 PM       1    100.00      0.00      0.00      0.00      0.00      0.00
06:14:16 PM       1    100.00      0.00      0.00      0.00      0.00      0.00
06:14:17 PM       1    100.00      0.00      0.00      0.00      0.00      0.00
Average:          1    100.00      0.00      0.00      0.00      0.00      0.00
