Linux 3.14.33-regular (node220-2) 	01/05/2017 	_x86_64_	(8 CPU)

09:20:35 PM     CPU     %user     %nice   %system   %iowait    %steal     %idle
09:20:36 PM       1    100.00      0.00      0.00      0.00      0.00      0.00
09:20:37 PM       1    100.00      0.00      0.00      0.00      0.00      0.00
09:20:38 PM       1    100.00      0.00      0.00      0.00      0.00      0.00
09:20:39 PM       1    100.00      0.00      0.00      0.00      0.00      0.00
09:20:40 PM       1    100.00      0.00      0.00      0.00      0.00      0.00
09:20:41 PM       1    100.00      0.00      0.00      0.00      0.00      0.00
09:20:42 PM       1    100.00      0.00      0.00      0.00      0.00      0.00
09:20:43 PM       1    100.00      0.00      0.00      0.00      0.00      0.00
09:20:44 PM       1    100.00      0.00      0.00      0.00      0.00      0.00
09:20:45 PM       1    100.00      0.00      0.00      0.00      0.00      0.00
09:20:46 PM       1    100.00      0.00      0.00      0.00      0.00      0.00
09:20:47 PM       1    100.00      0.00      0.00      0.00      0.00      0.00
09:20:48 PM       1    100.00      0.00      0.00      0.00      0.00      0.00
09:20:49 PM       1    100.00      0.00      0.00      0.00      0.00      0.00
09:20:50 PM       1    100.00      0.00      0.00      0.00      0.00      0.00
09:20:51 PM       1    100.00      0.00      0.00      0.00      0.00      0.00
09:20:52 PM       1    100.00      0.00      0.00      0.00      0.00      0.00
09:20:53 PM       1    100.00      0.00      0.00      0.00      0.00      0.00
09:20:54 PM       1    100.00      0.00      0.00      0.00      0.00      0.00
09:20:55 PM       1    100.00      0.00      0.00      0.00      0.00      0.00
Average:          1    100.00      0.00      0.00      0.00      0.00      0.00
