Linux 3.14.33-regular (node220-2) 	01/08/2017 	_x86_64_	(8 CPU)

07:33:53 AM     CPU     %user     %nice   %system   %iowait    %steal     %idle
07:34:03 AM       1      1.60      0.00     97.20      0.00      0.00      1.20
07:34:13 AM       1      1.70      0.00     98.30      0.00      0.00      0.00
07:34:23 AM       1      1.50      0.00     98.50      0.00      0.00      0.00
07:34:33 AM       1      1.40      0.00     98.60      0.00      0.00      0.00
07:34:43 AM       1      1.50      0.00     88.49      0.00      0.00     10.01
07:34:53 AM       1      1.50      0.00     98.50      0.00      0.00      0.00
07:35:03 AM       1      1.60      0.00     98.40      0.00      0.00      0.00
07:35:13 AM       1      1.00      0.00     99.00      0.00      0.00      0.00
07:35:23 AM       1      1.80      0.00     98.20      0.00      0.00      0.00
07:35:33 AM       1      1.80      0.00     98.20      0.00      0.00      0.00
07:35:43 AM       1      1.00      0.00     99.00      0.00      0.00      0.00
07:35:53 AM       1      1.80      0.00     98.20      0.00      0.00      0.00
07:36:03 AM       1      1.70      0.00     98.30      0.00      0.00      0.00
07:36:13 AM       1      1.10      0.00     98.90      0.00      0.00      0.00
07:36:23 AM       1      1.90      0.00     98.10      0.00      0.00      0.00
07:36:33 AM       1      1.30      0.00     98.70      0.00      0.00      0.00
07:36:43 AM       1      1.60      0.00     98.40      0.00      0.00      0.00
07:36:53 AM       1      1.80      0.00     98.20      0.00      0.00      0.00
07:37:03 AM       1      1.50      0.00     98.50      0.00      0.00      0.00
07:37:13 AM       1      1.30      0.00     98.70      0.00      0.00      0.00
07:37:23 AM       1      1.60      0.00     98.40      0.00      0.00      0.00
07:37:33 AM       1      1.50      0.00     98.50      0.00      0.00      0.00
07:37:43 AM       1      1.60      0.00     98.40      0.00      0.00      0.00
07:37:53 AM       1      1.80      0.00     98.20      0.00      0.00      0.00
07:38:03 AM       1      1.90      0.00     98.10      0.00      0.00      0.00
07:38:13 AM       1      1.30      0.00     98.70      0.00      0.00      0.00
07:38:23 AM       1      1.80      0.00     98.20      0.00      0.00      0.00
07:38:33 AM       1      1.50      0.00     98.50      0.00      0.00      0.00
07:38:43 AM       1      1.80      0.00     98.20      0.00      0.00      0.00
07:38:53 AM       1      1.30      0.00     98.70      0.00      0.00      0.00
07:39:03 AM       1      1.70      0.00     98.30      0.00      0.00      0.00
07:39:13 AM       1      1.40      0.00     98.60      0.00      0.00      0.00
07:39:23 AM       1      1.50      0.00     98.50      0.00      0.00      0.00
07:39:33 AM       1      1.70      0.00     98.30      0.00      0.00      0.00
07:39:43 AM       1      1.70      0.00     98.30      0.00      0.00      0.00
07:39:53 AM       1      1.70      0.00     98.30      0.00      0.00      0.00
07:40:03 AM       1      1.70      0.00     98.30      0.00      0.00      0.00
07:40:13 AM       1      1.40      0.00     98.60      0.00      0.00      0.00
07:40:23 AM       1      1.90      0.00     98.10      0.00      0.00      0.00
07:40:33 AM       1      1.80      0.00     98.20      0.00      0.00      0.00
07:40:43 AM       1      1.50      0.00     98.50      0.00      0.00      0.00
07:40:53 AM       1      1.80      0.00     98.20      0.00      0.00      0.00
07:41:03 AM       1      1.50      0.00     98.50      0.00      0.00      0.00
07:41:13 AM       1      1.80      0.00     98.20      0.00      0.00      0.00
07:41:23 AM       1      1.80      0.00     98.20      0.00      0.00      0.00
07:41:33 AM       1      1.60      0.00     98.40      0.00      0.00      0.00
07:41:43 AM       1      1.60      0.00     98.40      0.00      0.00      0.00
07:41:53 AM       1      1.50      0.00     98.50      0.00      0.00      0.00
07:42:03 AM       1      1.90      0.00     98.10      0.00      0.00      0.00
07:42:13 AM       1      1.20      0.00     98.80      0.00      0.00      0.00
07:42:23 AM       1      1.60      0.00     98.40      0.00      0.00      0.00
07:42:33 AM       1      1.80      0.00     98.20      0.00      0.00      0.00
07:42:43 AM       1      1.60      0.00     98.40      0.00      0.00      0.00
07:42:53 AM       1      1.60      0.00     98.40      0.00      0.00      0.00
07:43:03 AM       1      1.10      0.00     98.90      0.00      0.00      0.00
07:43:13 AM       1      1.30      0.00     98.70      0.00      0.00      0.00
07:43:23 AM       1      1.90      0.00     98.10      0.00      0.00      0.00
07:43:33 AM       1      1.80      0.00     98.20      0.00      0.00      0.00
07:43:43 AM       1      1.50      0.00     88.60      0.00      0.00      9.90
07:43:53 AM       1      2.00      0.00     98.00      0.00      0.00      0.00
Average:          1      1.59      0.00     98.06      0.00      0.00      0.35
