Linux 3.14.33-regular (node220-2) 	01/02/2017 	_x86_64_	(8 CPU)

03:26:19 PM     CPU     %user     %nice   %system   %iowait    %steal     %idle
03:26:20 PM       1      1.00      0.00     99.00      0.00      0.00      0.00
03:26:21 PM       1      3.00      0.00     97.00      0.00      0.00      0.00
03:26:22 PM       1      1.00      0.00     99.00      0.00      0.00      0.00
03:26:23 PM       1      1.00      0.00     99.00      0.00      0.00      0.00
03:26:24 PM       1      1.00      0.00     99.00      0.00      0.00      0.00
03:26:25 PM       1      1.00      0.00     99.00      0.00      0.00      0.00
03:26:26 PM       1      2.00      0.00     98.00      0.00      0.00      0.00
03:26:27 PM       1      1.00      0.00     99.00      0.00      0.00      0.00
03:26:28 PM       1      2.97      0.00     97.03      0.00      0.00      0.00
03:26:29 PM       1      1.01      0.00     98.99      0.00      0.00      0.00
03:26:30 PM       1      2.00      0.00     98.00      0.00      0.00      0.00
03:26:31 PM       1      1.00      0.00     99.00      0.00      0.00      0.00
03:26:32 PM       1      1.00      0.00     99.00      0.00      0.00      0.00
03:26:33 PM       1      1.00      0.00     99.00      0.00      0.00      0.00
03:26:34 PM       1      2.00      0.00     98.00      0.00      0.00      0.00
03:26:35 PM       1      1.98      0.00     98.02      0.00      0.00      0.00
03:26:36 PM       1      0.00      0.00    100.00      0.00      0.00      0.00
03:26:37 PM       1      2.00      0.00     98.00      0.00      0.00      0.00
03:26:38 PM       1      1.01      0.00     98.99      0.00      0.00      0.00
03:26:39 PM       1      2.97      0.00     97.03      0.00      0.00      0.00
Average:          1      1.50      0.00     98.50      0.00      0.00      0.00
