Linux 3.14.33-regular (node220-2) 	01/02/2017 	_x86_64_	(8 CPU)

03:37:09 PM     CPU     %user     %nice   %system   %iowait    %steal     %idle
03:37:10 PM       1      2.00      0.00     98.00      0.00      0.00      0.00
03:37:11 PM       1      0.99      0.00     99.01      0.00      0.00      0.00
03:37:12 PM       1      2.04      0.00     97.96      0.00      0.00      0.00
03:37:13 PM       1      1.98      0.00     98.02      0.00      0.00      0.00
03:37:14 PM       1      1.00      0.00     99.00      0.00      0.00      0.00
03:37:15 PM       1      2.00      0.00     98.00      0.00      0.00      0.00
03:37:16 PM       1      0.00      0.00    100.00      0.00      0.00      0.00
03:37:17 PM       1      3.00      0.00     97.00      0.00      0.00      0.00
03:37:18 PM       1      2.00      0.00     98.00      0.00      0.00      0.00
03:37:19 PM       1      2.00      0.00     98.00      0.00      0.00      0.00
03:37:20 PM       1      1.00      0.00     99.00      0.00      0.00      0.00
03:37:21 PM       1      1.00      0.00     99.00      0.00      0.00      0.00
03:37:22 PM       1      1.98      0.00     98.02      0.00      0.00      0.00
03:37:23 PM       1      1.01      0.00     98.99      0.00      0.00      0.00
03:37:24 PM       1      1.00      0.00     99.00      0.00      0.00      0.00
03:37:25 PM       1      1.00      0.00     99.00      0.00      0.00      0.00
03:37:26 PM       1      1.98      0.00     98.02      0.00      0.00      0.00
03:37:27 PM       1      2.00      0.00     98.00      0.00      0.00      0.00
03:37:28 PM       1      0.00      0.00    100.00      0.00      0.00      0.00
03:37:29 PM       1      2.97      0.00     97.03      0.00      0.00      0.00
Average:          1      1.55      0.00     98.45      0.00      0.00      0.00
