Linux 3.14.33-regular (node220-2) 	01/02/2017 	_x86_64_	(8 CPU)

03:05:51 PM     CPU     %user     %nice   %system   %iowait    %steal     %idle
03:05:52 PM       1      3.00      0.00     97.00      0.00      0.00      0.00
03:05:53 PM       1      3.00      0.00     97.00      0.00      0.00      0.00
03:05:54 PM       1      2.00      0.00     98.00      0.00      0.00      0.00
03:05:55 PM       1      1.00      0.00     99.00      0.00      0.00      0.00
03:05:56 PM       1      1.01      0.00     98.99      0.00      0.00      0.00
03:05:57 PM       1      2.00      0.00     98.00      0.00      0.00      0.00
03:05:58 PM       1      0.99      0.00     99.01      0.00      0.00      0.00
03:05:59 PM       1      2.00      0.00     98.00      0.00      0.00      0.00
03:06:00 PM       1      3.00      0.00     97.00      0.00      0.00      0.00
03:06:01 PM       1      2.00      0.00     98.00      0.00      0.00      0.00
03:06:02 PM       1      0.99      0.00     99.01      0.00      0.00      0.00
03:06:03 PM       1      1.01      0.00     98.99      0.00      0.00      0.00
03:06:04 PM       1      2.00      0.00     98.00      0.00      0.00      0.00
03:06:05 PM       1      1.01      0.00     98.99      0.00      0.00      0.00
03:06:06 PM       1      1.98      0.00     98.02      0.00      0.00      0.00
03:06:07 PM       1      1.98      0.00     98.02      0.00      0.00      0.00
03:06:08 PM       1      2.02      0.00     97.98      0.00      0.00      0.00
03:06:09 PM       1      1.00      0.00     99.00      0.00      0.00      0.00
03:06:10 PM       1      3.00      0.00     97.00      0.00      0.00      0.00
03:06:11 PM       1      2.00      0.00     98.00      0.00      0.00      0.00
Average:          1      1.85      0.00     98.15      0.00      0.00      0.00
