Linux 3.14.33-regular (node220-2) 	01/02/2017 	_x86_64_	(8 CPU)

03:22:29 PM     CPU     %user     %nice   %system   %iowait    %steal     %idle
03:22:30 PM       1      2.97      0.00     97.03      0.00      0.00      0.00
03:22:31 PM       1      0.00      0.00    100.00      0.00      0.00      0.00
03:22:32 PM       1      2.00      0.00     98.00      0.00      0.00      0.00
03:22:33 PM       1      2.00      0.00     98.00      0.00      0.00      0.00
03:22:34 PM       1      0.00      0.00    100.00      0.00      0.00      0.00
03:22:35 PM       1      1.98      0.00     98.02      0.00      0.00      0.00
03:22:36 PM       1      0.99      0.00     99.01      0.00      0.00      0.00
03:22:37 PM       1      1.01      0.00     98.99      0.00      0.00      0.00
03:22:38 PM       1      1.00      0.00     99.00      0.00      0.00      0.00
03:22:39 PM       1      1.00      0.00     99.00      0.00      0.00      0.00
03:22:40 PM       1      2.00      0.00     98.00      0.00      0.00      0.00
03:22:41 PM       1      1.00      0.00     99.00      0.00      0.00      0.00
03:22:42 PM       1      0.99      0.00     99.01      0.00      0.00      0.00
03:22:43 PM       1      1.00      0.00     99.00      0.00      0.00      0.00
03:22:44 PM       1      1.01      0.00     98.99      0.00      0.00      0.00
03:22:45 PM       1      2.00      0.00     98.00      0.00      0.00      0.00
03:22:46 PM       1      1.98      0.00     98.02      0.00      0.00      0.00
03:22:47 PM       1      1.01      0.00     98.99      0.00      0.00      0.00
03:22:48 PM       1      2.00      0.00     98.00      0.00      0.00      0.00
03:22:49 PM       1      1.01      0.00     98.99      0.00      0.00      0.00
Average:          1      1.35      0.00     98.65      0.00      0.00      0.00
