Linux 3.14.33-regular (node220-2) 	01/02/2017 	_x86_64_	(8 CPU)

03:28:14 PM     CPU     %user     %nice   %system   %iowait    %steal     %idle
03:28:15 PM       1      1.00      0.00     99.00      0.00      0.00      0.00
03:28:16 PM       1      1.98      0.00     98.02      0.00      0.00      0.00
03:28:17 PM       1      1.98      0.00     98.02      0.00      0.00      0.00
03:28:18 PM       1      1.01      0.00     98.99      0.00      0.00      0.00
03:28:19 PM       1      2.97      0.00     97.03      0.00      0.00      0.00
03:28:20 PM       1      1.01      0.00     98.99      0.00      0.00      0.00
03:28:21 PM       1      1.00      0.00     99.00      0.00      0.00      0.00
03:28:22 PM       1      2.00      0.00     98.00      0.00      0.00      0.00
03:28:23 PM       1      1.00      0.00     99.00      0.00      0.00      0.00
03:28:24 PM       1      2.00      0.00     98.00      0.00      0.00      0.00
03:28:25 PM       1      2.02      0.00     97.98      0.00      0.00      0.00
03:28:26 PM       1      2.97      0.00     97.03      0.00      0.00      0.00
03:28:27 PM       1      1.00      0.00     99.00      0.00      0.00      0.00
03:28:28 PM       1      4.00      0.00     96.00      0.00      0.00      0.00
03:28:29 PM       1      1.00      0.00     99.00      0.00      0.00      0.00
03:28:30 PM       1      1.00      0.00     99.00      0.00      0.00      0.00
03:28:31 PM       1      2.00      0.00     98.00      0.00      0.00      0.00
03:28:32 PM       1      1.00      0.00     99.00      0.00      0.00      0.00
03:28:33 PM       1      2.00      0.00     98.00      0.00      0.00      0.00
03:28:34 PM       1      2.00      0.00     98.00      0.00      0.00      0.00
Average:          1      1.75      0.00     98.25      0.00      0.00      0.00
