Linux 3.14.33-regular (node220-2) 	01/02/2017 	_x86_64_	(8 CPU)

03:27:35 PM     CPU     %user     %nice   %system   %iowait    %steal     %idle
03:27:36 PM       1      1.00      0.00     99.00      0.00      0.00      0.00
03:27:37 PM       1      3.03      0.00     96.97      0.00      0.00      0.00
03:27:38 PM       1      1.00      0.00     99.00      0.00      0.00      0.00
03:27:39 PM       1      1.00      0.00     99.00      0.00      0.00      0.00
03:27:40 PM       1      1.98      0.00     98.02      0.00      0.00      0.00
03:27:41 PM       1      1.01      0.00     98.99      0.00      0.00      0.00
03:27:42 PM       1      2.97      0.00     97.03      0.00      0.00      0.00
03:27:43 PM       1      2.00      0.00     98.00      0.00      0.00      0.00
03:27:44 PM       1      1.00      0.00     99.00      0.00      0.00      0.00
03:27:45 PM       1      1.00      0.00     99.00      0.00      0.00      0.00
03:27:46 PM       1      2.02      0.00     97.98      0.00      0.00      0.00
03:27:47 PM       1      1.00      0.00     99.00      0.00      0.00      0.00
03:27:48 PM       1      1.98      0.00     98.02      0.00      0.00      0.00
03:27:49 PM       1      0.00      0.00    100.00      0.00      0.00      0.00
03:27:50 PM       1      2.00      0.00     98.00      0.00      0.00      0.00
03:27:51 PM       1      2.00      0.00     98.00      0.00      0.00      0.00
03:27:52 PM       1      2.00      0.00     98.00      0.00      0.00      0.00
03:27:53 PM       1      1.00      0.00     99.00      0.00      0.00      0.00
03:27:54 PM       1      1.00      0.00     99.00      0.00      0.00      0.00
03:27:55 PM       1      2.00      0.00     98.00      0.00      0.00      0.00
Average:          1      1.55      0.00     98.45      0.00      0.00      0.00
