Linux 3.14.33-regular (node220-2) 	01/02/2017 	_x86_64_	(8 CPU)

03:34:36 PM     CPU     %user     %nice   %system   %iowait    %steal     %idle
03:34:37 PM       1      2.00      0.00     98.00      0.00      0.00      0.00
03:34:38 PM       1      1.98      0.00     98.02      0.00      0.00      0.00
03:34:39 PM       1      2.02      0.00     97.98      0.00      0.00      0.00
03:34:40 PM       1      0.00      0.00    100.00      0.00      0.00      0.00
03:34:41 PM       1      1.98      0.00     98.02      0.00      0.00      0.00
03:34:42 PM       1      1.01      0.00     98.99      0.00      0.00      0.00
03:34:43 PM       1      1.98      0.00     98.02      0.00      0.00      0.00
03:34:44 PM       1      1.01      0.00     98.99      0.00      0.00      0.00
03:34:45 PM       1      1.98      0.00     98.02      0.00      0.00      0.00
03:34:46 PM       1      1.01      0.00     98.99      0.00      0.00      0.00
03:34:47 PM       1      1.00      0.00     99.00      0.00      0.00      0.00
03:34:48 PM       1      2.00      0.00     98.00      0.00      0.00      0.00
03:34:49 PM       1      0.99      0.00     99.01      0.00      0.00      0.00
03:34:50 PM       1      1.01      0.00     98.99      0.00      0.00      0.00
03:34:51 PM       1      1.98      0.00     98.02      0.00      0.00      0.00
03:34:52 PM       1      1.01      0.00     98.99      0.00      0.00      0.00
03:34:53 PM       1      0.99      0.00     99.01      0.00      0.00      0.00
03:34:54 PM       1      2.00      0.00     98.00      0.00      0.00      0.00
03:34:55 PM       1      2.00      0.00     98.00      0.00      0.00      0.00
03:34:56 PM       1      0.00      0.00    100.00      0.00      0.00      0.00
Average:          1      1.40      0.00     98.60      0.00      0.00      0.00
