Linux 3.14.33-regular (node220-2) 	01/02/2017 	_x86_64_	(8 CPU)

03:47:24 PM     CPU     %user     %nice   %system   %iowait    %steal     %idle
03:47:25 PM       1      2.00      0.00     98.00      0.00      0.00      0.00
03:47:26 PM       1      0.99      0.00     99.01      0.00      0.00      0.00
03:47:27 PM       1      0.00      0.00    100.00      0.00      0.00      0.00
03:47:28 PM       1      2.00      0.00     98.00      0.00      0.00      0.00
03:47:29 PM       1      1.00      0.00     99.00      0.00      0.00      0.00
03:47:30 PM       1      1.00      0.00     99.00      0.00      0.00      0.00
03:47:31 PM       1      2.00      0.00     98.00      0.00      0.00      0.00
03:47:32 PM       1      3.00      0.00     97.00      0.00      0.00      0.00
03:47:33 PM       1      2.00      0.00     98.00      0.00      0.00      0.00
03:47:34 PM       1      1.00      0.00     99.00      0.00      0.00      0.00
03:47:35 PM       1      0.99      0.00     99.01      0.00      0.00      0.00
03:47:36 PM       1      0.00      0.00    100.00      0.00      0.00      0.00
03:47:37 PM       1      2.97      0.00     97.03      0.00      0.00      0.00
03:47:38 PM       1      2.97      0.00     97.03      0.00      0.00      0.00
03:47:39 PM       1      0.00      0.00    100.00      0.00      0.00      0.00
03:47:40 PM       1      1.00      0.00     99.00      0.00      0.00      0.00
03:47:41 PM       1      1.00      0.00     99.00      0.00      0.00      0.00
03:47:42 PM       1      0.00      0.00    100.00      0.00      0.00      0.00
03:47:43 PM       1      2.00      0.00     98.00      0.00      0.00      0.00
03:47:44 PM       1      2.02      0.00     97.98      0.00      0.00      0.00
Average:          1      1.40      0.00     98.60      0.00      0.00      0.00
