Linux 3.14.33-regular (node220-2) 	01/02/2017 	_x86_64_	(8 CPU)

03:19:56 PM     CPU     %user     %nice   %system   %iowait    %steal     %idle
03:19:57 PM       1      2.00      0.00     98.00      0.00      0.00      0.00
03:19:58 PM       1      1.00      0.00     99.00      0.00      0.00      0.00
03:19:59 PM       1      1.00      0.00     99.00      0.00      0.00      0.00
03:20:00 PM       1      0.00      0.00    100.00      0.00      0.00      0.00
03:20:01 PM       1      2.02      0.00     97.98      0.00      0.00      0.00
03:20:02 PM       1      2.97      0.00     97.03      0.00      0.00      0.00
03:20:03 PM       1      2.00      0.00     98.00      0.00      0.00      0.00
03:20:04 PM       1      2.00      0.00     98.00      0.00      0.00      0.00
03:20:05 PM       1      2.00      0.00     98.00      0.00      0.00      0.00
03:20:06 PM       1      1.00      0.00     99.00      0.00      0.00      0.00
03:20:07 PM       1      2.00      0.00     98.00      0.00      0.00      0.00
03:20:08 PM       1      3.03      0.00     96.97      0.00      0.00      0.00
03:20:09 PM       1      0.99      0.00     99.01      0.00      0.00      0.00
03:20:10 PM       1      1.00      0.00     99.00      0.00      0.00      0.00
03:20:11 PM       1      1.00      0.00     99.00      0.00      0.00      0.00
03:20:12 PM       1      2.00      0.00     98.00      0.00      0.00      0.00
03:20:13 PM       1      1.01      0.00     98.99      0.00      0.00      0.00
03:20:14 PM       1      2.00      0.00     98.00      0.00      0.00      0.00
03:20:15 PM       1      1.98      0.00     98.02      0.00      0.00      0.00
03:20:16 PM       1      1.00      0.00     99.00      0.00      0.00      0.00
Average:          1      1.60      0.00     98.40      0.00      0.00      0.00
