Linux 3.14.33-regular (node220-2) 	01/02/2017 	_x86_64_	(8 CPU)

03:17:59 PM     CPU     %user     %nice   %system   %iowait    %steal     %idle
03:18:00 PM       1      1.01      0.00     98.99      0.00      0.00      0.00
03:18:01 PM       1      1.98      0.00     98.02      0.00      0.00      0.00
03:18:02 PM       1      1.00      0.00     99.00      0.00      0.00      0.00
03:18:03 PM       1      1.00      0.00     99.00      0.00      0.00      0.00
03:18:04 PM       1      2.00      0.00     98.00      0.00      0.00      0.00
03:18:05 PM       1      2.00      0.00     98.00      0.00      0.00      0.00
03:18:06 PM       1      2.00      0.00     98.00      0.00      0.00      0.00
03:18:07 PM       1      1.01      0.00     98.99      0.00      0.00      0.00
03:18:08 PM       1      3.00      0.00     97.00      0.00      0.00      0.00
03:18:09 PM       1      1.98      0.00     98.02      0.00      0.00      0.00
03:18:10 PM       1      3.00      0.00     97.00      0.00      0.00      0.00
03:18:11 PM       1      2.00      0.00     98.00      0.00      0.00      0.00
03:18:12 PM       1      1.01      0.00     98.99      0.00      0.00      0.00
03:18:13 PM       1      1.98      0.00     98.02      0.00      0.00      0.00
03:18:14 PM       1      4.00      0.00     96.00      0.00      0.00      0.00
03:18:15 PM       1      0.00      0.00    100.00      0.00      0.00      0.00
03:18:16 PM       1      1.00      0.00     99.00      0.00      0.00      0.00
03:18:17 PM       1      1.98      0.00     98.02      0.00      0.00      0.00
03:18:18 PM       1      1.00      0.00     99.00      0.00      0.00      0.00
03:18:19 PM       1      1.98      0.00     98.02      0.00      0.00      0.00
Average:          1      1.75      0.00     98.25      0.00      0.00      0.00
