Linux 3.14.33-regular (node220-2) 	01/02/2017 	_x86_64_	(8 CPU)

03:58:20 PM     CPU     %user     %nice   %system   %iowait    %steal     %idle
03:58:21 PM       1      2.00      0.00     98.00      0.00      0.00      0.00
03:58:22 PM       1      0.00      0.00    100.00      0.00      0.00      0.00
03:58:23 PM       1      1.01      0.00     98.99      0.00      0.00      0.00
03:58:24 PM       1      2.97      0.00     97.03      0.00      0.00      0.00
03:58:25 PM       1      3.03      0.00     96.97      0.00      0.00      0.00
03:58:26 PM       1      0.99      0.00     99.01      0.00      0.00      0.00
03:58:27 PM       1      3.00      0.00     97.00      0.00      0.00      0.00
03:58:28 PM       1      2.00      0.00     98.00      0.00      0.00      0.00
03:58:29 PM       1      1.00      0.00     99.00      0.00      0.00      0.00
03:58:30 PM       1      2.00      0.00     98.00      0.00      0.00      0.00
03:58:31 PM       1      4.00      0.00     96.00      0.00      0.00      0.00
03:58:32 PM       1      2.00      0.00     98.00      0.00      0.00      0.00
03:58:33 PM       1      1.00      0.00     99.00      0.00      0.00      0.00
03:58:34 PM       1      2.00      0.00     98.00      0.00      0.00      0.00
03:58:35 PM       1      2.00      0.00     98.00      0.00      0.00      0.00
03:58:36 PM       1      2.02      0.00     97.98      0.00      0.00      0.00
03:58:37 PM       1      1.96      0.00     98.04      0.00      0.00      0.00
03:58:38 PM       1      2.02      0.00     97.98      0.00      0.00      0.00
03:58:39 PM       1      2.00      0.00     98.00      0.00      0.00      0.00
03:58:40 PM       1      2.00      0.00     98.00      0.00      0.00      0.00
Average:          1      1.95      0.00     98.05      0.00      0.00      0.00
