Linux 3.14.33-regular (node220-2) 	01/02/2017 	_x86_64_	(8 CPU)

03:48:02 PM     CPU     %user     %nice   %system   %iowait    %steal     %idle
03:48:03 PM       1      1.98      0.00     98.02      0.00      0.00      0.00
03:48:04 PM       1      2.00      0.00     98.00      0.00      0.00      0.00
03:48:05 PM       1      2.00      0.00     98.00      0.00      0.00      0.00
03:48:06 PM       1      2.00      0.00     98.00      0.00      0.00      0.00
03:48:07 PM       1      1.00      0.00     99.00      0.00      0.00      0.00
03:48:08 PM       1      1.01      0.00     98.99      0.00      0.00      0.00
03:48:09 PM       1      2.97      0.00     97.03      0.00      0.00      0.00
03:48:10 PM       1      2.00      0.00     98.00      0.00      0.00      0.00
03:48:11 PM       1      2.00      0.00     98.00      0.00      0.00      0.00
03:48:12 PM       1      3.00      0.00     97.00      0.00      0.00      0.00
03:48:13 PM       1      1.00      0.00     99.00      0.00      0.00      0.00
03:48:14 PM       1      3.00      0.00     97.00      0.00      0.00      0.00
03:48:15 PM       1      1.01      0.00     98.99      0.00      0.00      0.00
03:48:16 PM       1      2.97      0.00     97.03      0.00      0.00      0.00
03:48:17 PM       1      1.00      0.00     99.00      0.00      0.00      0.00
03:48:18 PM       1      1.00      0.00     99.00      0.00      0.00      0.00
03:48:19 PM       1      1.00      0.00     99.00      0.00      0.00      0.00
03:48:20 PM       1      3.00      0.00     97.00      0.00      0.00      0.00
03:48:21 PM       1      1.00      0.00     99.00      0.00      0.00      0.00
03:48:22 PM       1      1.00      0.00     99.00      0.00      0.00      0.00
Average:          1      1.80      0.00     98.20      0.00      0.00      0.00
