Linux 3.14.33-regular (node220-2) 	01/02/2017 	_x86_64_	(8 CPU)

03:58:58 PM     CPU     %user     %nice   %system   %iowait    %steal     %idle
03:58:59 PM       1      2.00      0.00     98.00      0.00      0.00      0.00
03:59:00 PM       1      2.00      0.00     98.00      0.00      0.00      0.00
03:59:01 PM       1      1.98      0.00     98.02      0.00      0.00      0.00
03:59:02 PM       1      1.00      0.00     99.00      0.00      0.00      0.00
03:59:03 PM       1      3.03      0.00     96.97      0.00      0.00      0.00
03:59:04 PM       1      0.00      0.00    100.00      0.00      0.00      0.00
03:59:05 PM       1      1.98      0.00     98.02      0.00      0.00      0.00
03:59:06 PM       1      3.03      0.00     96.97      0.00      0.00      0.00
03:59:07 PM       1      3.00      0.00     97.00      0.00      0.00      0.00
03:59:08 PM       1      2.97      0.00     97.03      0.00      0.00      0.00
03:59:09 PM       1      1.01      0.00     98.99      0.00      0.00      0.00
03:59:10 PM       1      3.96      0.00     96.04      0.00      0.00      0.00
03:59:11 PM       1      3.00      0.00     97.00      0.00      0.00      0.00
03:59:12 PM       1      1.01      0.00     98.99      0.00      0.00      0.00
03:59:13 PM       1      0.00      0.00    100.00      0.00      0.00      0.00
03:59:14 PM       1      4.00      0.00     96.00      0.00      0.00      0.00
03:59:15 PM       1      3.00      0.00     97.00      0.00      0.00      0.00
03:59:16 PM       1      0.99      0.00     99.01      0.00      0.00      0.00
03:59:17 PM       1      2.00      0.00     98.00      0.00      0.00      0.00
03:59:18 PM       1      1.00      0.00     99.00      0.00      0.00      0.00
Average:          1      2.05      0.00     97.95      0.00      0.00      0.00
