Linux 3.14.33-regular (node220-2) 	01/02/2017 	_x86_64_	(8 CPU)

03:31:25 PM     CPU     %user     %nice   %system   %iowait    %steal     %idle
03:31:26 PM       1      1.00      0.00     99.00      0.00      0.00      0.00
03:31:27 PM       1      2.00      0.00     98.00      0.00      0.00      0.00
03:31:28 PM       1      1.00      0.00     99.00      0.00      0.00      0.00
03:31:29 PM       1      2.00      0.00     98.00      0.00      0.00      0.00
03:31:30 PM       1      2.00      0.00     98.00      0.00      0.00      0.00
03:31:31 PM       1      1.00      0.00     99.00      0.00      0.00      0.00
03:31:32 PM       1      2.00      0.00     98.00      0.00      0.00      0.00
03:31:33 PM       1      2.02      0.00     97.98      0.00      0.00      0.00
03:31:34 PM       1      1.98      0.00     98.02      0.00      0.00      0.00
03:31:35 PM       1      3.00      0.00     97.00      0.00      0.00      0.00
03:31:36 PM       1      3.00      0.00     97.00      0.00      0.00      0.00
03:31:37 PM       1      1.98      0.00     98.02      0.00      0.00      0.00
03:31:38 PM       1      1.01      0.00     98.99      0.00      0.00      0.00
03:31:39 PM       1      1.00      0.00     99.00      0.00      0.00      0.00
03:31:40 PM       1      1.00      0.00     99.00      0.00      0.00      0.00
03:31:41 PM       1      1.00      0.00     99.00      0.00      0.00      0.00
03:31:42 PM       1      1.01      0.00     98.99      0.00      0.00      0.00
03:31:43 PM       1      1.98      0.00     98.02      0.00      0.00      0.00
03:31:44 PM       1      2.00      0.00     98.00      0.00      0.00      0.00
03:31:45 PM       1      2.02      0.00     97.98      0.00      0.00      0.00
Average:          1      1.70      0.00     98.30      0.00      0.00      0.00
