Linux 3.14.33-regular (node220-2) 	01/02/2017 	_x86_64_	(8 CPU)

03:57:02 PM     CPU     %user     %nice   %system   %iowait    %steal     %idle
03:57:03 PM       1      4.04      0.00     95.96      0.00      0.00      0.00
03:57:04 PM       1      1.98      0.00     98.02      0.00      0.00      0.00
03:57:05 PM       1      0.00      0.00    100.00      0.00      0.00      0.00
03:57:06 PM       1      2.00      0.00     98.00      0.00      0.00      0.00
03:57:07 PM       1      2.00      0.00     98.00      0.00      0.00      0.00
03:57:08 PM       1      3.00      0.00     97.00      0.00      0.00      0.00
03:57:09 PM       1      1.00      0.00     99.00      0.00      0.00      0.00
03:57:10 PM       1      2.00      0.00     98.00      0.00      0.00      0.00
03:57:11 PM       1      2.00      0.00     98.00      0.00      0.00      0.00
03:57:12 PM       1      1.98      0.00     98.02      0.00      0.00      0.00
03:57:13 PM       1      2.00      0.00     98.00      0.00      0.00      0.00
03:57:14 PM       1      0.00      0.00    100.00      0.00      0.00      0.00
03:57:15 PM       1      2.00      0.00     98.00      0.00      0.00      0.00
03:57:16 PM       1      1.98      0.00     98.02      0.00      0.00      0.00
03:57:17 PM       1      2.00      0.00     98.00      0.00      0.00      0.00
03:57:18 PM       1      0.00      0.00    100.00      0.00      0.00      0.00
03:57:19 PM       1      2.00      0.00     98.00      0.00      0.00      0.00
03:57:20 PM       1      1.00      0.00     99.00      0.00      0.00      0.00
03:57:21 PM       1      1.00      0.00     99.00      0.00      0.00      0.00
03:57:22 PM       1      1.00      0.00     99.00      0.00      0.00      0.00
Average:          1      1.65      0.00     98.35      0.00      0.00      0.00
