Linux 3.14.33-regular (node220-2) 	01/04/2017 	_x86_64_	(8 CPU)

02:15:37 PM     CPU     %user     %nice   %system   %iowait    %steal     %idle
02:15:38 PM       1      1.98      0.00     98.02      0.00      0.00      0.00
02:15:39 PM       1      1.00      0.00     99.00      0.00      0.00      0.00
02:15:40 PM       1      1.01      0.00     98.99      0.00      0.00      0.00
02:15:41 PM       1      1.98      0.00     98.02      0.00      0.00      0.00
02:15:42 PM       1      2.00      0.00     98.00      0.00      0.00      0.00
02:15:43 PM       1      1.01      0.00     98.99      0.00      0.00      0.00
02:15:44 PM       1      1.00      0.00     99.00      0.00      0.00      0.00
02:15:45 PM       1      1.00      0.00     99.00      0.00      0.00      0.00
02:15:46 PM       1      0.99      0.00     99.01      0.00      0.00      0.00
02:15:47 PM       1      1.00      0.00     99.00      0.00      0.00      0.00
02:15:48 PM       1      1.00      0.00     99.00      0.00      0.00      0.00
02:15:49 PM       1      1.01      0.00     98.99      0.00      0.00      0.00
02:15:50 PM       1      1.98      0.00     98.02      0.00      0.00      0.00
02:15:51 PM       1      2.00      0.00     98.00      0.00      0.00      0.00
02:15:52 PM       1      1.00      0.00     99.00      0.00      0.00      0.00
02:15:53 PM       1      1.98      0.00     98.02      0.00      0.00      0.00
02:15:54 PM       1      2.02      0.00     97.98      0.00      0.00      0.00
02:15:55 PM       1      1.00      0.00     99.00      0.00      0.00      0.00
02:15:56 PM       1      3.00      0.00     97.00      0.00      0.00      0.00
02:15:57 PM       1      0.00      0.00    100.00      0.00      0.00      0.00
Average:          1      1.40      0.00     98.60      0.00      0.00      0.00
