Linux 3.14.33-regular (node220-2) 	01/04/2017 	_x86_64_	(8 CPU)

02:40:34 PM     CPU     %user     %nice   %system   %iowait    %steal     %idle
02:40:35 PM       1      1.00      0.00     99.00      0.00      0.00      0.00
02:40:36 PM       1      2.02      0.00     97.98      0.00      0.00      0.00
02:40:37 PM       1      2.97      0.00     97.03      0.00      0.00      0.00
02:40:38 PM       1      2.00      0.00     98.00      0.00      0.00      0.00
02:40:39 PM       1      1.00      0.00     99.00      0.00      0.00      0.00
02:40:40 PM       1      2.00      0.00     98.00      0.00      0.00      0.00
02:40:41 PM       1      2.00      0.00     98.00      0.00      0.00      0.00
02:40:42 PM       1      1.00      0.00     99.00      0.00      0.00      0.00
02:40:43 PM       1      2.00      0.00     98.00      0.00      0.00      0.00
02:40:44 PM       1      1.00      0.00     99.00      0.00      0.00      0.00
02:40:45 PM       1      2.00      0.00     98.00      0.00      0.00      0.00
02:40:46 PM       1      0.00      0.00    100.00      0.00      0.00      0.00
02:40:47 PM       1      3.00      0.00     97.00      0.00      0.00      0.00
02:40:48 PM       1      1.00      0.00     99.00      0.00      0.00      0.00
02:40:49 PM       1      2.00      0.00     98.00      0.00      0.00      0.00
02:40:50 PM       1      1.00      0.00     99.00      0.00      0.00      0.00
02:40:51 PM       1      1.00      0.00     99.00      0.00      0.00      0.00
02:40:52 PM       1      1.00      0.00     99.00      0.00      0.00      0.00
02:40:53 PM       1      3.00      0.00     97.00      0.00      0.00      0.00
02:40:54 PM       1      1.00      0.00     99.00      0.00      0.00      0.00
Average:          1      1.60      0.00     98.40      0.00      0.00      0.00
