Linux 3.14.33-regular (node220-2) 	01/04/2017 	_x86_64_	(8 CPU)

03:54:17 PM     CPU     %user     %nice   %system   %iowait    %steal     %idle
03:54:18 PM       1      1.00      0.00     99.00      0.00      0.00      0.00
03:54:19 PM       1      3.00      0.00     97.00      0.00      0.00      0.00
03:54:20 PM       1      1.98      0.00     98.02      0.00      0.00      0.00
03:54:21 PM       1      1.00      0.00     99.00      0.00      0.00      0.00
03:54:22 PM       1      3.03      0.00     96.97      0.00      0.00      0.00
03:54:23 PM       1      2.00      0.00     98.00      0.00      0.00      0.00
03:54:24 PM       1      1.00      0.00     99.00      0.00      0.00      0.00
03:54:25 PM       1      3.00      0.00     97.00      0.00      0.00      0.00
03:54:26 PM       1      1.00      0.00     99.00      0.00      0.00      0.00
03:54:27 PM       1      1.00      0.00     99.00      0.00      0.00      0.00
03:54:28 PM       1      0.99      0.00     99.01      0.00      0.00      0.00
03:54:29 PM       1      2.02      0.00     97.98      0.00      0.00      0.00
03:54:30 PM       1      1.00      0.00     99.00      0.00      0.00      0.00
03:54:31 PM       1      0.99      0.00     99.01      0.00      0.00      0.00
03:54:32 PM       1      1.00      0.00     99.00      0.00      0.00      0.00
03:54:33 PM       1      0.00      0.00    100.00      0.00      0.00      0.00
03:54:34 PM       1      2.00      0.00     98.00      0.00      0.00      0.00
03:54:35 PM       1      3.96      0.00     96.04      0.00      0.00      0.00
03:54:36 PM       1      0.00      0.00    100.00      0.00      0.00      0.00
03:54:37 PM       1      2.00      0.00     98.00      0.00      0.00      0.00
Average:          1      1.60      0.00     98.40      0.00      0.00      0.00
