Linux 3.14.33-regular (node220-2) 	01/04/2017 	_x86_64_	(8 CPU)

02:19:26 PM     CPU     %user     %nice   %system   %iowait    %steal     %idle
02:19:27 PM       1      1.98      0.00     98.02      0.00      0.00      0.00
02:19:28 PM       1      2.00      0.00     98.00      0.00      0.00      0.00
02:19:29 PM       1      2.00      0.00     98.00      0.00      0.00      0.00
02:19:30 PM       1      1.00      0.00     99.00      0.00      0.00      0.00
02:19:31 PM       1      0.00      0.00    100.00      0.00      0.00      0.00
02:19:32 PM       1      0.00      0.00    100.00      0.00      0.00      0.00
02:19:33 PM       1      2.00      0.00     98.00      0.00      0.00      0.00
02:19:34 PM       1      2.00      0.00     98.00      0.00      0.00      0.00
02:19:35 PM       1      1.00      0.00     99.00      0.00      0.00      0.00
02:19:36 PM       1      3.00      0.00     97.00      0.00      0.00      0.00
02:19:37 PM       1      1.00      0.00     99.00      0.00      0.00      0.00
02:19:38 PM       1      2.00      0.00     98.00      0.00      0.00      0.00
02:19:39 PM       1      1.01      0.00     98.99      0.00      0.00      0.00
02:19:40 PM       1      0.99      0.00     99.01      0.00      0.00      0.00
02:19:41 PM       1      3.00      0.00     97.00      0.00      0.00      0.00
02:19:42 PM       1      1.01      0.00     98.99      0.00      0.00      0.00
02:19:43 PM       1      2.00      0.00     98.00      0.00      0.00      0.00
02:19:44 PM       1      1.98      0.00     98.02      0.00      0.00      0.00
02:19:45 PM       1      1.01      0.00     98.99      0.00      0.00      0.00
02:19:46 PM       1      3.00      0.00     97.00      0.00      0.00      0.00
Average:          1      1.60      0.00     98.40      0.00      0.00      0.00
