Linux 3.14.33-regular (node220-2) 	01/04/2017 	_x86_64_	(8 CPU)

03:27:24 PM     CPU     %user     %nice   %system   %iowait    %steal     %idle
03:27:25 PM       1      2.00      0.00     98.00      0.00      0.00      0.00
03:27:26 PM       1      1.00      0.00     99.00      0.00      0.00      0.00
03:27:27 PM       1      2.00      0.00     98.00      0.00      0.00      0.00
03:27:28 PM       1      1.00      0.00     99.00      0.00      0.00      0.00
03:27:29 PM       1      1.98      0.00     98.02      0.00      0.00      0.00
03:27:30 PM       1      3.03      0.00     96.97      0.00      0.00      0.00
03:27:31 PM       1      1.00      0.00     99.00      0.00      0.00      0.00
03:27:32 PM       1      2.00      0.00     98.00      0.00      0.00      0.00
03:27:33 PM       1      1.00      0.00     99.00      0.00      0.00      0.00
03:27:34 PM       1      1.00      0.00     99.00      0.00      0.00      0.00
03:27:35 PM       1      2.00      0.00     98.00      0.00      0.00      0.00
03:27:36 PM       1      2.00      0.00     98.00      0.00      0.00      0.00
03:27:37 PM       1      1.98      0.00     98.02      0.00      0.00      0.00
03:27:38 PM       1      1.01      0.00     98.99      0.00      0.00      0.00
03:27:39 PM       1      1.00      0.00     99.00      0.00      0.00      0.00
03:27:40 PM       1      3.00      0.00     97.00      0.00      0.00      0.00
03:27:41 PM       1      0.99      0.00     99.01      0.00      0.00      0.00
03:27:42 PM       1      2.02      0.00     97.98      0.00      0.00      0.00
03:27:43 PM       1      2.02      0.00     97.98      0.00      0.00      0.00
03:27:44 PM       1      0.99      0.00     99.01      0.00      0.00      0.00
Average:          1      1.65      0.00     98.35      0.00      0.00      0.00
