Linux 3.14.33-regular (node220-2) 	01/04/2017 	_x86_64_	(8 CPU)

04:05:50 PM     CPU     %user     %nice   %system   %iowait    %steal     %idle
04:05:51 PM       1      3.00      0.00     97.00      0.00      0.00      0.00
04:05:52 PM       1      0.00      0.00    100.00      0.00      0.00      0.00
04:05:53 PM       1      1.01      0.00     98.99      0.00      0.00      0.00
04:05:54 PM       1      2.97      0.00     97.03      0.00      0.00      0.00
04:05:55 PM       1      2.00      0.00     98.00      0.00      0.00      0.00
04:05:56 PM       1      2.00      0.00     98.00      0.00      0.00      0.00
04:05:57 PM       1      1.00      0.00     99.00      0.00      0.00      0.00
04:05:58 PM       1      1.00      0.00     99.00      0.00      0.00      0.00
04:05:59 PM       1      2.02      0.00     97.98      0.00      0.00      0.00
04:06:00 PM       1      0.99      0.00     99.01      0.00      0.00      0.00
04:06:01 PM       1      4.00      0.00     96.00      0.00      0.00      0.00
04:06:02 PM       1      0.00      0.00    100.00      0.00      0.00      0.00
04:06:03 PM       1      0.00      0.00    100.00      0.00      0.00      0.00
04:06:04 PM       1      1.01      0.00     98.99      0.00      0.00      0.00
04:06:05 PM       1      1.98      0.00     98.02      0.00      0.00      0.00
04:06:06 PM       1      2.00      0.00     98.00      0.00      0.00      0.00
04:06:07 PM       1      0.00      0.00    100.00      0.00      0.00      0.00
04:06:08 PM       1      1.98      0.00     98.02      0.00      0.00      0.00
04:06:09 PM       1      1.00      0.00     99.00      0.00      0.00      0.00
04:06:10 PM       1      1.01      0.00     98.99      0.00      0.00      0.00
Average:          1      1.45      0.00     98.55      0.00      0.00      0.00
