Linux 3.14.33-regular (node220-2) 	01/04/2017 	_x86_64_	(8 CPU)

03:29:59 PM     CPU     %user     %nice   %system   %iowait    %steal     %idle
03:30:00 PM       1      1.00      0.00     99.00      0.00      0.00      0.00
03:30:01 PM       1      2.00      0.00     98.00      0.00      0.00      0.00
03:30:02 PM       1      0.00      0.00    100.00      0.00      0.00      0.00
03:30:03 PM       1      1.00      0.00     99.00      0.00      0.00      0.00
03:30:04 PM       1      2.00      0.00     98.00      0.00      0.00      0.00
03:30:05 PM       1      2.00      0.00     98.00      0.00      0.00      0.00
03:30:06 PM       1      1.00      0.00     99.00      0.00      0.00      0.00
03:30:07 PM       1      3.00      0.00     97.00      0.00      0.00      0.00
03:30:08 PM       1      1.00      0.00     99.00      0.00      0.00      0.00
03:30:09 PM       1      2.00      0.00     98.00      0.00      0.00      0.00
03:30:10 PM       1      1.01      0.00     98.99      0.00      0.00      0.00
03:30:11 PM       1      0.99      0.00     99.01      0.00      0.00      0.00
03:30:12 PM       1      2.97      0.00     97.03      0.00      0.00      0.00
03:30:13 PM       1      2.02      0.00     97.98      0.00      0.00      0.00
03:30:14 PM       1      2.00      0.00     98.00      0.00      0.00      0.00
03:30:15 PM       1      1.00      0.00     99.00      0.00      0.00      0.00
03:30:16 PM       1      0.99      0.00     99.01      0.00      0.00      0.00
03:30:17 PM       1      0.00      0.00    100.00      0.00      0.00      0.00
03:30:18 PM       1      2.00      0.00     98.00      0.00      0.00      0.00
03:30:19 PM       1      2.00      0.00     98.00      0.00      0.00      0.00
Average:          1      1.50      0.00     98.50      0.00      0.00      0.00
