Linux 3.14.33-regular (node220-2) 	01/04/2017 	_x86_64_	(8 CPU)

02:24:36 PM     CPU     %user     %nice   %system   %iowait    %steal     %idle
02:24:37 PM       1      1.01      0.00     98.99      0.00      0.00      0.00
02:24:38 PM       1      1.98      0.00     98.02      0.00      0.00      0.00
02:24:39 PM       1      2.02      0.00     97.98      0.00      0.00      0.00
02:24:40 PM       1      1.98      0.00     98.02      0.00      0.00      0.00
02:24:41 PM       1      1.01      0.00     98.99      0.00      0.00      0.00
02:24:42 PM       1      2.00      0.00     98.00      0.00      0.00      0.00
02:24:43 PM       1      1.00      0.00     99.00      0.00      0.00      0.00
02:24:44 PM       1      0.99      0.00     99.01      0.00      0.00      0.00
02:24:45 PM       1      2.00      0.00     98.00      0.00      0.00      0.00
02:24:46 PM       1      1.01      0.00     98.99      0.00      0.00      0.00
02:24:47 PM       1      2.97      0.00     97.03      0.00      0.00      0.00
02:24:48 PM       1      2.02      0.00     97.98      0.00      0.00      0.00
02:24:49 PM       1      1.00      0.00     99.00      0.00      0.00      0.00
02:24:50 PM       1      1.98      0.00     98.02      0.00      0.00      0.00
02:24:51 PM       1      2.00      0.00     98.00      0.00      0.00      0.00
02:24:52 PM       1      1.00      0.00     99.00      0.00      0.00      0.00
02:24:53 PM       1      1.01      0.00     98.99      0.00      0.00      0.00
02:24:54 PM       1      1.98      0.00     98.02      0.00      0.00      0.00
02:24:55 PM       1      2.00      0.00     98.00      0.00      0.00      0.00
02:24:56 PM       1      1.00      0.00     99.00      0.00      0.00      0.00
Average:          1      1.60      0.00     98.40      0.00      0.00      0.00
