Linux 3.14.33-regular (node220-2) 	01/04/2017 	_x86_64_	(8 CPU)

04:00:03 PM     CPU     %user     %nice   %system   %iowait    %steal     %idle
04:00:04 PM       1      2.00      0.00     98.00      0.00      0.00      0.00
04:00:05 PM       1      0.00      0.00    100.00      0.00      0.00      0.00
04:00:06 PM       1      2.00      0.00     98.00      0.00      0.00      0.00
04:00:07 PM       1      2.02      0.00     97.98      0.00      0.00      0.00
04:00:08 PM       1      2.97      0.00     97.03      0.00      0.00      0.00
04:00:09 PM       1      0.99      0.00     99.01      0.00      0.00      0.00
04:00:10 PM       1      2.00      0.00     98.00      0.00      0.00      0.00
04:00:11 PM       1      1.00      0.00     99.00      0.00      0.00      0.00
04:00:12 PM       1      1.00      0.00     99.00      0.00      0.00      0.00
04:00:13 PM       1      2.00      0.00     98.00      0.00      0.00      0.00
04:00:14 PM       1      1.00      0.00     99.00      0.00      0.00      0.00
04:00:15 PM       1      1.00      0.00     99.00      0.00      0.00      0.00
04:00:16 PM       1      1.01      0.00     98.99      0.00      0.00      0.00
04:00:17 PM       1      1.98      0.00     98.02      0.00      0.00      0.00
04:00:18 PM       1      2.00      0.00     98.00      0.00      0.00      0.00
04:00:19 PM       1      2.00      0.00     98.00      0.00      0.00      0.00
04:00:20 PM       1      1.01      0.00     98.99      0.00      0.00      0.00
04:00:21 PM       1      0.00      0.00    100.00      0.00      0.00      0.00
04:00:22 PM       1      1.00      0.00     99.00      0.00      0.00      0.00
04:00:23 PM       1      2.00      0.00     98.00      0.00      0.00      0.00
Average:          1      1.45      0.00     98.55      0.00      0.00      0.00
