Linux 3.14.33-regular (node220-2) 	01/04/2017 	_x86_64_	(8 CPU)

03:13:58 PM     CPU     %user     %nice   %system   %iowait    %steal     %idle
03:13:59 PM       1      1.00      0.00     99.00      0.00      0.00      0.00
03:14:00 PM       1      1.01      0.00     98.99      0.00      0.00      0.00
03:14:01 PM       1      2.00      0.00     98.00      0.00      0.00      0.00
03:14:02 PM       1      1.98      0.00     98.02      0.00      0.00      0.00
03:14:03 PM       1      2.00      0.00     98.00      0.00      0.00      0.00
03:14:04 PM       1      2.00      0.00     98.00      0.00      0.00      0.00
03:14:05 PM       1      1.01      0.00     98.99      0.00      0.00      0.00
03:14:06 PM       1      3.00      0.00     97.00      0.00      0.00      0.00
03:14:07 PM       1      0.99      0.00     99.01      0.00      0.00      0.00
03:14:08 PM       1      1.00      0.00     99.00      0.00      0.00      0.00
03:14:09 PM       1      1.00      0.00     99.00      0.00      0.00      0.00
03:14:10 PM       1      1.00      0.00     99.00      0.00      0.00      0.00
03:14:11 PM       1      2.00      0.00     98.00      0.00      0.00      0.00
03:14:12 PM       1      2.00      0.00     98.00      0.00      0.00      0.00
03:14:13 PM       1      1.01      0.00     98.99      0.00      0.00      0.00
03:14:14 PM       1      0.99      0.00     99.01      0.00      0.00      0.00
03:14:15 PM       1      0.00      0.00    100.00      0.00      0.00      0.00
03:14:16 PM       1      1.98      0.00     98.02      0.00      0.00      0.00
03:14:17 PM       1      1.00      0.00     99.00      0.00      0.00      0.00
03:14:18 PM       1      0.99      0.00     99.01      0.00      0.00      0.00
Average:          1      1.40      0.00     98.60      0.00      0.00      0.00
