Linux 3.14.33-regular (node220-2) 	01/04/2017 	_x86_64_	(8 CPU)

03:53:39 PM     CPU     %user     %nice   %system   %iowait    %steal     %idle
03:53:40 PM       1      2.00      0.00     98.00      0.00      0.00      0.00
03:53:41 PM       1      1.00      0.00     99.00      0.00      0.00      0.00
03:53:42 PM       1      2.02      0.00     97.98      0.00      0.00      0.00
03:53:43 PM       1      3.96      0.00     96.04      0.00      0.00      0.00
03:53:44 PM       1      3.00      0.00     97.00      0.00      0.00      0.00
03:53:45 PM       1      1.01      0.00     98.99      0.00      0.00      0.00
03:53:46 PM       1      1.98      0.00     98.02      0.00      0.00      0.00
03:53:47 PM       1      0.00      0.00    100.00      0.00      0.00      0.00
03:53:48 PM       1      3.00      0.00     97.00      0.00      0.00      0.00
03:53:49 PM       1      1.98      0.00     98.02      0.00      0.00      0.00
03:53:50 PM       1      2.00      0.00     98.00      0.00      0.00      0.00
03:53:51 PM       1      2.02      0.00     97.98      0.00      0.00      0.00
03:53:52 PM       1      0.00      0.00    100.00      0.00      0.00      0.00
03:53:53 PM       1      2.00      0.00     98.00      0.00      0.00      0.00
03:53:54 PM       1      2.00      0.00     98.00      0.00      0.00      0.00
03:53:55 PM       1      2.00      0.00     98.00      0.00      0.00      0.00
03:53:56 PM       1      2.00      0.00     98.00      0.00      0.00      0.00
03:53:57 PM       1      1.00      0.00     99.00      0.00      0.00      0.00
03:53:58 PM       1      1.00      0.00     99.00      0.00      0.00      0.00
03:53:59 PM       1      1.98      0.00     98.02      0.00      0.00      0.00
Average:          1      1.80      0.00     98.20      0.00      0.00      0.00
