Linux 3.14.33-regular (node220-2) 	01/04/2017 	_x86_64_	(8 CPU)

02:45:41 PM     CPU     %user     %nice   %system   %iowait    %steal     %idle
02:45:42 PM       1      1.01      0.00     98.99      0.00      0.00      0.00
02:45:43 PM       1      2.00      0.00     98.00      0.00      0.00      0.00
02:45:44 PM       1      2.00      0.00     98.00      0.00      0.00      0.00
02:45:45 PM       1      0.99      0.00     99.01      0.00      0.00      0.00
02:45:46 PM       1      0.00      0.00    100.00      0.00      0.00      0.00
02:45:47 PM       1      1.96      0.00     98.04      0.00      0.00      0.00
02:45:48 PM       1      1.02      0.00     98.98      0.00      0.00      0.00
02:45:49 PM       1      1.00      0.00     99.00      0.00      0.00      0.00
02:45:50 PM       1      3.96      0.00     96.04      0.00      0.00      0.00
02:45:51 PM       1      2.02      0.00     97.98      0.00      0.00      0.00
02:45:52 PM       1      0.99      0.00     99.01      0.00      0.00      0.00
02:45:53 PM       1      3.00      0.00     97.00      0.00      0.00      0.00
02:45:54 PM       1      0.00      0.00    100.00      0.00      0.00      0.00
02:45:55 PM       1      0.99      0.00     99.01      0.00      0.00      0.00
02:45:56 PM       1      1.00      0.00     99.00      0.00      0.00      0.00
02:45:57 PM       1      2.00      0.00     98.00      0.00      0.00      0.00
02:45:58 PM       1      0.00      0.00    100.00      0.00      0.00      0.00
02:45:59 PM       1      2.00      0.00     98.00      0.00      0.00      0.00
02:46:00 PM       1      2.97      0.00     97.03      0.00      0.00      0.00
02:46:01 PM       1      2.00      0.00     98.00      0.00      0.00      0.00
Average:          1      1.55      0.00     98.45      0.00      0.00      0.00
