Linux 3.14.33-regular (node220-2) 	01/04/2017 	_x86_64_	(8 CPU)

02:32:15 PM     CPU     %user     %nice   %system   %iowait    %steal     %idle
02:32:16 PM       1      0.00      0.00    100.00      0.00      0.00      0.00
02:32:17 PM       1      2.97      0.00     97.03      0.00      0.00      0.00
02:32:18 PM       1      2.02      0.00     97.98      0.00      0.00      0.00
02:32:19 PM       1      1.00      0.00     99.00      0.00      0.00      0.00
02:32:20 PM       1      3.96      0.00     96.04      0.00      0.00      0.00
02:32:21 PM       1      2.02      0.00     97.98      0.00      0.00      0.00
02:32:22 PM       1      2.97      0.00     97.03      0.00      0.00      0.00
02:32:23 PM       1      3.03      0.00     96.97      0.00      0.00      0.00
02:32:24 PM       1      2.02      0.00     97.98      0.00      0.00      0.00
02:32:25 PM       1      0.99      0.00     99.01      0.00      0.00      0.00
02:32:26 PM       1      3.00      0.00     97.00      0.00      0.00      0.00
02:32:27 PM       1      2.00      0.00     98.00      0.00      0.00      0.00
02:32:28 PM       1      2.00      0.00     98.00      0.00      0.00      0.00
02:32:29 PM       1      1.00      0.00     99.00      0.00      0.00      0.00
02:32:30 PM       1      1.00      0.00     99.00      0.00      0.00      0.00
02:32:31 PM       1      3.00      0.00     97.00      0.00      0.00      0.00
02:32:32 PM       1      1.00      0.00     99.00      0.00      0.00      0.00
02:32:33 PM       1      1.98      0.00     98.02      0.00      0.00      0.00
02:32:34 PM       1      1.01      0.00     98.99      0.00      0.00      0.00
02:32:35 PM       1      2.00      0.00     98.00      0.00      0.00      0.00
Average:          1      1.95      0.00     98.05      0.00      0.00      0.00
