Linux 3.14.33-regular (node220-2) 	01/04/2017 	_x86_64_	(8 CPU)

03:59:25 PM     CPU     %user     %nice   %system   %iowait    %steal     %idle
03:59:26 PM       1      2.00      0.00     98.00      0.00      0.00      0.00
03:59:27 PM       1      1.00      0.00     99.00      0.00      0.00      0.00
03:59:28 PM       1      1.98      0.00     98.02      0.00      0.00      0.00
03:59:29 PM       1      1.01      0.00     98.99      0.00      0.00      0.00
03:59:30 PM       1      2.00      0.00     98.00      0.00      0.00      0.00
03:59:31 PM       1      1.00      0.00     99.00      0.00      0.00      0.00
03:59:32 PM       1      2.00      0.00     98.00      0.00      0.00      0.00
03:59:33 PM       1      2.00      0.00     98.00      0.00      0.00      0.00
03:59:34 PM       1      2.00      0.00     98.00      0.00      0.00      0.00
03:59:35 PM       1      1.00      0.00     99.00      0.00      0.00      0.00
03:59:36 PM       1      1.00      0.00     99.00      0.00      0.00      0.00
03:59:37 PM       1      4.00      0.00     96.00      0.00      0.00      0.00
03:59:38 PM       1      0.00      0.00    100.00      0.00      0.00      0.00
03:59:39 PM       1      1.00      0.00     99.00      0.00      0.00      0.00
03:59:40 PM       1      3.00      0.00     97.00      0.00      0.00      0.00
03:59:41 PM       1      2.00      0.00     98.00      0.00      0.00      0.00
03:59:42 PM       1      2.00      0.00     98.00      0.00      0.00      0.00
03:59:43 PM       1      1.00      0.00     99.00      0.00      0.00      0.00
03:59:44 PM       1      3.00      0.00     97.00      0.00      0.00      0.00
03:59:45 PM       1      4.00      0.00     96.00      0.00      0.00      0.00
Average:          1      1.85      0.00     98.15      0.00      0.00      0.00
