Linux 3.14.33-regular (node220-2) 	01/04/2017 	_x86_64_	(8 CPU)

02:38:01 PM     CPU     %user     %nice   %system   %iowait    %steal     %idle
02:38:02 PM       1      1.01      0.00     98.99      0.00      0.00      0.00
02:38:03 PM       1      0.99      0.00     99.01      0.00      0.00      0.00
02:38:04 PM       1      0.00      0.00    100.00      0.00      0.00      0.00
02:38:05 PM       1      2.00      0.00     98.00      0.00      0.00      0.00
02:38:06 PM       1      2.97      0.00     97.03      0.00      0.00      0.00
02:38:07 PM       1      1.01      0.00     98.99      0.00      0.00      0.00
02:38:08 PM       1      3.96      0.00     96.04      0.00      0.00      0.00
02:38:09 PM       1      2.00      0.00     98.00      0.00      0.00      0.00
02:38:10 PM       1      1.01      0.00     98.99      0.00      0.00      0.00
02:38:11 PM       1      1.00      0.00     99.00      0.00      0.00      0.00
02:38:12 PM       1      1.00      0.00     99.00      0.00      0.00      0.00
02:38:13 PM       1      0.99      0.00     99.01      0.00      0.00      0.00
02:38:14 PM       1      2.02      0.00     97.98      0.00      0.00      0.00
02:38:15 PM       1      1.98      0.00     98.02      0.00      0.00      0.00
02:38:16 PM       1      2.00      0.00     98.00      0.00      0.00      0.00
02:38:17 PM       1      2.00      0.00     98.00      0.00      0.00      0.00
02:38:18 PM       1      2.02      0.00     97.98      0.00      0.00      0.00
02:38:19 PM       1      0.99      0.00     99.01      0.00      0.00      0.00
02:38:20 PM       1      3.00      0.00     97.00      0.00      0.00      0.00
02:38:21 PM       1      2.00      0.00     98.00      0.00      0.00      0.00
Average:          1      1.70      0.00     98.30      0.00      0.00      0.00
