Linux 3.14.33-regular (node220-2) 	01/04/2017 	_x86_64_	(8 CPU)

03:25:29 PM     CPU     %user     %nice   %system   %iowait    %steal     %idle
03:25:30 PM       1      1.00      0.00     99.00      0.00      0.00      0.00
03:25:31 PM       1      1.00      0.00     99.00      0.00      0.00      0.00
03:25:32 PM       1      2.00      0.00     98.00      0.00      0.00      0.00
03:25:33 PM       1      2.97      0.00     97.03      0.00      0.00      0.00
03:25:34 PM       1      1.01      0.00     98.99      0.00      0.00      0.00
03:25:35 PM       1      1.98      0.00     98.02      0.00      0.00      0.00
03:25:36 PM       1      1.00      0.00     99.00      0.00      0.00      0.00
03:25:37 PM       1      1.01      0.00     98.99      0.00      0.00      0.00
03:25:38 PM       1      2.00      0.00     98.00      0.00      0.00      0.00
03:25:39 PM       1      3.00      0.00     97.00      0.00      0.00      0.00
03:25:40 PM       1      2.97      0.00     97.03      0.00      0.00      0.00
03:25:41 PM       1      1.00      0.00     99.00      0.00      0.00      0.00
03:25:42 PM       1      1.01      0.00     98.99      0.00      0.00      0.00
03:25:43 PM       1      2.00      0.00     98.00      0.00      0.00      0.00
03:25:44 PM       1      0.99      0.00     99.01      0.00      0.00      0.00
03:25:45 PM       1      2.02      0.00     97.98      0.00      0.00      0.00
03:25:46 PM       1      2.00      0.00     98.00      0.00      0.00      0.00
03:25:47 PM       1      1.00      0.00     99.00      0.00      0.00      0.00
03:25:48 PM       1      0.99      0.00     99.01      0.00      0.00      0.00
03:25:49 PM       1      3.03      0.00     96.97      0.00      0.00      0.00
Average:          1      1.70      0.00     98.30      0.00      0.00      0.00
