Linux 3.14.33-regular (node220-2) 	01/04/2017 	_x86_64_	(8 CPU)

02:27:10 PM     CPU     %user     %nice   %system   %iowait    %steal     %idle
02:27:11 PM       1      3.00      0.00     97.00      0.00      0.00      0.00
02:27:12 PM       1      2.00      0.00     98.00      0.00      0.00      0.00
02:27:13 PM       1      2.00      0.00     98.00      0.00      0.00      0.00
02:27:14 PM       1      1.01      0.00     98.99      0.00      0.00      0.00
02:27:15 PM       1      2.97      0.00     97.03      0.00      0.00      0.00
02:27:16 PM       1      0.00      0.00    100.00      0.00      0.00      0.00
02:27:17 PM       1      2.00      0.00     98.00      0.00      0.00      0.00
02:27:18 PM       1      2.02      0.00     97.98      0.00      0.00      0.00
02:27:19 PM       1      3.00      0.00     97.00      0.00      0.00      0.00
02:27:20 PM       1      1.98      0.00     98.02      0.00      0.00      0.00
02:27:21 PM       1      1.00      0.00     99.00      0.00      0.00      0.00
02:27:22 PM       1      1.00      0.00     99.00      0.00      0.00      0.00
02:27:23 PM       1      1.01      0.00     98.99      0.00      0.00      0.00
02:27:24 PM       1      1.98      0.00     98.02      0.00      0.00      0.00
02:27:25 PM       1      4.04      0.00     95.96      0.00      0.00      0.00
02:27:26 PM       1      2.97      0.00     97.03      0.00      0.00      0.00
02:27:27 PM       1      3.00      0.00     97.00      0.00      0.00      0.00
02:27:28 PM       1      0.00      0.00    100.00      0.00      0.00      0.00
02:27:29 PM       1      0.99      0.00     99.01      0.00      0.00      0.00
02:27:30 PM       1      0.00      0.00    100.00      0.00      0.00      0.00
Average:          1      1.80      0.00     98.20      0.00      0.00      0.00
