Linux 3.14.33-regular (node220-2) 	01/04/2017 	_x86_64_	(8 CPU)

02:45:03 PM     CPU     %user     %nice   %system   %iowait    %steal     %idle
02:45:04 PM       1      3.00      0.00     97.00      0.00      0.00      0.00
02:45:05 PM       1      1.00      0.00     99.00      0.00      0.00      0.00
02:45:06 PM       1      2.00      0.00     98.00      0.00      0.00      0.00
02:45:07 PM       1      2.00      0.00     98.00      0.00      0.00      0.00
02:45:08 PM       1      1.00      0.00     99.00      0.00      0.00      0.00
02:45:09 PM       1      1.98      0.00     98.02      0.00      0.00      0.00
02:45:10 PM       1      1.01      0.00     98.99      0.00      0.00      0.00
02:45:11 PM       1      1.00      0.00     99.00      0.00      0.00      0.00
02:45:12 PM       1      1.00      0.00     99.00      0.00      0.00      0.00
02:45:13 PM       1      2.00      0.00     98.00      0.00      0.00      0.00
02:45:14 PM       1      1.00      0.00     99.00      0.00      0.00      0.00
02:45:15 PM       1      0.00      0.00    100.00      0.00      0.00      0.00
02:45:16 PM       1      1.98      0.00     98.02      0.00      0.00      0.00
02:45:17 PM       1      2.02      0.00     97.98      0.00      0.00      0.00
02:45:18 PM       1      2.00      0.00     98.00      0.00      0.00      0.00
02:45:19 PM       1      2.00      0.00     98.00      0.00      0.00      0.00
02:45:20 PM       1      2.00      0.00     98.00      0.00      0.00      0.00
02:45:21 PM       1      1.00      0.00     99.00      0.00      0.00      0.00
02:45:22 PM       1      1.01      0.00     98.99      0.00      0.00      0.00
02:45:23 PM       1      1.98      0.00     98.02      0.00      0.00      0.00
Average:          1      1.55      0.00     98.45      0.00      0.00      0.00
