Linux 3.14.33-regular (node220-2) 	01/04/2017 	_x86_64_	(8 CPU)

03:20:21 PM     CPU     %user     %nice   %system   %iowait    %steal     %idle
03:20:22 PM       1      1.00      0.00     99.00      0.00      0.00      0.00
03:20:23 PM       1      2.97      0.00     97.03      0.00      0.00      0.00
03:20:24 PM       1      2.00      0.00     98.00      0.00      0.00      0.00
03:20:25 PM       1      2.02      0.00     97.98      0.00      0.00      0.00
03:20:26 PM       1      2.97      0.00     97.03      0.00      0.00      0.00
03:20:27 PM       1      2.02      0.00     97.98      0.00      0.00      0.00
03:20:28 PM       1      1.00      0.00     99.00      0.00      0.00      0.00
03:20:29 PM       1      2.00      0.00     98.00      0.00      0.00      0.00
03:20:30 PM       1      2.00      0.00     98.00      0.00      0.00      0.00
03:20:31 PM       1      1.98      0.00     98.02      0.00      0.00      0.00
03:20:32 PM       1      0.00      0.00    100.00      0.00      0.00      0.00
03:20:33 PM       1      3.00      0.00     97.00      0.00      0.00      0.00
03:20:34 PM       1      2.00      0.00     98.00      0.00      0.00      0.00
03:20:35 PM       1      2.00      0.00     98.00      0.00      0.00      0.00
03:20:36 PM       1      2.00      0.00     98.00      0.00      0.00      0.00
03:20:37 PM       1      2.00      0.00     98.00      0.00      0.00      0.00
03:20:38 PM       1      1.98      0.00     98.02      0.00      0.00      0.00
03:20:39 PM       1      1.00      0.00     99.00      0.00      0.00      0.00
03:20:40 PM       1      0.00      0.00    100.00      0.00      0.00      0.00
03:20:41 PM       1      3.00      0.00     97.00      0.00      0.00      0.00
Average:          1      1.85      0.00     98.15      0.00      0.00      0.00
