Linux 3.14.33-regular (node220-2) 	01/04/2017 	_x86_64_	(8 CPU)

04:12:14 PM     CPU     %user     %nice   %system   %iowait    %steal     %idle
04:12:15 PM       1      3.00      0.00     97.00      0.00      0.00      0.00
04:12:16 PM       1      1.98      0.00     98.02      0.00      0.00      0.00
04:12:17 PM       1      1.01      0.00     98.99      0.00      0.00      0.00
04:12:18 PM       1      1.00      0.00     99.00      0.00      0.00      0.00
04:12:19 PM       1      1.00      0.00     99.00      0.00      0.00      0.00
04:12:20 PM       1      0.00      0.00    100.00      0.00      0.00      0.00
04:12:21 PM       1      1.00      0.00     99.00      0.00      0.00      0.00
04:12:22 PM       1      1.00      0.00     99.00      0.00      0.00      0.00
04:12:23 PM       1      1.98      0.00     98.02      0.00      0.00      0.00
04:12:24 PM       1      1.01      0.00     98.99      0.00      0.00      0.00
04:12:25 PM       1      1.01      0.00     98.99      0.00      0.00      0.00
04:12:26 PM       1      0.00      0.00    100.00      0.00      0.00      0.00
04:12:27 PM       1      0.99      0.00     99.01      0.00      0.00      0.00
04:12:28 PM       1      3.00      0.00     97.00      0.00      0.00      0.00
04:12:29 PM       1      3.00      0.00     97.00      0.00      0.00      0.00
04:12:30 PM       1      1.00      0.00     99.00      0.00      0.00      0.00
04:12:31 PM       1      2.00      0.00     98.00      0.00      0.00      0.00
04:12:32 PM       1      2.00      0.00     98.00      0.00      0.00      0.00
04:12:33 PM       1      1.00      0.00     99.00      0.00      0.00      0.00
04:12:34 PM       1      1.00      0.00     99.00      0.00      0.00      0.00
Average:          1      1.40      0.00     98.60      0.00      0.00      0.00
