Linux 3.14.33-regular (node220-2) 	01/04/2017 	_x86_64_	(8 CPU)

03:13:20 PM     CPU     %user     %nice   %system   %iowait    %steal     %idle
03:13:21 PM       1      0.99      0.00     99.01      0.00      0.00      0.00
03:13:22 PM       1      3.03      0.00     96.97      0.00      0.00      0.00
03:13:23 PM       1      2.00      0.00     98.00      0.00      0.00      0.00
03:13:24 PM       1      0.00      0.00    100.00      0.00      0.00      0.00
03:13:25 PM       1      1.98      0.00     98.02      0.00      0.00      0.00
03:13:26 PM       1      1.01      0.00     98.99      0.00      0.00      0.00
03:13:27 PM       1      2.00      0.00     98.00      0.00      0.00      0.00
03:13:28 PM       1      2.00      0.00     98.00      0.00      0.00      0.00
03:13:29 PM       1      0.00      0.00    100.00      0.00      0.00      0.00
03:13:30 PM       1      1.01      0.00     98.99      0.00      0.00      0.00
03:13:31 PM       1      0.99      0.00     99.01      0.00      0.00      0.00
03:13:32 PM       1      2.00      0.00     98.00      0.00      0.00      0.00
03:13:33 PM       1      1.00      0.00     99.00      0.00      0.00      0.00
03:13:34 PM       1      1.00      0.00     99.00      0.00      0.00      0.00
03:13:35 PM       1      1.00      0.00     99.00      0.00      0.00      0.00
03:13:36 PM       1      2.00      0.00     98.00      0.00      0.00      0.00
03:13:37 PM       1      2.00      0.00     98.00      0.00      0.00      0.00
03:13:38 PM       1      2.00      0.00     98.00      0.00      0.00      0.00
03:13:39 PM       1      1.00      0.00     99.00      0.00      0.00      0.00
03:13:40 PM       1      1.00      0.00     99.00      0.00      0.00      0.00
Average:          1      1.40      0.00     98.60      0.00      0.00      0.00
