Linux 3.14.33-regular (node220-2) 	01/04/2017 	_x86_64_	(8 CPU)

02:54:04 PM     CPU     %user     %nice   %system   %iowait    %steal     %idle
02:54:05 PM       1      1.98      0.00     98.02      0.00      0.00      0.00
02:54:06 PM       1      2.00      0.00     98.00      0.00      0.00      0.00
02:54:07 PM       1      2.00      0.00     98.00      0.00      0.00      0.00
02:54:08 PM       1      0.00      0.00    100.00      0.00      0.00      0.00
02:54:09 PM       1      0.00      0.00    100.00      0.00      0.00      0.00
02:54:10 PM       1      2.00      0.00     98.00      0.00      0.00      0.00
02:54:11 PM       1      0.99      0.00     99.01      0.00      0.00      0.00
02:54:12 PM       1      0.00      0.00    100.00      0.00      0.00      0.00
02:54:13 PM       1      1.01      0.00     98.99      0.00      0.00      0.00
02:54:14 PM       1      2.97      0.00     97.03      0.00      0.00      0.00
02:54:15 PM       1      0.00      0.00    100.00      0.00      0.00      0.00
02:54:16 PM       1      0.00      0.00    100.00      0.00      0.00      0.00
02:54:17 PM       1      2.00      0.00     98.00      0.00      0.00      0.00
02:54:18 PM       1      1.00      0.00     99.00      0.00      0.00      0.00
02:54:19 PM       1      1.01      0.00     98.99      0.00      0.00      0.00
02:54:20 PM       1      1.98      0.00     98.02      0.00      0.00      0.00
02:54:21 PM       1      1.00      0.00     99.00      0.00      0.00      0.00
02:54:22 PM       1      1.01      0.00     98.99      0.00      0.00      0.00
02:54:23 PM       1      1.98      0.00     98.02      0.00      0.00      0.00
02:54:24 PM       1      3.00      0.00     97.00      0.00      0.00      0.00
Average:          1      1.30      0.00     98.70      0.00      0.00      0.00
