Linux 3.14.33-regular (node220-2) 	01/04/2017 	_x86_64_	(8 CPU)

03:06:58 PM     CPU     %user     %nice   %system   %iowait    %steal     %idle
03:06:59 PM       1      2.00      0.00     98.00      0.00      0.00      0.00
03:07:00 PM       1      1.98      0.00     98.02      0.00      0.00      0.00
03:07:01 PM       1      0.00      0.00    100.00      0.00      0.00      0.00
03:07:02 PM       1      3.00      0.00     97.00      0.00      0.00      0.00
03:07:03 PM       1      1.01      0.00     98.99      0.00      0.00      0.00
03:07:04 PM       1      2.97      0.00     97.03      0.00      0.00      0.00
03:07:05 PM       1      0.00      0.00    100.00      0.00      0.00      0.00
03:07:06 PM       1      2.00      0.00     98.00      0.00      0.00      0.00
03:07:07 PM       1      1.98      0.00     98.02      0.00      0.00      0.00
03:07:08 PM       1      2.02      0.00     97.98      0.00      0.00      0.00
03:07:09 PM       1      2.97      0.00     97.03      0.00      0.00      0.00
03:07:10 PM       1      1.01      0.00     98.99      0.00      0.00      0.00
03:07:11 PM       1      1.98      0.00     98.02      0.00      0.00      0.00
03:07:12 PM       1      3.03      0.00     96.97      0.00      0.00      0.00
03:07:13 PM       1      1.00      0.00     99.00      0.00      0.00      0.00
03:07:14 PM       1      1.98      0.00     98.02      0.00      0.00      0.00
03:07:15 PM       1      1.01      0.00     98.99      0.00      0.00      0.00
03:07:16 PM       1      3.00      0.00     97.00      0.00      0.00      0.00
03:07:17 PM       1      1.98      0.00     98.02      0.00      0.00      0.00
03:07:18 PM       1      1.00      0.00     99.00      0.00      0.00      0.00
Average:          1      1.80      0.00     98.20      0.00      0.00      0.00
