Linux 3.14.33-regular (node220-2) 	01/04/2017 	_x86_64_	(8 CPU)

03:52:22 PM     CPU     %user     %nice   %system   %iowait    %steal     %idle
03:52:23 PM       1      1.00      0.00     99.00      0.00      0.00      0.00
03:52:24 PM       1      3.00      0.00     97.00      0.00      0.00      0.00
03:52:25 PM       1      2.00      0.00     98.00      0.00      0.00      0.00
03:52:26 PM       1      1.00      0.00     99.00      0.00      0.00      0.00
03:52:27 PM       1      3.00      0.00     97.00      0.00      0.00      0.00
03:52:28 PM       1      0.00      0.00    100.00      0.00      0.00      0.00
03:52:29 PM       1      1.98      0.00     98.02      0.00      0.00      0.00
03:52:30 PM       1      2.02      0.00     97.98      0.00      0.00      0.00
03:52:31 PM       1      0.99      0.00     99.01      0.00      0.00      0.00
03:52:32 PM       1      1.00      0.00     99.00      0.00      0.00      0.00
03:52:33 PM       1      4.04      0.00     95.96      0.00      0.00      0.00
03:52:34 PM       1      1.98      0.00     98.02      0.00      0.00      0.00
03:52:35 PM       1      2.02      0.00     97.98      0.00      0.00      0.00
03:52:36 PM       1      1.00      0.00     99.00      0.00      0.00      0.00
03:52:37 PM       1      0.99      0.00     99.01      0.00      0.00      0.00
03:52:38 PM       1      2.00      0.00     98.00      0.00      0.00      0.00
03:52:39 PM       1      0.00      0.00    100.00      0.00      0.00      0.00
03:52:40 PM       1      2.97      0.00     97.03      0.00      0.00      0.00
03:52:41 PM       1      1.00      0.00     99.00      0.00      0.00      0.00
03:52:42 PM       1      0.00      0.00    100.00      0.00      0.00      0.00
Average:          1      1.60      0.00     98.40      0.00      0.00      0.00
