Linux 3.14.33-regular (node220-2) 	01/04/2017 	_x86_64_	(8 CPU)

04:02:37 PM     CPU     %user     %nice   %system   %iowait    %steal     %idle
04:02:38 PM       1      1.98      0.00     98.02      0.00      0.00      0.00
04:02:39 PM       1      3.03      0.00     96.97      0.00      0.00      0.00
04:02:40 PM       1      1.00      0.00     99.00      0.00      0.00      0.00
04:02:41 PM       1      2.00      0.00     98.00      0.00      0.00      0.00
04:02:42 PM       1      1.98      0.00     98.02      0.00      0.00      0.00
04:02:43 PM       1      1.01      0.00     98.99      0.00      0.00      0.00
04:02:44 PM       1      2.00      0.00     98.00      0.00      0.00      0.00
04:02:45 PM       1      2.97      0.00     97.03      0.00      0.00      0.00
04:02:46 PM       1      2.00      0.00     98.00      0.00      0.00      0.00
04:02:47 PM       1      1.00      0.00     99.00      0.00      0.00      0.00
04:02:48 PM       1      1.00      0.00     99.00      0.00      0.00      0.00
04:02:49 PM       1      1.00      0.00     99.00      0.00      0.00      0.00
04:02:50 PM       1      1.01      0.00     98.99      0.00      0.00      0.00
04:02:51 PM       1      1.98      0.00     98.02      0.00      0.00      0.00
04:02:52 PM       1      2.02      0.00     97.98      0.00      0.00      0.00
04:02:53 PM       1      1.00      0.00     99.00      0.00      0.00      0.00
04:02:54 PM       1      1.00      0.00     99.00      0.00      0.00      0.00
04:02:55 PM       1      2.00      0.00     98.00      0.00      0.00      0.00
04:02:56 PM       1      2.00      0.00     98.00      0.00      0.00      0.00
04:02:57 PM       1      1.00      0.00     99.00      0.00      0.00      0.00
Average:          1      1.65      0.00     98.35      0.00      0.00      0.00
