Linux 3.14.33-regular (node220-2) 	01/04/2017 	_x86_64_	(8 CPU)

02:57:55 PM     CPU     %user     %nice   %system   %iowait    %steal     %idle
02:57:56 PM       1      1.00      0.00     99.00      0.00      0.00      0.00
02:57:57 PM       1      2.02      0.00     97.98      0.00      0.00      0.00
02:57:58 PM       1      1.96      0.00     98.04      0.00      0.00      0.00
02:57:59 PM       1      2.02      0.00     97.98      0.00      0.00      0.00
02:58:00 PM       1      1.01      0.00     98.99      0.00      0.00      0.00
02:58:01 PM       1      2.00      0.00     98.00      0.00      0.00      0.00
02:58:02 PM       1      1.98      0.00     98.02      0.00      0.00      0.00
02:58:03 PM       1      3.00      0.00     97.00      0.00      0.00      0.00
02:58:04 PM       1      1.00      0.00     99.00      0.00      0.00      0.00
02:58:05 PM       1      1.01      0.00     98.99      0.00      0.00      0.00
02:58:06 PM       1      2.97      0.00     97.03      0.00      0.00      0.00
02:58:07 PM       1      2.00      0.00     98.00      0.00      0.00      0.00
02:58:08 PM       1      3.00      0.00     97.00      0.00      0.00      0.00
02:58:09 PM       1      2.00      0.00     98.00      0.00      0.00      0.00
02:58:10 PM       1      2.00      0.00     98.00      0.00      0.00      0.00
02:58:11 PM       1      2.00      0.00     98.00      0.00      0.00      0.00
02:58:12 PM       1      0.00      0.00    100.00      0.00      0.00      0.00
02:58:13 PM       1      2.00      0.00     98.00      0.00      0.00      0.00
02:58:14 PM       1      2.00      0.00     98.00      0.00      0.00      0.00
02:58:15 PM       1      0.00      0.00    100.00      0.00      0.00      0.00
Average:          1      1.75      0.00     98.25      0.00      0.00      0.00
