Linux 3.14.33-regular (node220-2) 	01/04/2017 	_x86_64_	(8 CPU)

03:15:54 PM     CPU     %user     %nice   %system   %iowait    %steal     %idle
03:15:55 PM       1      4.00      0.00     96.00      0.00      0.00      0.00
03:15:56 PM       1      1.98      0.00     98.02      0.00      0.00      0.00
03:15:57 PM       1      2.02      0.00     97.98      0.00      0.00      0.00
03:15:58 PM       1      0.00      0.00    100.00      0.00      0.00      0.00
03:15:59 PM       1      2.00      0.00     98.00      0.00      0.00      0.00
03:16:00 PM       1      2.00      0.00     98.00      0.00      0.00      0.00
03:16:01 PM       1      3.03      0.00     96.97      0.00      0.00      0.00
03:16:02 PM       1      1.98      0.00     98.02      0.00      0.00      0.00
03:16:03 PM       1      1.01      0.00     98.99      0.00      0.00      0.00
03:16:04 PM       1      1.00      0.00     99.00      0.00      0.00      0.00
03:16:05 PM       1      1.00      0.00     99.00      0.00      0.00      0.00
03:16:06 PM       1      1.98      0.00     98.02      0.00      0.00      0.00
03:16:07 PM       1      2.02      0.00     97.98      0.00      0.00      0.00
03:16:08 PM       1      3.00      0.00     97.00      0.00      0.00      0.00
03:16:09 PM       1      1.98      0.00     98.02      0.00      0.00      0.00
03:16:10 PM       1      1.00      0.00     99.00      0.00      0.00      0.00
03:16:11 PM       1      1.00      0.00     99.00      0.00      0.00      0.00
03:16:12 PM       1      4.00      0.00     96.00      0.00      0.00      0.00
03:16:13 PM       1      2.00      0.00     98.00      0.00      0.00      0.00
03:16:14 PM       1      1.00      0.00     99.00      0.00      0.00      0.00
Average:          1      1.90      0.00     98.10      0.00      0.00      0.00
