Linux 3.14.33-regular (node220-2) 	01/04/2017 	_x86_64_	(8 CPU)

04:11:36 PM     CPU     %user     %nice   %system   %iowait    %steal     %idle
04:11:37 PM       1      2.97      0.00     97.03      0.00      0.00      0.00
04:11:38 PM       1      0.00      0.00    100.00      0.00      0.00      0.00
04:11:39 PM       1      2.00      0.00     98.00      0.00      0.00      0.00
04:11:40 PM       1      1.00      0.00     99.00      0.00      0.00      0.00
04:11:41 PM       1      1.01      0.00     98.99      0.00      0.00      0.00
04:11:42 PM       1      0.00      0.00    100.00      0.00      0.00      0.00
04:11:43 PM       1      1.98      0.00     98.02      0.00      0.00      0.00
04:11:44 PM       1      1.00      0.00     99.00      0.00      0.00      0.00
04:11:45 PM       1      2.00      0.00     98.00      0.00      0.00      0.00
04:11:46 PM       1      1.00      0.00     99.00      0.00      0.00      0.00
04:11:47 PM       1      2.02      0.00     97.98      0.00      0.00      0.00
04:11:48 PM       1      2.97      0.00     97.03      0.00      0.00      0.00
04:11:49 PM       1      0.00      0.00    100.00      0.00      0.00      0.00
04:11:50 PM       1      0.99      0.00     99.01      0.00      0.00      0.00
04:11:51 PM       1      3.00      0.00     97.00      0.00      0.00      0.00
04:11:52 PM       1      2.00      0.00     98.00      0.00      0.00      0.00
04:11:53 PM       1      2.00      0.00     98.00      0.00      0.00      0.00
04:11:54 PM       1      3.00      0.00     97.00      0.00      0.00      0.00
04:11:55 PM       1      2.02      0.00     97.98      0.00      0.00      0.00
04:11:56 PM       1      1.98      0.00     98.02      0.00      0.00      0.00
Average:          1      1.65      0.00     98.35      0.00      0.00      0.00
