Linux 3.14.33-regular (node220-2) 	01/04/2017 	_x86_64_	(8 CPU)

03:14:37 PM     CPU     %user     %nice   %system   %iowait    %steal     %idle
03:14:38 PM       1      2.02      0.00     97.98      0.00      0.00      0.00
03:14:39 PM       1      0.99      0.00     99.01      0.00      0.00      0.00
03:14:40 PM       1      3.03      0.00     96.97      0.00      0.00      0.00
03:14:41 PM       1      1.98      0.00     98.02      0.00      0.00      0.00
03:14:42 PM       1      3.00      0.00     97.00      0.00      0.00      0.00
03:14:43 PM       1      2.02      0.00     97.98      0.00      0.00      0.00
03:14:44 PM       1      2.97      0.00     97.03      0.00      0.00      0.00
03:14:45 PM       1      0.00      0.00    100.00      0.00      0.00      0.00
03:14:46 PM       1      4.00      0.00     96.00      0.00      0.00      0.00
03:14:47 PM       1      0.00      0.00    100.00      0.00      0.00      0.00
03:14:48 PM       1      2.00      0.00     98.00      0.00      0.00      0.00
03:14:49 PM       1      1.01      0.00     98.99      0.00      0.00      0.00
03:14:50 PM       1      2.00      0.00     98.00      0.00      0.00      0.00
03:14:51 PM       1      1.98      0.00     98.02      0.00      0.00      0.00
03:14:52 PM       1      1.01      0.00     98.99      0.00      0.00      0.00
03:14:53 PM       1      1.98      0.00     98.02      0.00      0.00      0.00
03:14:54 PM       1      4.04      0.00     95.96      0.00      0.00      0.00
03:14:55 PM       1      2.97      0.00     97.03      0.00      0.00      0.00
03:14:56 PM       1      1.01      0.00     98.99      0.00      0.00      0.00
03:14:57 PM       1      1.98      0.00     98.02      0.00      0.00      0.00
Average:          1      2.00      0.00     98.00      0.00      0.00      0.00
