Linux 3.14.33-regular (node220-2) 	01/04/2017 	_x86_64_	(8 CPU)

03:01:10 PM     CPU     %user     %nice   %system   %iowait    %steal     %idle
03:01:11 PM       1      1.01      0.00     98.99      0.00      0.00      0.00
03:01:12 PM       1      1.98      0.00     98.02      0.00      0.00      0.00
03:01:13 PM       1      2.00      0.00     98.00      0.00      0.00      0.00
03:01:14 PM       1      2.00      0.00     98.00      0.00      0.00      0.00
03:01:15 PM       1      1.01      0.00     98.99      0.00      0.00      0.00
03:01:16 PM       1      2.97      0.00     97.03      0.00      0.00      0.00
03:01:17 PM       1      2.00      0.00     98.00      0.00      0.00      0.00
03:01:18 PM       1      2.02      0.00     97.98      0.00      0.00      0.00
03:01:19 PM       1      2.97      0.00     97.03      0.00      0.00      0.00
03:01:20 PM       1      1.01      0.00     98.99      0.00      0.00      0.00
03:01:21 PM       1      0.99      0.00     99.01      0.00      0.00      0.00
03:01:22 PM       1      1.00      0.00     99.00      0.00      0.00      0.00
03:01:23 PM       1      1.00      0.00     99.00      0.00      0.00      0.00
03:01:24 PM       1      1.00      0.00     99.00      0.00      0.00      0.00
03:01:25 PM       1      2.02      0.00     97.98      0.00      0.00      0.00
03:01:26 PM       1      0.00      0.00    100.00      0.00      0.00      0.00
03:01:27 PM       1      2.00      0.00     98.00      0.00      0.00      0.00
03:01:28 PM       1      3.96      0.00     96.04      0.00      0.00      0.00
03:01:29 PM       1      0.00      0.00    100.00      0.00      0.00      0.00
03:01:30 PM       1      1.98      0.00     98.02      0.00      0.00      0.00
Average:          1      1.65      0.00     98.35      0.00      0.00      0.00
