Linux 3.14.33-regular (node220-2) 	01/04/2017 	_x86_64_	(8 CPU)

03:50:27 PM     CPU     %user     %nice   %system   %iowait    %steal     %idle
03:50:28 PM       1      0.00      0.00    100.00      0.00      0.00      0.00
03:50:29 PM       1      2.97      0.00     97.03      0.00      0.00      0.00
03:50:30 PM       1      2.00      0.00     98.00      0.00      0.00      0.00
03:50:31 PM       1      0.00      0.00    100.00      0.00      0.00      0.00
03:50:32 PM       1      1.98      0.00     98.02      0.00      0.00      0.00
03:50:33 PM       1      3.03      0.00     96.97      0.00      0.00      0.00
03:50:34 PM       1      1.00      0.00     99.00      0.00      0.00      0.00
03:50:35 PM       1      2.00      0.00     98.00      0.00      0.00      0.00
03:50:36 PM       1      2.00      0.00     98.00      0.00      0.00      0.00
03:50:37 PM       1      1.00      0.00     99.00      0.00      0.00      0.00
03:50:38 PM       1      1.00      0.00     99.00      0.00      0.00      0.00
03:50:39 PM       1      2.00      0.00     98.00      0.00      0.00      0.00
03:50:40 PM       1      1.98      0.00     98.02      0.00      0.00      0.00
03:50:41 PM       1      0.00      0.00    100.00      0.00      0.00      0.00
03:50:42 PM       1      2.00      0.00     98.00      0.00      0.00      0.00
03:50:43 PM       1      2.02      0.00     97.98      0.00      0.00      0.00
03:50:44 PM       1      2.00      0.00     98.00      0.00      0.00      0.00
03:50:45 PM       1      0.99      0.00     99.01      0.00      0.00      0.00
03:50:46 PM       1      3.00      0.00     97.00      0.00      0.00      0.00
03:50:47 PM       1      1.00      0.00     99.00      0.00      0.00      0.00
Average:          1      1.60      0.00     98.40      0.00      0.00      0.00
