Linux 3.14.33-regular (node220-2) 	01/04/2017 	_x86_64_	(8 CPU)

03:21:00 PM     CPU     %user     %nice   %system   %iowait    %steal     %idle
03:21:01 PM       1      1.98      0.00     98.02      0.00      0.00      0.00
03:21:02 PM       1      1.01      0.00     98.99      0.00      0.00      0.00
03:21:03 PM       1      2.97      0.00     97.03      0.00      0.00      0.00
03:21:04 PM       1      1.00      0.00     99.00      0.00      0.00      0.00
03:21:05 PM       1      1.00      0.00     99.00      0.00      0.00      0.00
03:21:06 PM       1      2.00      0.00     98.00      0.00      0.00      0.00
03:21:07 PM       1      3.03      0.00     96.97      0.00      0.00      0.00
03:21:08 PM       1      1.98      0.00     98.02      0.00      0.00      0.00
03:21:09 PM       1      2.00      0.00     98.00      0.00      0.00      0.00
03:21:10 PM       1      0.00      0.00    100.00      0.00      0.00      0.00
03:21:11 PM       1      1.00      0.00     99.00      0.00      0.00      0.00
03:21:12 PM       1      2.00      0.00     98.00      0.00      0.00      0.00
03:21:13 PM       1      2.02      0.00     97.98      0.00      0.00      0.00
03:21:14 PM       1      0.00      0.00    100.00      0.00      0.00      0.00
03:21:15 PM       1      2.00      0.00     98.00      0.00      0.00      0.00
03:21:16 PM       1      1.98      0.00     98.02      0.00      0.00      0.00
03:21:17 PM       1      1.00      0.00     99.00      0.00      0.00      0.00
03:21:18 PM       1      2.00      0.00     98.00      0.00      0.00      0.00
03:21:19 PM       1      1.01      0.00     98.99      0.00      0.00      0.00
03:21:20 PM       1      0.99      0.00     99.01      0.00      0.00      0.00
Average:          1      1.55      0.00     98.45      0.00      0.00      0.00
