Linux 3.14.33-regular (node220-2) 	01/04/2017 	_x86_64_	(8 CPU)

03:38:56 PM     CPU     %user     %nice   %system   %iowait    %steal     %idle
03:38:57 PM       1      3.00      0.00     97.00      0.00      0.00      0.00
03:38:58 PM       1      1.00      0.00     99.00      0.00      0.00      0.00
03:38:59 PM       1      0.99      0.00     99.01      0.00      0.00      0.00
03:39:00 PM       1      2.00      0.00     98.00      0.00      0.00      0.00
03:39:01 PM       1      2.00      0.00     98.00      0.00      0.00      0.00
03:39:02 PM       1      0.00      0.00    100.00      0.00      0.00      0.00
03:39:03 PM       1      3.00      0.00     97.00      0.00      0.00      0.00
03:39:04 PM       1      0.00      0.00    100.00      0.00      0.00      0.00
03:39:05 PM       1      1.00      0.00     99.00      0.00      0.00      0.00
03:39:06 PM       1      3.00      0.00     97.00      0.00      0.00      0.00
03:39:07 PM       1      0.99      0.00     99.01      0.00      0.00      0.00
03:39:08 PM       1      1.01      0.00     98.99      0.00      0.00      0.00
03:39:09 PM       1      0.99      0.00     99.01      0.00      0.00      0.00
03:39:10 PM       1      0.00      0.00    100.00      0.00      0.00      0.00
03:39:11 PM       1      1.01      0.00     98.99      0.00      0.00      0.00
03:39:12 PM       1      2.00      0.00     98.00      0.00      0.00      0.00
03:39:13 PM       1      1.00      0.00     99.00      0.00      0.00      0.00
03:39:14 PM       1      2.97      0.00     97.03      0.00      0.00      0.00
03:39:15 PM       1      1.00      0.00     99.00      0.00      0.00      0.00
03:39:16 PM       1      1.01      0.00     98.99      0.00      0.00      0.00
Average:          1      1.40      0.00     98.60      0.00      0.00      0.00
