Linux 3.14.33-regular (node220-2) 	01/04/2017 	_x86_64_	(8 CPU)

03:49:10 PM     CPU     %user     %nice   %system   %iowait    %steal     %idle
03:49:11 PM       1      2.00      0.00     98.00      0.00      0.00      0.00
03:49:12 PM       1      2.00      0.00     98.00      0.00      0.00      0.00
03:49:13 PM       1      2.00      0.00     98.00      0.00      0.00      0.00
03:49:14 PM       1      2.00      0.00     98.00      0.00      0.00      0.00
03:49:15 PM       1      1.01      0.00     98.99      0.00      0.00      0.00
03:49:16 PM       1      1.98      0.00     98.02      0.00      0.00      0.00
03:49:17 PM       1      1.00      0.00     99.00      0.00      0.00      0.00
03:49:18 PM       1      2.00      0.00     98.00      0.00      0.00      0.00
03:49:19 PM       1      0.00      0.00    100.00      0.00      0.00      0.00
03:49:20 PM       1      1.00      0.00     99.00      0.00      0.00      0.00
03:49:21 PM       1      2.00      0.00     98.00      0.00      0.00      0.00
03:49:22 PM       1      2.00      0.00     98.00      0.00      0.00      0.00
03:49:23 PM       1      1.01      0.00     98.99      0.00      0.00      0.00
03:49:24 PM       1      1.98      0.00     98.02      0.00      0.00      0.00
03:49:25 PM       1      1.00      0.00     99.00      0.00      0.00      0.00
03:49:26 PM       1      3.00      0.00     97.00      0.00      0.00      0.00
03:49:27 PM       1      0.00      0.00    100.00      0.00      0.00      0.00
03:49:28 PM       1      2.00      0.00     98.00      0.00      0.00      0.00
03:49:29 PM       1      1.00      0.00     99.00      0.00      0.00      0.00
03:49:30 PM       1      2.00      0.00     98.00      0.00      0.00      0.00
Average:          1      1.55      0.00     98.45      0.00      0.00      0.00
