Linux 3.14.33-regular (node220-2) 	01/04/2017 	_x86_64_	(8 CPU)

03:46:36 PM     CPU     %user     %nice   %system   %iowait    %steal     %idle
03:46:37 PM       1      2.00      0.00     98.00      0.00      0.00      0.00
03:46:38 PM       1      2.02      0.00     97.98      0.00      0.00      0.00
03:46:39 PM       1      2.00      0.00     98.00      0.00      0.00      0.00
03:46:40 PM       1      1.00      0.00     99.00      0.00      0.00      0.00
03:46:41 PM       1      1.00      0.00     99.00      0.00      0.00      0.00
03:46:42 PM       1      2.97      0.00     97.03      0.00      0.00      0.00
03:46:43 PM       1      1.02      0.00     98.98      0.00      0.00      0.00
03:46:44 PM       1      1.98      0.00     98.02      0.00      0.00      0.00
03:46:45 PM       1      1.98      0.00     98.02      0.00      0.00      0.00
03:46:46 PM       1      1.01      0.00     98.99      0.00      0.00      0.00
03:46:47 PM       1      0.00      0.00    100.00      0.00      0.00      0.00
03:46:48 PM       1      2.00      0.00     98.00      0.00      0.00      0.00
03:46:49 PM       1      2.00      0.00     98.00      0.00      0.00      0.00
03:46:50 PM       1      1.00      0.00     99.00      0.00      0.00      0.00
03:46:51 PM       1      1.98      0.00     98.02      0.00      0.00      0.00
03:46:52 PM       1      1.01      0.00     98.99      0.00      0.00      0.00
03:46:53 PM       1      3.00      0.00     97.00      0.00      0.00      0.00
03:46:54 PM       1      1.00      0.00     99.00      0.00      0.00      0.00
03:46:55 PM       1      2.97      0.00     97.03      0.00      0.00      0.00
03:46:56 PM       1      1.01      0.00     98.99      0.00      0.00      0.00
Average:          1      1.65      0.00     98.35      0.00      0.00      0.00
