Linux 3.14.33-regular (node220-2) 	01/04/2017 	_x86_64_	(8 CPU)

04:03:53 PM     CPU     %user     %nice   %system   %iowait    %steal     %idle
04:03:54 PM       1      1.00      0.00     99.00      0.00      0.00      0.00
04:03:55 PM       1      3.00      0.00     97.00      0.00      0.00      0.00
04:03:56 PM       1      1.00      0.00     99.00      0.00      0.00      0.00
04:03:57 PM       1      1.01      0.00     98.99      0.00      0.00      0.00
04:03:58 PM       1      1.98      0.00     98.02      0.00      0.00      0.00
04:03:59 PM       1      2.00      0.00     98.00      0.00      0.00      0.00
04:04:00 PM       1      1.00      0.00     99.00      0.00      0.00      0.00
04:04:01 PM       1      2.02      0.00     97.98      0.00      0.00      0.00
04:04:02 PM       1      1.98      0.00     98.02      0.00      0.00      0.00
04:04:03 PM       1      3.00      0.00     97.00      0.00      0.00      0.00
04:04:04 PM       1      2.00      0.00     98.00      0.00      0.00      0.00
04:04:05 PM       1      1.00      0.00     99.00      0.00      0.00      0.00
04:04:06 PM       1      2.00      0.00     98.00      0.00      0.00      0.00
04:04:07 PM       1      1.01      0.00     98.99      0.00      0.00      0.00
04:04:08 PM       1      0.00      0.00    100.00      0.00      0.00      0.00
04:04:09 PM       1      0.99      0.00     99.01      0.00      0.00      0.00
04:04:10 PM       1      1.01      0.00     98.99      0.00      0.00      0.00
04:04:11 PM       1      1.98      0.00     98.02      0.00      0.00      0.00
04:04:12 PM       1      1.00      0.00     99.00      0.00      0.00      0.00
04:04:13 PM       1      2.00      0.00     98.00      0.00      0.00      0.00
Average:          1      1.55      0.00     98.45      0.00      0.00      0.00
