Linux 3.14.33-regular (node220-2) 	01/04/2017 	_x86_64_	(8 CPU)

02:18:10 PM     CPU     %user     %nice   %system   %iowait    %steal     %idle
02:18:11 PM       1      1.00      0.00     99.00      0.00      0.00      0.00
02:18:12 PM       1      1.00      0.00     99.00      0.00      0.00      0.00
02:18:13 PM       1      1.01      0.00     98.99      0.00      0.00      0.00
02:18:14 PM       1      1.98      0.00     98.02      0.00      0.00      0.00
02:18:15 PM       1      2.02      0.00     97.98      0.00      0.00      0.00
02:18:16 PM       1      2.00      0.00     98.00      0.00      0.00      0.00
02:18:17 PM       1      1.98      0.00     98.02      0.00      0.00      0.00
02:18:18 PM       1      1.01      0.00     98.99      0.00      0.00      0.00
02:18:19 PM       1      1.00      0.00     99.00      0.00      0.00      0.00
02:18:20 PM       1      1.98      0.00     98.02      0.00      0.00      0.00
02:18:21 PM       1      1.00      0.00     99.00      0.00      0.00      0.00
02:18:22 PM       1      1.00      0.00     99.00      0.00      0.00      0.00
02:18:23 PM       1      1.00      0.00     99.00      0.00      0.00      0.00
02:18:24 PM       1      1.00      0.00     99.00      0.00      0.00      0.00
02:18:25 PM       1      2.00      0.00     98.00      0.00      0.00      0.00
02:18:26 PM       1      0.00      0.00    100.00      0.00      0.00      0.00
02:18:27 PM       1      3.96      0.00     96.04      0.00      0.00      0.00
02:18:28 PM       1      2.02      0.00     97.98      0.00      0.00      0.00
02:18:29 PM       1      1.98      0.00     98.02      0.00      0.00      0.00
02:18:30 PM       1      3.00      0.00     97.00      0.00      0.00      0.00
Average:          1      1.60      0.00     98.40      0.00      0.00      0.00
