Linux 3.14.33-regular (node220-2) 	01/04/2017 	_x86_64_	(8 CPU)

04:03:15 PM     CPU     %user     %nice   %system   %iowait    %steal     %idle
04:03:16 PM       1      0.00      0.00    100.00      0.00      0.00      0.00
04:03:17 PM       1      3.96      0.00     96.04      0.00      0.00      0.00
04:03:18 PM       1      2.00      0.00     98.00      0.00      0.00      0.00
04:03:19 PM       1      1.01      0.00     98.99      0.00      0.00      0.00
04:03:20 PM       1      3.00      0.00     97.00      0.00      0.00      0.00
04:03:21 PM       1      0.99      0.00     99.01      0.00      0.00      0.00
04:03:22 PM       1      2.02      0.00     97.98      0.00      0.00      0.00
04:03:23 PM       1      2.00      0.00     98.00      0.00      0.00      0.00
04:03:24 PM       1      1.00      0.00     99.00      0.00      0.00      0.00
04:03:25 PM       1      1.98      0.00     98.02      0.00      0.00      0.00
04:03:26 PM       1      2.02      0.00     97.98      0.00      0.00      0.00
04:03:27 PM       1      0.99      0.00     99.01      0.00      0.00      0.00
04:03:28 PM       1      0.00      0.00    100.00      0.00      0.00      0.00
04:03:29 PM       1      2.00      0.00     98.00      0.00      0.00      0.00
04:03:30 PM       1      2.00      0.00     98.00      0.00      0.00      0.00
04:03:31 PM       1      1.00      0.00     99.00      0.00      0.00      0.00
04:03:32 PM       1      2.00      0.00     98.00      0.00      0.00      0.00
04:03:33 PM       1      2.00      0.00     98.00      0.00      0.00      0.00
04:03:34 PM       1      1.98      0.00     98.02      0.00      0.00      0.00
04:03:35 PM       1      1.00      0.00     99.00      0.00      0.00      0.00
Average:          1      1.65      0.00     98.35      0.00      0.00      0.00
