Linux 3.14.33-regular (node220-2) 	01/04/2017 	_x86_64_	(8 CPU)

03:23:34 PM     CPU     %user     %nice   %system   %iowait    %steal     %idle
03:23:35 PM       1      0.00      0.00    100.00      0.00      0.00      0.00
03:23:36 PM       1      1.00      0.00     99.00      0.00      0.00      0.00
03:23:37 PM       1      0.99      0.00     99.01      0.00      0.00      0.00
03:23:38 PM       1      0.00      0.00    100.00      0.00      0.00      0.00
03:23:39 PM       1      2.02      0.00     97.98      0.00      0.00      0.00
03:23:40 PM       1      0.00      0.00    100.00      0.00      0.00      0.00
03:23:41 PM       1      2.00      0.00     98.00      0.00      0.00      0.00
03:23:42 PM       1      1.98      0.00     98.02      0.00      0.00      0.00
03:23:43 PM       1      0.00      0.00    100.00      0.00      0.00      0.00
03:23:44 PM       1      2.00      0.00     98.00      0.00      0.00      0.00
03:23:45 PM       1      1.00      0.00     99.00      0.00      0.00      0.00
03:23:46 PM       1      0.00      0.00    100.00      0.00      0.00      0.00
03:23:47 PM       1      3.00      0.00     97.00      0.00      0.00      0.00
03:23:48 PM       1      0.00      0.00    100.00      0.00      0.00      0.00
03:23:49 PM       1      2.00      0.00     98.00      0.00      0.00      0.00
03:23:50 PM       1      1.98      0.00     98.02      0.00      0.00      0.00
03:23:51 PM       1      1.01      0.00     98.99      0.00      0.00      0.00
03:23:52 PM       1      1.00      0.00     99.00      0.00      0.00      0.00
03:23:53 PM       1      1.98      0.00     98.02      0.00      0.00      0.00
03:23:54 PM       1      1.01      0.00     98.99      0.00      0.00      0.00
Average:          1      1.15      0.00     98.85      0.00      0.00      0.00
