Linux 3.14.33-regular (node220-2) 	01/04/2017 	_x86_64_	(8 CPU)

02:29:42 PM     CPU     %user     %nice   %system   %iowait    %steal     %idle
02:29:43 PM       1      3.00      0.00     97.00      0.00      0.00      0.00
02:29:44 PM       1      0.99      0.00     99.01      0.00      0.00      0.00
02:29:45 PM       1      1.01      0.00     98.99      0.00      0.00      0.00
02:29:46 PM       1      1.98      0.00     98.02      0.00      0.00      0.00
02:29:47 PM       1      1.01      0.00     98.99      0.00      0.00      0.00
02:29:48 PM       1      2.00      0.00     98.00      0.00      0.00      0.00
02:29:49 PM       1      2.00      0.00     98.00      0.00      0.00      0.00
02:29:50 PM       1      1.98      0.00     98.02      0.00      0.00      0.00
02:29:51 PM       1      0.00      0.00    100.00      0.00      0.00      0.00
02:29:52 PM       1      2.00      0.00     98.00      0.00      0.00      0.00
02:29:53 PM       1      1.98      0.00     98.02      0.00      0.00      0.00
02:29:54 PM       1      1.01      0.00     98.99      0.00      0.00      0.00
02:29:55 PM       1      3.00      0.00     97.00      0.00      0.00      0.00
02:29:56 PM       1      3.00      0.00     97.00      0.00      0.00      0.00
02:29:57 PM       1      0.99      0.00     99.01      0.00      0.00      0.00
02:29:58 PM       1      0.00      0.00    100.00      0.00      0.00      0.00
02:29:59 PM       1      1.98      0.00     98.02      0.00      0.00      0.00
02:30:00 PM       1      1.01      0.00     98.99      0.00      0.00      0.00
02:30:01 PM       1      2.00      0.00     98.00      0.00      0.00      0.00
02:30:02 PM       1      1.00      0.00     99.00      0.00      0.00      0.00
Average:          1      1.60      0.00     98.40      0.00      0.00      0.00
