Linux 3.14.33-regular (node220-2) 	01/04/2017 	_x86_64_	(8 CPU)

03:22:56 PM     CPU     %user     %nice   %system   %iowait    %steal     %idle
03:22:57 PM       1      2.00      0.00     98.00      0.00      0.00      0.00
03:22:58 PM       1      1.00      0.00     99.00      0.00      0.00      0.00
03:22:59 PM       1      1.98      0.00     98.02      0.00      0.00      0.00
03:23:00 PM       1      2.00      0.00     98.00      0.00      0.00      0.00
03:23:01 PM       1      3.00      0.00     97.00      0.00      0.00      0.00
03:23:02 PM       1      2.00      0.00     98.00      0.00      0.00      0.00
03:23:03 PM       1      2.02      0.00     97.98      0.00      0.00      0.00
03:23:04 PM       1      0.99      0.00     99.01      0.00      0.00      0.00
03:23:05 PM       1      0.00      0.00    100.00      0.00      0.00      0.00
03:23:06 PM       1      1.01      0.00     98.99      0.00      0.00      0.00
03:23:07 PM       1      1.98      0.00     98.02      0.00      0.00      0.00
03:23:08 PM       1      1.00      0.00     99.00      0.00      0.00      0.00
03:23:09 PM       1      2.02      0.00     97.98      0.00      0.00      0.00
03:23:10 PM       1      1.98      0.00     98.02      0.00      0.00      0.00
03:23:11 PM       1      1.00      0.00     99.00      0.00      0.00      0.00
03:23:12 PM       1      4.00      0.00     96.00      0.00      0.00      0.00
03:23:13 PM       1      1.00      0.00     99.00      0.00      0.00      0.00
03:23:14 PM       1      2.00      0.00     98.00      0.00      0.00      0.00
03:23:15 PM       1      1.00      0.00     99.00      0.00      0.00      0.00
03:23:16 PM       1      2.00      0.00     98.00      0.00      0.00      0.00
Average:          1      1.70      0.00     98.30      0.00      0.00      0.00
