Linux 3.14.33-regular (node220-2) 	01/04/2017 	_x86_64_	(8 CPU)

03:03:05 PM     CPU     %user     %nice   %system   %iowait    %steal     %idle
03:03:06 PM       1      1.00      0.00     99.00      0.00      0.00      0.00
03:03:07 PM       1      1.01      0.00     98.99      0.00      0.00      0.00
03:03:08 PM       1      1.98      0.00     98.02      0.00      0.00      0.00
03:03:09 PM       1      2.00      0.00     98.00      0.00      0.00      0.00
03:03:10 PM       1      1.00      0.00     99.00      0.00      0.00      0.00
03:03:11 PM       1      0.00      0.00    100.00      0.00      0.00      0.00
03:03:12 PM       1      2.00      0.00     98.00      0.00      0.00      0.00
03:03:13 PM       1      3.00      0.00     97.00      0.00      0.00      0.00
03:03:14 PM       1      2.00      0.00     98.00      0.00      0.00      0.00
03:03:15 PM       1      2.00      0.00     98.00      0.00      0.00      0.00
03:03:16 PM       1      3.00      0.00     97.00      0.00      0.00      0.00
03:03:17 PM       1      1.00      0.00     99.00      0.00      0.00      0.00
03:03:18 PM       1      2.00      0.00     98.00      0.00      0.00      0.00
03:03:19 PM       1      1.01      0.00     98.99      0.00      0.00      0.00
03:03:20 PM       1      0.00      0.00    100.00      0.00      0.00      0.00
03:03:21 PM       1      2.02      0.00     97.98      0.00      0.00      0.00
03:03:22 PM       1      1.98      0.00     98.02      0.00      0.00      0.00
03:03:23 PM       1      1.01      0.00     98.99      0.00      0.00      0.00
03:03:24 PM       1      1.00      0.00     99.00      0.00      0.00      0.00
03:03:25 PM       1      2.00      0.00     98.00      0.00      0.00      0.00
Average:          1      1.55      0.00     98.45      0.00      0.00      0.00
