Linux 3.14.33-regular (node220-2) 	01/04/2017 	_x86_64_	(8 CPU)

02:48:54 PM     CPU     %user     %nice   %system   %iowait    %steal     %idle
02:48:55 PM       1      1.01      0.00     98.99      0.00      0.00      0.00
02:48:56 PM       1      1.96      0.00     98.04      0.00      0.00      0.00
02:48:57 PM       1      1.01      0.00     98.99      0.00      0.00      0.00
02:48:58 PM       1      0.99      0.00     99.01      0.00      0.00      0.00
02:48:59 PM       1      1.01      0.00     98.99      0.00      0.00      0.00
02:49:00 PM       1      2.00      0.00     98.00      0.00      0.00      0.00
02:49:01 PM       1      2.00      0.00     98.00      0.00      0.00      0.00
02:49:02 PM       1      1.00      0.00     99.00      0.00      0.00      0.00
02:49:03 PM       1      1.98      0.00     98.02      0.00      0.00      0.00
02:49:04 PM       1      1.01      0.00     98.99      0.00      0.00      0.00
02:49:05 PM       1      1.00      0.00     99.00      0.00      0.00      0.00
02:49:06 PM       1      2.00      0.00     98.00      0.00      0.00      0.00
02:49:07 PM       1      0.00      0.00    100.00      0.00      0.00      0.00
02:49:08 PM       1      2.00      0.00     98.00      0.00      0.00      0.00
02:49:09 PM       1      3.00      0.00     97.00      0.00      0.00      0.00
02:49:10 PM       1      2.00      0.00     98.00      0.00      0.00      0.00
02:49:11 PM       1      1.98      0.00     98.02      0.00      0.00      0.00
02:49:12 PM       1      1.01      0.00     98.99      0.00      0.00      0.00
02:49:13 PM       1      1.00      0.00     99.00      0.00      0.00      0.00
02:49:14 PM       1      1.98      0.00     98.02      0.00      0.00      0.00
Average:          1      1.50      0.00     98.50      0.00      0.00      0.00
