Linux 3.14.33-regular (node220-2) 	01/04/2017 	_x86_64_	(8 CPU)

02:51:30 PM     CPU     %user     %nice   %system   %iowait    %steal     %idle
02:51:31 PM       1      2.00      0.00     98.00      0.00      0.00      0.00
02:51:32 PM       1      1.00      0.00     99.00      0.00      0.00      0.00
02:51:33 PM       1      3.00      0.00     97.00      0.00      0.00      0.00
02:51:34 PM       1      2.00      0.00     98.00      0.00      0.00      0.00
02:51:35 PM       1      2.00      0.00     98.00      0.00      0.00      0.00
02:51:36 PM       1      0.00      0.00    100.00      0.00      0.00      0.00
02:51:37 PM       1      0.99      0.00     99.01      0.00      0.00      0.00
02:51:38 PM       1      3.00      0.00     97.00      0.00      0.00      0.00
02:51:39 PM       1      0.00      0.00    100.00      0.00      0.00      0.00
02:51:40 PM       1      0.00      0.00    100.00      0.00      0.00      0.00
02:51:41 PM       1      2.00      0.00     98.00      0.00      0.00      0.00
02:51:42 PM       1      2.00      0.00     98.00      0.00      0.00      0.00
02:51:43 PM       1      1.00      0.00     99.00      0.00      0.00      0.00
02:51:44 PM       1      1.98      0.00     98.02      0.00      0.00      0.00
02:51:45 PM       1      1.01      0.00     98.99      0.00      0.00      0.00
02:51:46 PM       1      2.00      0.00     98.00      0.00      0.00      0.00
02:51:47 PM       1      2.00      0.00     98.00      0.00      0.00      0.00
02:51:48 PM       1      3.00      0.00     97.00      0.00      0.00      0.00
02:51:49 PM       1      2.00      0.00     98.00      0.00      0.00      0.00
02:51:50 PM       1      0.00      0.00    100.00      0.00      0.00      0.00
Average:          1      1.55      0.00     98.45      0.00      0.00      0.00
