Linux 3.14.33-regular (node220-2) 	01/02/2017 	_x86_64_	(8 CPU)

11:59:46 PM     CPU     %user     %nice   %system   %iowait    %steal     %idle
11:59:47 PM       1      6.00      0.00     94.00      0.00      0.00      0.00
11:59:48 PM       1     10.00      0.00     90.00      0.00      0.00      0.00
11:59:49 PM       1      8.00      0.00     92.00      0.00      0.00      0.00
11:59:50 PM       1     10.00      0.00     90.00      0.00      0.00      0.00
11:59:51 PM       1      9.09      0.00     90.91      0.00      0.00      0.00
11:59:52 PM       1      6.93      0.00     93.07      0.00      0.00      0.00
11:59:53 PM       1     12.00      0.00     88.00      0.00      0.00      0.00
11:59:54 PM       1     10.10      0.00     89.90      0.00      0.00      0.00
11:59:55 PM       1      9.00      0.00     91.00      0.00      0.00      0.00
11:59:56 PM       1      6.00      0.00     94.00      0.00      0.00      0.00
11:59:57 PM       1      5.00      0.00     95.00      0.00      0.00      0.00
11:59:58 PM       1      7.00      0.00     93.00      0.00      0.00      0.00
11:59:59 PM       1      9.90      0.00     90.10      0.00      0.00      0.00
12:00:00 AM       1      5.05      0.00     94.95      0.00      0.00      0.00
12:00:01 AM       1     12.00      0.00     88.00      0.00      0.00      0.00
12:00:02 AM       1     11.88      0.00     88.12      0.00      0.00      0.00
12:00:03 AM       1      4.00      0.00     96.00      0.00      0.00      0.00
12:00:04 AM       1      7.07      0.00     92.93      0.00      0.00      0.00
12:00:05 AM       1     10.89      0.00     89.11      0.00      0.00      0.00
12:00:06 AM       1      7.07      0.00     92.93      0.00      0.00      0.00
Average:          1      8.35      0.00     91.65      0.00      0.00      0.00
