Linux 3.14.33-regular (node220-2) 	01/03/2017 	_x86_64_	(8 CPU)

12:20:56 AM     CPU     %user     %nice   %system   %iowait    %steal     %idle
12:20:57 AM       1     11.00      0.00     89.00      0.00      0.00      0.00
12:20:58 AM       1      8.91      0.00     91.09      0.00      0.00      0.00
12:20:59 AM       1      4.00      0.00     96.00      0.00      0.00      0.00
12:21:00 AM       1      7.07      0.00     92.93      0.00      0.00      0.00
12:21:01 AM       1      5.00      0.00     95.00      0.00      0.00      0.00
12:21:02 AM       1      4.95      0.00     95.05      0.00      0.00      0.00
12:21:03 AM       1      7.07      0.00     92.93      0.00      0.00      0.00
12:21:04 AM       1      6.93      0.00     93.07      0.00      0.00      0.00
12:21:05 AM       1      7.07      0.00     92.93      0.00      0.00      0.00
12:21:06 AM       1     10.00      0.00     90.00      0.00      0.00      0.00
12:21:07 AM       1      5.00      0.00     95.00      0.00      0.00      0.00
12:21:08 AM       1      8.91      0.00     91.09      0.00      0.00      0.00
12:21:09 AM       1      6.06      0.00     93.94      0.00      0.00      0.00
12:21:10 AM       1      8.91      0.00     91.09      0.00      0.00      0.00
12:21:11 AM       1      7.07      0.00     92.93      0.00      0.00      0.00
12:21:12 AM       1     12.00      0.00     88.00      0.00      0.00      0.00
12:21:13 AM       1      3.00      0.00     97.00      0.00      0.00      0.00
12:21:14 AM       1      5.00      0.00     95.00      0.00      0.00      0.00
12:21:15 AM       1      7.92      0.00     92.08      0.00      0.00      0.00
12:21:16 AM       1     10.10      0.00     89.90      0.00      0.00      0.00
Average:          1      7.30      0.00     92.70      0.00      0.00      0.00
