Linux 3.14.33-regular (node220-2) 	01/02/2017 	_x86_64_	(8 CPU)

11:58:30 PM     CPU     %user     %nice   %system   %iowait    %steal     %idle
11:58:31 PM       1      6.00      0.00     94.00      0.00      0.00      0.00
11:58:32 PM       1      8.00      0.00     92.00      0.00      0.00      0.00
11:58:33 PM       1     11.00      0.00     89.00      0.00      0.00      0.00
11:58:34 PM       1      5.00      0.00     95.00      0.00      0.00      0.00
11:58:35 PM       1      6.00      0.00     94.00      0.00      0.00      0.00
11:58:36 PM       1      9.00      0.00     91.00      0.00      0.00      0.00
11:58:37 PM       1      9.00      0.00     91.00      0.00      0.00      0.00
11:58:38 PM       1     14.00      0.00     86.00      0.00      0.00      0.00
11:58:39 PM       1      8.00      0.00     92.00      0.00      0.00      0.00
11:58:40 PM       1      8.00      0.00     92.00      0.00      0.00      0.00
11:58:41 PM       1      6.00      0.00     94.00      0.00      0.00      0.00
11:58:42 PM       1      7.00      0.00     93.00      0.00      0.00      0.00
11:58:43 PM       1      9.09      0.00     90.91      0.00      0.00      0.00
11:58:44 PM       1      7.84      0.00     92.16      0.00      0.00      0.00
11:58:45 PM       1      5.05      0.00     94.95      0.00      0.00      0.00
11:58:46 PM       1      7.00      0.00     93.00      0.00      0.00      0.00
11:58:47 PM       1      7.92      0.00     92.08      0.00      0.00      0.00
11:58:48 PM       1     10.00      0.00     90.00      0.00      0.00      0.00
11:58:49 PM       1      8.00      0.00     92.00      0.00      0.00      0.00
11:58:50 PM       1      9.00      0.00     91.00      0.00      0.00      0.00
Average:          1      8.05      0.00     91.95      0.00      0.00      0.00
