Linux 3.14.33-regular (node220-2) 	01/03/2017 	_x86_64_	(8 CPU)

12:16:26 AM     CPU     %user     %nice   %system   %iowait    %steal     %idle
12:16:27 AM       1      6.00      0.00     94.00      0.00      0.00      0.00
12:16:28 AM       1      6.86      0.00     93.14      0.00      0.00      0.00
12:16:29 AM       1      7.07      0.00     92.93      0.00      0.00      0.00
12:16:30 AM       1     10.00      0.00     90.00      0.00      0.00      0.00
12:16:31 AM       1      9.00      0.00     91.00      0.00      0.00      0.00
12:16:32 AM       1      7.07      0.00     92.93      0.00      0.00      0.00
12:16:33 AM       1      9.80      0.00     90.20      0.00      0.00      0.00
12:16:34 AM       1      7.07      0.00     92.93      0.00      0.00      0.00
12:16:35 AM       1      8.91      0.00     91.09      0.00      0.00      0.00
12:16:36 AM       1      9.18      0.00     90.82      0.00      0.00      0.00
12:16:37 AM       1      6.93      0.00     93.07      0.00      0.00      0.00
12:16:38 AM       1      8.00      0.00     92.00      0.00      0.00      0.00
12:16:39 AM       1      5.00      0.00     95.00      0.00      0.00      0.00
12:16:40 AM       1     10.10      0.00     89.90      0.00      0.00      0.00
12:16:41 AM       1      5.94      0.00     94.06      0.00      0.00      0.00
12:16:42 AM       1     11.00      0.00     89.00      0.00      0.00      0.00
12:16:43 AM       1      9.00      0.00     91.00      0.00      0.00      0.00
12:16:44 AM       1      9.00      0.00     91.00      0.00      0.00      0.00
12:16:45 AM       1      6.00      0.00     94.00      0.00      0.00      0.00
12:16:46 AM       1      6.93      0.00     93.07      0.00      0.00      0.00
Average:          1      7.94      0.00     92.06      0.00      0.00      0.00
